There are 3 agents who believe in con
There are 4 agents who believe in pro
There are 13 agents who are neutral 

Iteration 1: [0.38734038902395623, 0.20440684630822958, 0.08898384827272277, 0.46473294448322167, 0.19837269059821938, 0.40171298642694026, 0.4962958445503874, 0.36845845071568667, 0.48524233615169715, 0.5906741357847941, 0.3168286670841641, 0.4544972240385892, 0.5450053553367457, 0.391967332102315, 0.0486564669299527, 0.49688135402720746, 0.34489784991508216, 0.3864753834858807, 0.41501581470919485, 0.5035268786891557]
Iteration 2: [0.38734038902395623, 0.20440684630822958, 0.08898384827272277, 0.43909349306085443, 0.19837269059821938, 0.40171298642694026, 0.4962958445503874, 0.36845845071568667, 0.48524233615169715, 0.5906741357847941, 0.3168286670841641, 0.4544972240385892, 0.5450053553367457, 0.391967332102315, 0.0486564669299527, 0.49688135402720746, 0.41597607507941703, 0.3864753834858807, 0.41501581470919485, 0.5035268786891557]
Iteration 3: [0.38734038902395623, 0.20440684630822958, 0.08898384827272277, 0.43909349306085443, 0.19837269059821938, 0.6203279957566169, 0.4962958445503874, 0.36845845071568667, 0.48524233615169715, 0.5906741357847941, 0.3168286670841641, 0.45064463596947246, 0.5450053553367457, 0.391967332102315, 0.0486564669299527, 0.49688135402720746, 0.41597607507941703, 0.3864753834858807, 0.41501581470919485, 0.5035268786891557]
Iteration 4: [0.38734038902395623, 0.20440684630822958, 0.08898384827272277, 0.43909349306085443, 0.19837269059821938, 0.6203279957566169, 0.4962958445503874, 0.36845845071568667, 0.48524233615169715, 0.5906741357847941, 0.3168286670841641, 0.45064463596947246, 0.5450053553367457, 0.391967332102315, 0.0486564669299527, 0.6246927716383956, 0.41597607507941703, 0.3864753834858807, 0.41501581470919485, 0.5359003026074142]
Iteration 5: [0.38734038902395623, 0.20440684630822958, 0.3704693284766219, 0.43909349306085443, 0.19837269059821938, 0.6203279957566169, 0.4962958445503874, 0.36845845071568667, 0.48524233615169715, 0.5404641054088369, 0.3168286670841641, 0.45064463596947246, 0.5450053553367457, 0.391967332102315, 0.0486564669299527, 0.6246927716383956, 0.41597607507941703, 0.3864753834858807, 0.41501581470919485, 0.5359003026074142]
Iteration 6: [0.38734038902395623, 0.20440684630822958, 0.3704693284766219, 0.43909349306085443, 0.19837269059821938, 0.6203279957566169, 0.4962958445503874, 0.36845845071568667, 0.48524233615169715, 0.5404641054088369, 0.3168286670841641, 0.45064463596947246, 0.5450053553367457, 0.391967332102315, 0.0486564669299527, 0.49339365164613563, 0.47477874278277515, 0.3864753834858807, 0.41501581470919485, 0.5359003026074142]
Iteration 7: [0.38734038902395623, 0.20440684630822958, 0.3704693284766219, 0.43909349306085443, 0.19837269059821938, 0.6203279957566169, 0.4962958445503874, 0.36845845071568667, 0.48524233615169715, 0.5404641054088369, 0.3168286670841641, 0.45064463596947246, 0.5450053553367457, 0.391967332102315, 0.0486564669299527, 0.49339365164613563, 0.47477874278277515, 0.21846193730800814, 0.41501581470919485, 0.5359003026074142]
Iteration 8: [0.38734038902395623, 0.20440684630822958, 0.3704693284766219, 0.43909349306085443, 0.40813460131204354, 0.6203279957566169, 0.4962958445503874, 0.36845845071568667, 0.48524233615169715, 0.5404641054088369, 0.3168286670841641, 0.45064463596947246, 0.5450053553367457, 0.391967332102315, 0.0486564669299527, 0.49339365164613563, 0.47477874278277515, 0.21846193730800814, 0.41501581470919485, 0.5359003026074142]
Iteration 9: [0.38734038902395623, 0.20440684630822958, 0.359222889376842, 0.43909349306085443, 0.40813460131204354, 0.6203279957566169, 0.4962958445503874, 0.36845845071568667, 0.48524233615169715, 0.5404641054088369, 0.3168286670841641, 0.45064463596947246, 0.4330737791165133, 0.391967332102315, 0.0486564669299527, 0.49339365164613563, 0.47477874278277515, 0.21846193730800814, 0.41501581470919485, 0.5359003026074142]
Iteration 10: [0.38734038902395623, 0.3570612204777772, 0.359222889376842, 0.43909349306085443, 0.40813460131204354, 0.6203279957566169, 0.4962958445503874, 0.36845845071568667, 0.48524233615169715, 0.5404641054088369, 0.3168286670841641, 0.45064463596947246, 0.4330737791165133, 0.39634475110828304, 0.0486564669299527, 0.49339365164613563, 0.47477874278277515, 0.21846193730800814, 0.41501581470919485, 0.5359003026074142]
Iteration 11: [0.38734038902395623, 0.3570612204777772, 0.359222889376842, 0.43909349306085443, 0.40813460131204354, 0.6203279957566169, 0.4962958445503874, 0.36845845071568667, 0.48524233615169715, 0.6625351749599678, 0.3168286670841641, 0.4312160950227552, 0.4330737791165133, 0.39634475110828304, 0.0486564669299527, 0.49339365164613563, 0.47477874278277515, 0.21846193730800814, 0.41501581470919485, 0.5359003026074142]
Iteration 12: [0.38734038902395623, 0.3570612204777772, 0.359222889376842, 0.43909349306085443, 0.40813460131204354, 0.6427786386897285, 0.4962958445503874, 0.36845845071568667, 0.48524233615169715, 0.6625351749599678, 0.3168286670841641, 0.4312160950227552, 0.4330737791165133, 0.39634475110828304, 0.0486564669299527, 0.49339365164613563, 0.47477874278277515, 0.3534161142596523, 0.41501581470919485, 0.5359003026074142]
Iteration 13: [0.46292634230324076, 0.3570612204777772, 0.359222889376842, 0.43909349306085443, 0.40813460131204354, 0.6427786386897285, 0.4962958445503874, 0.36845845071568667, 0.48524233615169715, 0.6625351749599678, 0.3168286670841641, 0.4312160950227552, 0.4330737791165133, 0.39634475110828304, 0.13629330137414633, 0.49339365164613563, 0.47477874278277515, 0.3534161142596523, 0.41501581470919485, 0.5359003026074142]
Iteration 14: [0.46292634230324076, 0.3570612204777772, 0.359222889376842, 0.43909349306085443, 0.40813460131204354, 0.5815310992335087, 0.4962958445503874, 0.36845845071568667, 0.48524233615169715, 0.6625351749599678, 0.3168286670841641, 0.4312160950227552, 0.35402653205119455, 0.39634475110828304, 0.13629330137414633, 0.49339365164613563, 0.47477874278277515, 0.3534161142596523, 0.41501581470919485, 0.5359003026074142]
Iteration 15: [0.46292634230324076, 0.3570612204777772, 0.359222889376842, 0.39551979542226273, 0.40813460131204354, 0.5815310992335087, 0.4962958445503874, 0.2950094016377317, 0.48524233615169715, 0.6625351749599678, 0.3168286670841641, 0.4312160950227552, 0.35402653205119455, 0.39634475110828304, 0.13629330137414633, 0.49339365164613563, 0.47477874278277515, 0.3534161142596523, 0.41501581470919485, 0.5359003026074142]
Iteration 16: [0.46292634230324076, 0.3570612204777772, 0.359222889376842, 0.39551979542226273, 0.40813460131204354, 0.5815310992335087, 0.4962958445503874, 0.2950094016377317, 0.48524233615169715, 0.6625351749599678, 0.39472562137732825, 0.4319055674526796, 0.35402653205119455, 0.39634475110828304, 0.13629330137414633, 0.49339365164613563, 0.47477874278277515, 0.3534161142596523, 0.41501581470919485, 0.5359003026074142]
Iteration 17: [0.46292634230324076, 0.4392753393348641, 0.359222889376842, 0.39551979542226273, 0.40813460131204354, 0.5815310992335087, 0.4962958445503874, 0.2950094016377317, 0.48524233615169715, 0.6606737572172454, 0.39472562137732825, 0.4319055674526796, 0.35402653205119455, 0.39634475110828304, 0.13629330137414633, 0.49339365164613563, 0.47477874278277515, 0.3534161142596523, 0.41501581470919485, 0.5359003026074142]
Iteration 18: [0.46292634230324076, 0.4392753393348641, 0.359222889376842, 0.39551979542226273, 0.40813460131204354, 0.5815310992335087, 0.4962958445503874, 0.2950094016377317, 0.48524233615169715, 0.6606737572172454, 0.39472562137732825, 0.4319055674526796, 0.35402653205119455, 0.39634475110828304, 0.13629330137414633, 0.49339365164613563, 0.037533822099300417, 0.3576072847975736, 0.41501581470919485, 0.5359003026074142]
Iteration 19: [0.46292634230324076, 0.4392753393348641, 0.359222889376842, 0.39551979542226273, 0.40813460131204354, 0.5815310992335087, 0.4962958445503874, 0.2950094016377317, 0.48524233615169715, 0.6606737572172454, 0.39472562137732825, 0.4319055674526796, 0.35402653205119455, 0.39634475110828304, 0.13629330137414633, 0.49339365164613563, 0.43627383501506006, 0.3576072847975736, 0.43478472309802896, 0.5359003026074142]
Iteration 20: [0.46292634230324076, 0.4392753393348641, 0.359222889376842, 0.39551979542226273, 0.40813460131204354, 0.5815310992335087, 0.4962958445503874, 0.21716429562197886, 0.48524233615169715, 0.6606737572172454, 0.39472562137732825, 0.4319055674526796, 0.35402653205119455, 0.39634475110828304, 0.13629330137414633, 0.49339365164613563, 0.42491286282457924, 0.3576072847975736, 0.43478472309802896, 0.5359003026074142]
Iteration 21: [0.46292634230324076, 0.4392753393348641, 0.359222889376842, 0.39551979542226273, 0.40813460131204354, 0.5815310992335087, 0.4962958445503874, 0.21716429562197886, 0.48524233615169715, 0.6606737572172454, 0.39472562137732825, 0.4319055674526796, 0.35402653205119455, 0.39634475110828304, 0.13629330137414633, 0.4832441740013809, 0.42491286282457924, 0.3157733726509623, 0.43478472309802896, 0.5359003026074142]
Iteration 22: [0.46292634230324076, 0.4392753393348641, 0.359222889376842, 0.39551979542226273, 0.40813460131204354, 0.5815310992335087, 0.6938929827074116, 0.21716429562197886, 0.48524233615169715, 0.6606737572172454, 0.39472562137732825, 0.4319055674526796, 0.35402653205119455, 0.39634475110828304, 0.13629330137414633, 0.4832441740013809, 0.42491286282457924, 0.3157733726509623, 0.43478472309802896, 0.37684438737767767]
Iteration 23: [0.46292634230324076, 0.4392753393348641, 0.359222889376842, 0.39551979542226273, 0.40813460131204354, 0.5815310992335087, 0.6938929827074116, 0.21716429562197886, 0.48524233615169715, 0.6606737572172454, 0.39472562137732825, 0.4319055674526796, 0.31901262793546076, 0.39634475110828304, 0.13629330137414633, 0.49027346850871534, 0.42491286282457924, 0.3157733726509623, 0.43478472309802896, 0.37684438737767767]
Iteration 24: [0.46292634230324076, 0.4392753393348641, 0.359222889376842, 0.39551979542226273, 0.40813460131204354, 0.5815310992335087, 0.6938929827074116, 0.21716429562197886, 0.48524233615169715, 0.6606737572172454, 0.39472562137732825, 0.4319055674526796, 0.32033233664363925, 0.39634475110828304, 0.13629330137414633, 0.3469802285267758, 0.42491286282457924, 0.3157733726509623, 0.43478472309802896, 0.37684438737767767]
Iteration 25: [0.46292634230324076, 0.4392753393348641, 0.359222889376842, 0.39551979542226273, 0.40813460131204354, 0.6209212154672482, 0.41769993825782054, 0.21716429562197886, 0.48524233615169715, 0.6606737572172454, 0.39472562137732825, 0.4319055674526796, 0.32033233664363925, 0.39634475110828304, 0.13629330137414633, 0.3469802285267758, 0.42491286282457924, 0.3157733726509623, 0.43478472309802896, 0.37684438737767767]
Iteration 26: [0.46292634230324076, 0.694557788605247, 0.359222889376842, 0.39551979542226273, 0.40813460131204354, 0.6209212154672482, 0.41769993825782054, 0.21716429562197886, 0.48524233615169715, 0.6606737572172454, 0.39472562137732825, 0.4319055674526796, 0.32033233664363925, 0.39634475110828304, 0.13629330137414633, 0.3469802285267758, 0.42491286282457924, 0.3157733726509623, 0.43478472309802896, 0.39699319062641086]
Iteration 27: [0.46292634230324076, 0.694557788605247, 0.3560992170163316, 0.43131646326082085, 0.40813460131204354, 0.6209212154672482, 0.41769993825782054, 0.21716429562197886, 0.48524233615169715, 0.6606737572172454, 0.39472562137732825, 0.4319055674526796, 0.32033233664363925, 0.39634475110828304, 0.13629330137414633, 0.3469802285267758, 0.42491286282457924, 0.3157733726509623, 0.43478472309802896, 0.39699319062641086]
Iteration 28: [0.46292634230324076, 0.694557788605247, 0.3560992170163316, 0.43131646326082085, 0.40813460131204354, 0.6209212154672482, 0.41769993825782054, 0.21716429562197886, 0.48524233615169715, 0.6606737572172454, 0.39472562137732825, 0.41661072306305635, 0.32033233664363925, 0.39634475110828304, 0.13629330137414633, 0.3469802285267758, 0.42491286282457924, 0.3157733726509623, 0.5213683893447755, 0.39699319062641086]
Iteration 29: [0.46292634230324076, 0.694557788605247, 0.3560992170163316, 0.43131646326082085, 0.40813460131204354, 0.6209212154672482, 0.41769993825782054, 0.21716429562197886, 0.48524233615169715, 0.6606737572172454, 0.39472562137732825, 0.41661072306305635, 0.32033233664363925, 0.4132121181168178, 0.13629330137414633, 0.3469802285267758, 0.42491286282457924, 0.3157733726509623, 0.5213683893447755, 0.39699319062641086]
Iteration 30: [0.46292634230324076, 0.694557788605247, 0.3560992170163316, 0.43131646326082085, 0.40813460131204354, 0.6209212154672482, 0.41769993825782054, 0.21716429562197886, 0.48524233615169715, 0.6606737572172454, 0.39472562137732825, 0.41661072306305635, 0.32033233664363925, 0.10672882406445153, 0.13629330137414633, 0.3469802285267758, 0.42491286282457924, 0.3157733726509623, 0.5213683893447755, 0.39699319062641086]
Iteration 31: [0.46292634230324076, 0.694557788605247, 0.3560992170163316, 0.43131646326082085, 0.40813460131204354, 0.6209212154672482, 0.41769993825782054, 0.21716429562197886, 0.48524233615169715, 0.6606737572172454, 0.39472562137732825, 0.41661072306305635, 0.3469169004927952, 0.10672882406445153, 0.13629330137414633, 0.3469802285267758, 0.4908068073449903, 0.3157733726509623, 0.5213683893447755, 0.39699319062641086]
Iteration 32: [0.46292634230324076, 0.694557788605247, 0.42043319846004473, 0.43131646326082085, 0.40813460131204354, 0.6133550304333408, 0.41769993825782054, 0.21716429562197886, 0.48524233615169715, 0.6606737572172454, 0.39472562137732825, 0.41661072306305635, 0.3469169004927952, 0.10672882406445153, 0.13629330137414633, 0.3469802285267758, 0.4908068073449903, 0.3157733726509623, 0.5213683893447755, 0.39699319062641086]
Iteration 33: [0.46292634230324076, 0.694557788605247, 0.42043319846004473, 0.43131646326082085, 0.40813460131204354, 0.6133550304333408, 0.41769993825782054, 0.21716429562197886, 0.48524233615169715, 0.6606737572172454, 0.39472562137732825, 0.41661072306305635, 0.3469169004927952, 0.10672882406445153, 0.13629330137414633, 0.3469802285267758, 0.4908068073449903, 0.3157733726509623, 0.5499670689927866, 0.39699319062641086]
Iteration 34: [0.46292634230324076, 0.694557788605247, 0.42043319846004473, 0.43131646326082085, 0.40813460131204354, 0.6133550304333408, 0.41769993825782054, 0.21716429562197886, 0.48524233615169715, 0.6606737572172454, 0.39472562137732825, 0.41661072306305635, 0.36763466750102486, 0.10672882406445153, 0.13629330137414633, 0.3469802285267758, 0.4908068073449903, 0.3157733726509623, 0.5344547183389644, 0.39699319062641086]
Iteration 35: [0.4558045391228683, 0.694557788605247, 0.42043319846004473, 0.43131646326082085, 0.40813460131204354, 0.6133550304333408, 0.41769993825782054, 0.21716429562197886, 0.48524233615169715, 0.6606737572172454, 0.39472562137732825, 0.41661072306305635, 0.36763466750102486, 0.31647787258058474, 0.13629330137414633, 0.3469802285267758, 0.4908068073449903, 0.3157733726509623, 0.5344547183389644, 0.39699319062641086]
Iteration 36: [0.4558045391228683, 0.694557788605247, 0.42043319846004473, 0.43131646326082085, 0.4047703570491564, 0.6133550304333408, 0.41769993825782054, 0.21716429562197886, 0.48524233615169715, 0.6606737572172454, 0.39472562137732825, 0.41661072306305635, 0.36763466750102486, 0.31647787258058474, 0.31243864834427876, 0.3469802285267758, 0.4908068073449903, 0.3157733726509623, 0.5344547183389644, 0.39699319062641086]
Iteration 37: [0.4558045391228683, 0.694557788605247, 0.42043319846004473, 0.43131646326082085, 0.4047703570491564, 0.610163034095456, 0.41769993825782054, 0.21716429562197886, 0.4326325171448952, 0.6606737572172454, 0.39472562137732825, 0.41661072306305635, 0.36763466750102486, 0.31647787258058474, 0.31243864834427876, 0.3469802285267758, 0.4908068073449903, 0.3157733726509623, 0.5344547183389644, 0.39699319062641086]
Iteration 38: [0.4558045391228683, 0.694557788605247, 0.42043319846004473, 0.43131646326082085, 0.4047703570491564, 0.610163034095456, 0.41769993825782054, 0.21716429562197886, 0.4326325171448952, 0.6606737572172454, 0.39472562137732825, 0.41661072306305635, 0.36763466750102486, 0.31647787258058474, 0.31243864834427876, 0.35238332808128425, 0.4908068073449903, 0.3157733726509623, 0.169225110339198, 0.39699319062641086]
Iteration 39: [0.4558045391228683, 0.694557788605247, 0.42043319846004473, 0.43131646326082085, 0.4047703570491564, 0.610163034095456, 0.41769993825782054, 0.22776702048506964, 0.4326325171448952, 0.6606737572172454, 0.39472562137732825, 0.41661072306305635, 0.36763466750102486, 0.31647787258058474, 0.31243864834427876, 0.35238332808128425, 0.4908068073449903, 0.3157733726509623, 0.169225110339198, 0.39699319062641086]
Iteration 40: [0.4558045391228683, 0.694557788605247, 0.42043319846004473, 0.43131646326082085, 0.4047703570491564, 0.610163034095456, 0.41769993825782054, 0.22776702048506964, 0.4326325171448952, 0.6606737572172454, 0.39472562137732825, 0.41661072306305635, 0.19731031557785064, 0.31647787258058474, 0.31243864834427876, 0.35238332808128425, 0.4908068073449903, 0.3157733726509623, 0.169225110339198, 0.39699319062641086]
Iteration 41: [0.4558045391228683, 0.36488018420197343, 0.42043319846004473, 0.43131646326082085, 0.4047703570491564, 0.610163034095456, 0.41769993825782054, 0.22776702048506964, 0.4326325171448952, 0.6606737572172454, 0.39472562137732825, 0.41661072306305635, 0.19731031557785064, 0.31647787258058474, 0.31243864834427876, 0.35238332808128425, 0.4908068073449903, 0.3157733726509623, 0.169225110339198, 0.39699319062641086]
Iteration 42: [0.4558045391228683, 0.36488018420197343, 0.42043319846004473, 0.43131646326082085, 0.4047703570491564, 0.610163034095456, 0.41769993825782054, 0.22776702048506964, 0.4326325171448952, 0.6606737572172454, 0.39472562137732825, 0.41661072306305635, 0.19731031557785064, 0.31647787258058474, 0.31243864834427876, 0.35238332808128425, 0.4908068073449903, 0.3576072847975736, 0.169225110339198, 0.39699319062641086]
Iteration 43: [0.4558045391228683, 0.36488018420197343, 0.42043319846004473, 0.43131646326082085, 0.4047703570491564, 0.610163034095456, 0.41769993825782054, 0.22776702048506964, 0.4326325171448952, 0.6606737572172454, 0.39472562137732825, 0.41661072306305635, 0.19731031557785064, 0.31647787258058474, 0.31243864834427876, 0.35238332808128425, 0.48096825703697016, 0.3576072847975736, 0.169225110339198, 0.39699319062641086]
Iteration 44: [0.4558045391228683, 0.36488018420197343, 0.42043319846004473, 0.43131646326082085, 0.4047703570491564, 0.5988840093166278, 0.41769993825782054, 0.22776702048506964, 0.4326325171448952, 0.67950881800057, 0.39472562137732825, 0.41661072306305635, 0.19731031557785064, 0.31647787258058474, 0.31243864834427876, 0.35238332808128425, 0.48096825703697016, 0.3576072847975736, 0.169225110339198, 0.39699319062641086]
Iteration 45: [0.4558045391228683, 0.36488018420197343, 0.42043319846004473, 0.43131646326082085, 0.4047703570491564, 0.5988840093166278, 0.41769993825782054, 0.2734784277905597, 0.4326325171448952, 0.67950881800057, 0.39472562137732825, 0.41661072306305635, 0.19731031557785064, 0.2718912528134977, 0.31243864834427876, 0.35238332808128425, 0.48096825703697016, 0.3576072847975736, 0.169225110339198, 0.39699319062641086]
Iteration 46: [0.4558045391228683, 0.36488018420197343, 0.42043319846004473, 0.43131646326082085, 0.4047703570491564, 0.5988840093166278, 0.41769993825782054, 0.34088175245017227, 0.4326325171448952, 0.67950881800057, 0.39472562137732825, 0.41661072306305635, 0.19731031557785064, 0.39296911115547695, 0.31243864834427876, 0.35238332808128425, 0.48096825703697016, 0.3576072847975736, 0.169225110339198, 0.39699319062641086]
Iteration 47: [0.4558045391228683, 0.36488018420197343, 0.42043319846004473, 0.43131646326082085, 0.4047703570491564, 0.5988840093166278, 0.41769993825782054, 0.34088175245017227, 0.4457970283246315, 0.67950881800057, 0.4134261416328308, 0.41661072306305635, 0.19731031557785064, 0.39296911115547695, 0.31243864834427876, 0.35238332808128425, 0.48096825703697016, 0.3576072847975736, 0.169225110339198, 0.39699319062641086]
Iteration 48: [0.4558045391228683, 0.36488018420197343, 0.46552743822940457, 0.43131646326082085, 0.4047703570491564, 0.5988840093166278, 0.41769993825782054, 0.34088175245017227, 0.4457970283246315, 0.67950881800057, 0.4134261416328308, 0.41661072306305635, 0.19731031557785064, 0.39296911115547695, 0.31243864834427876, 0.35238332808128425, 0.48096825703697016, 0.3576072847975736, 0.169225110339198, 0.4120470560897]
Iteration 49: [0.4328117667037293, 0.36488018420197343, 0.46552743822940457, 0.43131646326082085, 0.4047703570491564, 0.5988840093166278, 0.41769993825782054, 0.34088175245017227, 0.4457970283246315, 0.67950881800057, 0.4134261416328308, 0.41661072306305635, 0.19731031557785064, 0.39296911115547695, 0.31243864834427876, 0.35238332808128425, 0.48096825703697016, 0.3576072847975736, 0.8193996371560465, 0.4120470560897]
Iteration 50: [0.4328117667037293, 0.36488018420197343, 0.46552743822940457, 0.43131646326082085, 0.4047703570491564, 0.5988840093166278, 0.41769993825782054, 0.34088175245017227, 0.4457970283246315, 0.67950881800057, 0.6101980539005528, 0.41661072306305635, 0.3769427035464549, 0.39296911115547695, 0.31243864834427876, 0.35238332808128425, 0.48096825703697016, 0.3576072847975736, 0.8193996371560465, 0.4120470560897]
Iteration 51: [0.4328117667037293, 0.36488018420197343, 0.46552743822940457, 0.43131646326082085, 0.4047703570491564, 0.5988840093166278, 0.41769993825782054, 0.34088175245017227, 0.4457970283246315, 0.67950881800057, 0.3690649973077577, 0.4995794917940998, 0.3769427035464549, 0.39296911115547695, 0.31243864834427876, 0.35238332808128425, 0.48096825703697016, 0.3576072847975736, 0.8193996371560465, 0.4120470560897]
Iteration 52: [0.4328117667037293, 0.36488018420197343, 0.5000484958191476, 0.43131646326082085, 0.4047703570491564, 0.5988840093166278, 0.45744818901128365, 0.34088175245017227, 0.4457970283246315, 0.67950881800057, 0.3690649973077577, 0.4995794917940998, 0.3769427035464549, 0.39296911115547695, 0.31243864834427876, 0.35238332808128425, 0.48096825703697016, 0.3576072847975736, 0.8193996371560465, 0.4120470560897]
Iteration 53: [0.4328117667037293, 0.36488018420197343, 0.5000484958191476, 0.43131646326082085, 0.4047703570491564, 0.5988840093166278, 0.45744818901128365, 0.34088175245017227, 0.4457970283246315, 0.67950881800057, 0.4854742990490858, 0.4995794917940998, 0.3769427035464549, 0.39296911115547695, 0.31243864834427876, 0.35238332808128425, 0.48096825703697016, 0.3576072847975736, 0.8193996371560465, 0.4120470560897]
Iteration 54: [0.4328117667037293, 0.36488018420197343, 0.5000484958191476, 0.43131646326082085, 0.4047703570491564, 0.5988840093166278, 0.45744818901128365, 0.34088175245017227, 0.4457970283246315, 0.67950881800057, 0.4854742990490858, 0.4995794917940998, 0.3769427035464549, 0.39296911115547695, 0.31243864834427876, 0.35238332808128425, 0.48096825703697016, 0.3576072847975736, 0.5715437611429673, 0.4120470560897]
Iteration 55: [0.4328117667037293, 0.3371450656374502, 0.5000484958191476, 0.43131646326082085, 0.4047703570491564, 0.5988840093166278, 0.45744818901128365, 0.34088175245017227, 0.4457970283246315, 0.67950881800057, 0.4854742990490858, 0.4995794917940998, 0.3769427035464549, 0.39296911115547695, 0.31243864834427876, 0.5166907050702316, 0.48096825703697016, 0.3576072847975736, 0.5715437611429673, 0.4120470560897]
Iteration 56: [0.4328117667037293, 0.3371450656374502, 0.5000484958191476, 0.43131646326082085, 0.4047703570491564, 0.5988840093166278, 0.45744818901128365, 0.34088175245017227, 0.4457970283246315, 0.67950881800057, 0.4854742990490858, 0.5410228014629678, 0.4208211942795744, 0.39296911115547695, 0.31243864834427876, 0.5166907050702316, 0.48096825703697016, 0.3576072847975736, 0.5715437611429673, 0.4120470560897]
Iteration 57: [0.4328117667037293, 0.3371450656374502, 0.5000484958191476, 0.43131646326082085, 0.4047703570491564, 0.5586465533980168, 0.45744818901128365, 0.34088175245017227, 0.4457970283246315, 0.67950881800057, 0.4854742990490858, 0.4873114480721867, 0.4208211942795744, 0.39296911115547695, 0.31243864834427876, 0.5166907050702316, 0.48096825703697016, 0.3576072847975736, 0.5715437611429673, 0.4120470560897]
Iteration 58: [0.4328117667037293, 0.3371450656374502, 0.5000484958191476, 0.43131646326082085, 0.4047703570491564, 0.5586465533980168, 0.45744818901128365, 0.34088175245017227, 0.4457970283246315, 0.67950881800057, 0.4854742990490858, 0.4873114480721867, 0.4208211942795744, 0.5308511313740666, 0.31243864834427876, 0.5166907050702316, 0.48096825703697016, 0.3576072847975736, 0.5715437611429673, 0.4120470560897]
Iteration 59: [0.4328117667037293, 0.3371450656374502, 0.5244660629651673, 0.43131646326082085, 0.4047703570491564, 0.5586465533980168, 0.45744818901128365, 0.34088175245017227, 0.4457970283246315, 0.67950881800057, 0.4854742990490858, 0.4873114480721867, 0.4208211942795744, 0.5308511313740666, 0.3909015460159451, 0.5166907050702316, 0.48096825703697016, 0.3576072847975736, 0.5715437611429673, 0.4120470560897]
Iteration 60: [0.4328117667037293, 0.3371450656374502, 0.5244660629651673, 0.43131646326082085, 0.4047703570491564, 0.5586465533980168, 0.45744818901128365, 0.3661812712647488, 0.4457970283246315, 0.67950881800057, 0.4854742990490858, 0.4873114480721867, 0.4208211942795744, 0.5308511313740666, 0.3909015460159451, 0.5166907050702316, 0.48096825703697016, 0.3576072847975736, 0.5715437611429673, 0.4120470560897]
Iteration 61: [0.4328117667037293, 0.3371450656374502, 0.5244660629651673, 0.43131646326082085, 0.4047703570491564, 0.5586465533980168, 0.28595946713134696, 0.3661812712647488, 0.4457970283246315, 0.67950881800057, 0.4854742990490858, 0.4873114480721867, 0.4208211942795744, 0.5308511313740666, 0.3909015460159451, 0.5166907050702316, 0.48096825703697016, 0.3576072847975736, 0.5715437611429673, 0.34455817914377274]
Iteration 62: [0.4328117667037293, 0.3371450656374502, 0.5244660629651673, 0.43131646326082085, 0.40024475132306714, 0.5586465533980168, 0.28595946713134696, 0.3661812712647488, 0.4457970283246315, 0.67950881800057, 0.4854742990490858, 0.4873114480721867, 0.4208211942795744, 0.5308511313740666, 0.3909015460159451, 0.5166907050702316, 0.48096825703697016, 0.3576072847975736, 0.5715437611429673, 0.34455817914377274]
Iteration 63: [0.4328117667037293, 0.3371450656374502, 0.5244660629651673, 0.5021186194991295, 0.40024475132306714, 0.5586465533980168, 0.5077053639958584, 0.3661812712647488, 0.4457970283246315, 0.67950881800057, 0.4854742990490858, 0.4873114480721867, 0.4208211942795744, 0.5308511313740666, 0.3909015460159451, 0.5166907050702316, 0.48096825703697016, 0.3576072847975736, 0.5715437611429673, 0.34455817914377274]
Iteration 64: [0.46465275713287213, 0.3371450656374502, 0.5244660629651673, 0.5021186194991295, 0.40024475132306714, 0.5586465533980168, 0.5077053639958584, 0.3661812712647488, 0.4457970283246315, 0.67950881800057, 0.4854742990490858, 0.4873114480721867, 0.4208211942795744, 0.5308511313740666, 0.3909015460159451, 0.5166907050702316, 0.48096825703697016, 0.3576072847975736, 0.5715437611429673, 0.34455817914377274]
Iteration 65: [0.46465275713287213, 0.3371450656374502, 0.5244660629651673, 0.5021186194991295, 0.451892034208766, 0.5586465533980168, 0.5077053639958584, 0.3661812712647488, 0.4457970283246315, 0.67950881800057, 0.4854742990490858, 0.5179498658823938, 0.4208211942795744, 0.5308511313740666, 0.3909015460159451, 0.5166907050702316, 0.48096825703697016, 0.3576072847975736, 0.5715437611429673, 0.34455817914377274]
Iteration 66: [0.46465275713287213, 0.3371450656374502, 0.5244660629651673, 0.5021186194991295, 0.451892034208766, 0.5586465533980168, 0.5077053639958584, 0.5086955687394271, 0.4232126196704428, 0.67950881800057, 0.4854742990490858, 0.5179498658823938, 0.4208211942795744, 0.5308511313740666, 0.3909015460159451, 0.5166907050702316, 0.48096825703697016, 0.3576072847975736, 0.5715437611429673, 0.34455817914377274]
Iteration 67: [0.46465275713287213, 0.3371450656374502, 0.5244660629651673, 0.5021186194991295, 0.451892034208766, 0.5695967207056429, 0.5077053639958584, 0.5086955687394271, 0.4232126196704428, 0.67950881800057, 0.4854742990490858, 0.5179498658823938, 0.4208211942795744, 0.5308511313740666, 0.3909015460159451, 0.5166907050702316, 0.48096825703697016, 0.3576072847975736, 0.5715437611429673, 0.34455817914377274]
Iteration 68: [0.46465275713287213, 0.3371450656374502, 0.5244660629651673, 0.5021186194991295, 0.451892034208766, 0.5695967207056429, 0.5077053639958584, 0.4070737812596824, 0.4232126196704428, 0.67950881800057, 0.4854742990490858, 0.5179498658823938, 0.3111145523493671, 0.5308511313740666, 0.3909015460159451, 0.5166907050702316, 0.48096825703697016, 0.3576072847975736, 0.5715437611429673, 0.34455817914377274]
Iteration 69: [0.46465275713287213, 0.4675936403661757, 0.5244660629651673, 0.3799198558014361, 0.451892034208766, 0.5695967207056429, 0.5077053639958584, 0.4070737812596824, 0.4232126196704428, 0.67950881800057, 0.4854742990490858, 0.5179498658823938, 0.3111145523493671, 0.5308511313740666, 0.3909015460159451, 0.5166907050702316, 0.48096825703697016, 0.3576072847975736, 0.5715437611429673, 0.34455817914377274]
Iteration 70: [0.46465275713287213, 0.4675936403661757, 0.5244660629651673, 0.3799198558014361, 0.451892034208766, 0.5695967207056429, 0.5077053639958584, 0.4070737812596824, 0.4232126196704428, 0.6901656291111115, 0.4854742990490858, 0.5179498658823938, 0.3111145523493671, 0.5308511313740666, 0.3909015460159451, 0.5166907050702316, 0.48096825703697016, 0.354469700632092, 0.5715437611429673, 0.34455817914377274]
Iteration 71: [0.46465275713287213, 0.4675936403661757, 0.5244660629651673, 0.3799198558014361, 0.451892034208766, 0.5695967207056429, 0.5077053639958584, 0.4070737812596824, 0.4232126196704428, 0.6901656291111115, 0.4854742990490858, 0.42437035113731436, 0.3111145523493671, 0.5308511313740666, 0.3909015460159451, 0.47734004842059025, 0.48096825703697016, 0.354469700632092, 0.5715437611429673, 0.34455817914377274]
Iteration 72: [0.46465275713287213, 0.4675936403661757, 0.5244660629651673, 0.3799198558014361, 0.451892034208766, 0.5695967207056429, 0.5077053639958584, 0.4070737812596824, 0.4232126196704428, 0.6901656291111115, 0.4854742990490858, 0.42437035113731436, 0.3111145523493671, 0.5308511313740666, 0.34015886760339653, 0.47734004842059025, 0.48096825703697016, 0.354469700632092, 0.5715437611429673, 0.34455817914377274]
Iteration 73: [0.46465275713287213, 0.4675936403661757, 0.5345701266937417, 0.47653204490988416, 0.451892034208766, 0.5695967207056429, 0.5077053639958584, 0.4070737812596824, 0.4232126196704428, 0.6901656291111115, 0.4854742990490858, 0.42437035113731436, 0.3111145523493671, 0.5308511313740666, 0.34015886760339653, 0.47734004842059025, 0.48096825703697016, 0.354469700632092, 0.5715437611429673, 0.34455817914377274]
Iteration 74: [0.46465275713287213, 0.4675936403661757, 0.5345701266937417, 0.5238588018591596, 0.451892034208766, 0.5695967207056429, 0.5077053639958584, 0.4070737812596824, 0.4232126196704428, 0.6901656291111115, 0.4854742990490858, 0.42437035113731436, 0.3111145523493671, 0.5308511313740666, 0.34015886760339653, 0.47734004842059025, 0.18310071973310893, 0.354469700632092, 0.5715437611429673, 0.34455817914377274]
Iteration 75: [0.46465275713287213, 0.48875822613660275, 0.5345701266937417, 0.5238588018591596, 0.451892034208766, 0.5695967207056429, 0.5077053639958584, 0.4070737812596824, 0.4232126196704428, 0.6901656291111115, 0.4854742990490858, 0.4683847304882773, 0.3111145523493671, 0.5308511313740666, 0.34015886760339653, 0.47734004842059025, 0.18310071973310893, 0.354469700632092, 0.5715437611429673, 0.34455817914377274]
Iteration 76: [0.46465275713287213, 0.48875822613660275, 0.5345701266937417, 0.5238588018591596, 0.451892034208766, 0.5695967207056429, 0.5077053639958584, 0.4070737812596824, 0.3323667394755763, 0.6901656291111115, 0.4854742990490858, 0.4683847304882773, 0.3111145523493671, 0.5308511313740666, 0.34015886760339653, 0.492949982827035, 0.18310071973310893, 0.354469700632092, 0.5715437611429673, 0.34455817914377274]
Iteration 77: [0.46465275713287213, 0.48875822613660275, 0.5345701266937417, 0.530397658166128, 0.451892034208766, 0.5695967207056429, 0.5077053639958584, 0.4070737812596824, 0.3323667394755763, 0.6901656291111115, 0.4854742990490858, 0.4683847304882773, 0.3111145523493671, 0.5308511313740666, 0.34015886760339653, 0.492949982827035, 0.5834435110100623, 0.354469700632092, 0.5715437611429673, 0.34455817914377274]
Iteration 78: [0.46465275713287213, 0.48875822613660275, 0.5532327231530065, 0.530397658166128, 0.451892034208766, 0.5695967207056429, 0.5077053639958584, 0.4070737812596824, 0.3323667394755763, 0.6901656291111115, 0.4854742990490858, 0.4683847304882773, 0.3111145523493671, 0.5308511313740666, 0.34015886760339653, 0.492949982827035, 0.5834435110100623, 0.354469700632092, 0.5715437611429673, 0.34455817914377274]
Iteration 79: [0.46465275713287213, 0.48875822613660275, 0.5532327231530065, 0.530397658166128, 0.451892034208766, 0.5695967207056429, 0.5077053639958584, 0.4070737812596824, 0.3323667394755763, 0.7111920323950792, 0.4854742990490858, 0.4683847304882773, 0.3111145523493671, 0.9251129080718193, 0.34015886760339653, 0.492949982827035, 0.5834435110100623, 0.354469700632092, 0.5715437611429673, 0.34455817914377274]
Iteration 80: [0.46465275713287213, 0.48875822613660275, 0.5532327231530065, 0.530397658166128, 0.451892034208766, 0.6265657383141089, 0.5077053639958584, 0.4070737812596824, 0.3323667394755763, 0.7111920323950792, 0.4854742990490858, 0.4683847304882773, 0.3111145523493671, 0.9251129080718193, 0.34015886760339653, 0.492949982827035, 0.5834435110100623, 0.354469700632092, 0.5715437611429673, 0.34455817914377274]
Iteration 81: [0.46465275713287213, 0.48875822613660275, 0.5532327231530065, 0.530397658166128, 0.451892034208766, 0.6265657383141089, 0.5077053639958584, 0.4070737812596824, 0.3323667394755763, 0.7111920323950792, 0.4854742990490858, 0.4683847304882773, 0.3111145523493671, 0.9251129080718193, 0.34015886760339653, 0.492949982827035, 0.5834435110100623, 0.354469700632092, 0.5715437611429673, 0.34455817914377274]
Iteration 82: [0.46465275713287213, 0.48875822613660275, 0.5532327231530065, 0.4900549058972007, 0.451892034208766, 0.6265657383141089, 0.5077053639958584, 0.4070737812596824, 0.3323667394755763, 0.7111920323950792, 0.4854742990490858, 0.4683847304882773, 0.3111145523493671, 0.9251129080718193, 0.34015886760339653, 0.492949982827035, 0.5834435110100623, 0.354469700632092, 0.5715437611429673, 0.34455817914377274]
Iteration 83: [0.46465275713287213, 0.48875822613660275, 0.5532327231530065, 0.4900549058972007, 0.451892034208766, 0.6265657383141089, 0.5077053639958584, 0.4070737812596824, 0.2945557666003884, 0.7111920323950792, 0.4854742990490858, 0.4683847304882773, 0.3111145523493671, 0.9251129080718193, 0.34015886760339653, 0.5839365140188812, 0.5834435110100623, 0.354469700632092, 0.5715437611429673, 0.34455817914377274]
Iteration 84: [0.46465275713287213, 0.48875822613660275, 0.5532327231530065, 0.4900549058972007, 0.451892034208766, 0.6265657383141089, 0.5077053639958584, 0.4070737812596824, 0.2945557666003884, 0.7111920323950792, 0.4854742990490858, 0.4683847304882773, 0.3111145523493671, 0.9251129080718193, 0.34015886760339653, 0.471273811185043, 0.5834435110100623, 0.354469700632092, 0.5980866832268112, 0.34455817914377274]
Iteration 85: [0.46465275713287213, 0.48875822613660275, 0.5532327231530065, 0.4900549058972007, 0.451892034208766, 0.6265657383141089, 0.5077053639958584, 0.4070737812596824, 0.2945557666003884, 0.6360866988884328, 0.5246402388365562, 0.4683847304882773, 0.3111145523493671, 0.9251129080718193, 0.34015886760339653, 0.471273811185043, 0.5834435110100623, 0.354469700632092, 0.5980866832268112, 0.34455817914377274]
Iteration 86: [0.46465275713287213, 0.48875822613660275, 0.5354044153158434, 0.4900549058972007, 0.451892034208766, 0.6265657383141089, 0.5351452715833994, 0.4070737812596824, 0.2945557666003884, 0.6360866988884328, 0.5246402388365562, 0.4683847304882773, 0.3111145523493671, 0.9251129080718193, 0.34015886760339653, 0.471273811185043, 0.5834435110100623, 0.354469700632092, 0.5980866832268112, 0.34455817914377274]
Iteration 87: [0.46465275713287213, 0.48875822613660275, 0.5354044153158434, 0.4900549058972007, 0.5398169391019552, 0.6265657383141089, 0.5351452715833994, 0.4070737812596824, 0.2945557666003884, 0.6360866988884328, 0.5246402388365562, 0.4683847304882773, 0.3111145523493671, 0.9251129080718193, 0.34015886760339653, 0.471273811185043, 0.5834435110100623, 0.354469700632092, 0.5980866832268112, 0.34455817914377274]
Iteration 88: [0.46465275713287213, 0.48875822613660275, 0.5354044153158434, 0.4900549058972007, 0.5398169391019552, 0.6265657383141089, 0.5351452715833994, 0.4162307417027198, 0.2945557666003884, 0.6360866988884328, 0.4883751178017152, 0.4683847304882773, 0.3111145523493671, 0.9251129080718193, 0.34015886760339653, 0.471273811185043, 0.5834435110100623, 0.354469700632092, 0.5980866832268112, 0.34455817914377274]
Iteration 89: [0.46465275713287213, 0.48875822613660275, 0.5354044153158434, 0.4900549058972007, 0.5398169391019552, 0.6222104310058549, 0.5351452715833994, 0.4162307417027198, 0.2945557666003884, 0.6045492331098503, 0.4883751178017152, 0.4683847304882773, 0.3111145523493671, 0.9251129080718193, 0.34015886760339653, 0.471273811185043, 0.5834435110100623, 0.354469700632092, 0.5980866832268112, 0.34455817914377274]
Iteration 90: [0.46465275713287213, 0.48875822613660275, 0.8448521399707142, 0.4900549058972007, 0.5398169391019552, 0.6222104310058549, 0.5351452715833994, 0.4162307417027198, 0.2945557666003884, 0.6314570624529301, 0.4883751178017152, 0.4683847304882773, 0.3111145523493671, 0.9251129080718193, 0.34015886760339653, 0.471273811185043, 0.5834435110100623, 0.354469700632092, 0.5980866832268112, 0.34455817914377274]
Iteration 91: [0.46465275713287213, 0.48875822613660275, 0.8448521399707142, 0.4900549058972007, 0.5398169391019552, 0.6222104310058549, 0.5351452715833994, 0.4162307417027198, 0.2945557666003884, 0.6314570624529301, 0.4883751178017152, 0.4683847304882773, 0.3111145523493671, 0.9251129080718193, 0.429642878000161, 0.471273811185043, 0.5834435110100623, 0.354469700632092, 0.5980866832268112, 0.34455817914377274]
Iteration 92: [0.46465275713287213, 0.48875822613660275, 0.8448521399707142, 0.4900549058972007, 0.6878720407675092, 0.6222104310058549, 0.5351452715833994, 0.4162307417027198, 0.2945557666003884, 0.6314570624529301, 0.4883751178017152, 0.4683847304882773, 0.3111145523493671, 0.5520723363190021, 0.429642878000161, 0.471273811185043, 0.5834435110100623, 0.354469700632092, 0.5980866832268112, 0.34455817914377274]
Iteration 93: [0.46465275713287213, 0.48875822613660275, 0.5838790730958415, 0.4900549058972007, 0.5069786893958769, 0.6222104310058549, 0.5351452715833994, 0.4162307417027198, 0.2945557666003884, 0.6314570624529301, 0.4883751178017152, 0.4683847304882773, 0.3111145523493671, 0.5520723363190021, 0.429642878000161, 0.471273811185043, 0.5834435110100623, 0.354469700632092, 0.5980866832268112, 0.34455817914377274]
Iteration 94: [0.46465275713287213, 0.48875822613660275, 0.5838790730958415, 0.4900549058972007, 0.5069786893958769, 0.6222104310058549, 0.5351452715833994, 0.4162307417027198, 0.2945557666003884, 0.6314570624529301, 0.4883751178017152, 0.4683847304882773, 0.3111145523493671, 0.6750035770427338, 0.429642878000161, 0.471273811185043, 0.5834435110100623, 0.354469700632092, 0.6167140772513943, 0.34455817914377274]
Iteration 95: [0.46465275713287213, 0.48875822613660275, 0.5838790730958415, 0.4900549058972007, 0.5069786893958769, 0.6222104310058549, 0.5351452715833994, 0.4162307417027198, 0.2945557666003884, 0.6314570624529301, 0.4883751178017152, 0.4683847304882773, 0.3111145523493671, 0.6750035770427338, 0.429642878000161, 0.49229248078621196, 0.5834435110100623, 0.354469700632092, 0.6167140772513943, 0.34455817914377274]
Iteration 96: [0.5733601917686156, 0.48875822613660275, 0.5838790730958415, 0.4473746662917963, 0.5069786893958769, 0.6222104310058549, 0.5351452715833994, 0.4162307417027198, 0.2945557666003884, 0.6314570624529301, 0.4883751178017152, 0.4683847304882773, 0.3111145523493671, 0.6750035770427338, 0.429642878000161, 0.49229248078621196, 0.5834435110100623, 0.354469700632092, 0.6167140772513943, 0.34455817914377274]
Iteration 97: [0.5733601917686156, 0.48875822613660275, 0.5838790730958415, 0.4473746662917963, 0.5613943112767825, 0.6130052204550932, 0.5351452715833994, 0.4162307417027198, 0.2945557666003884, 0.6314570624529301, 0.4883751178017152, 0.4683847304882773, 0.3111145523493671, 0.6750035770427338, 0.429642878000161, 0.49229248078621196, 0.5834435110100623, 0.354469700632092, 0.6167140772513943, 0.34455817914377274]
Iteration 98: [0.5733601917686156, 0.48875822613660275, 0.5838790730958415, 0.4473746662917963, 0.5613943112767825, 0.6130052204550932, 0.5351452715833994, 0.4162307417027198, 0.2945557666003884, 0.6314570624529301, 0.4883751178017152, 0.4683847304882773, 0.3111145523493671, 0.6750035770427338, 0.429642878000161, 0.49229248078621196, 0.5834435110100623, 0.354469700632092, 0.6167140772513943, 0.34455817914377274]
Iteration 99: [0.5733601917686156, 0.48875822613660275, 0.5838790730958415, 0.4473746662917963, 0.5613943112767825, 0.6130052204550932, 0.416786508454345, 0.4162307417027198, 0.2945557666003884, 0.6314570624529301, 0.4883751178017152, 0.4683847304882773, 0.3111145523493671, 0.6750035770427338, 0.429642878000161, 0.49229248078621196, 0.5827296646102332, 0.354469700632092, 0.6167140772513943, 0.34455817914377274]
Iteration 100: [0.5733601917686156, 0.48875822613660275, 0.5838790730958415, 0.4473746662917963, 0.5613943112767825, 0.6130052204550932, 0.416786508454345, 0.4162307417027198, 0.2945557666003884, 0.6314570624529301, 0.4883751178017152, 0.4683847304882773, 0.3111145523493671, 0.6200190760503519, 0.429642878000161, 0.49229248078621196, 0.5827296646102332, 0.354469700632092, 0.6167140772513943, 0.34455817914377274]
Iteration 101: [0.5733601917686156, 0.48875822613660275, 0.5838790730958415, 0.4473746662917963, 0.5613943112767825, 0.6130052204550932, 0.416786508454345, 0.4162307417027198, 0.2945557666003884, 0.6314570624529301, 0.4883751178017152, 0.4683847304882773, 0.30115817196127914, 0.5931618990466944, 0.429642878000161, 0.49229248078621196, 0.5827296646102332, 0.354469700632092, 0.6167140772513943, 0.34455817914377274]
Iteration 102: [0.6870175870292847, 0.48875822613660275, 0.5838790730958415, 0.5539250748622404, 0.5613943112767825, 0.6130052204550932, 0.416786508454345, 0.4162307417027198, 0.2945557666003884, 0.6314570624529301, 0.4883751178017152, 0.4683847304882773, 0.30115817196127914, 0.5931618990466944, 0.429642878000161, 0.49229248078621196, 0.5827296646102332, 0.354469700632092, 0.6167140772513943, 0.34455817914377274]
Iteration 103: [0.6870175870292847, 0.48875822613660275, 0.5838790730958415, 0.5539250748622404, 0.5613943112767825, 0.6130052204550932, 0.416786508454345, 0.4162307417027198, 0.33961148588543294, 0.6314570624529301, 0.4883751178017152, 0.4683847304882773, 0.30115817196127914, 0.5881103509682348, 0.429642878000161, 0.49229248078621196, 0.5827296646102332, 0.354469700632092, 0.6167140772513943, 0.34455817914377274]
Iteration 104: [0.5488081532456563, 0.48875822613660275, 0.5838790730958415, 0.5539250748622404, 0.5613943112767825, 0.6130052204550932, 0.416786508454345, 0.4162307417027198, 0.33961148588543294, 0.6314570624529301, 0.4883751178017152, 0.4683847304882773, 0.30115817196127914, 0.5881103509682348, 0.429642878000161, 0.49229248078621196, 0.5827296646102332, 0.354469700632092, 0.6167140772513943, 0.2792629047254412]
Iteration 105: [0.5488081532456563, 0.48875822613660275, 0.11023281717772569, 0.5539250748622404, 0.5613943112767825, 0.6130052204550932, 0.416786508454345, 0.4162307417027198, 0.33961148588543294, 0.6314570624529301, 0.4883751178017152, 0.4683847304882773, 0.4705013897313623, 0.5881103509682348, 0.429642878000161, 0.49229248078621196, 0.5827296646102332, 0.354469700632092, 0.6167140772513943, 0.2792629047254412]
Iteration 106: [0.5488081532456563, 0.48875822613660275, 0.5838790730958415, 0.5539250748622404, 0.5613943112767825, 0.6130052204550932, 0.416786508454345, 0.4162307417027198, 0.33961148588543294, 0.6314570624529301, 0.4883751178017152, 0.4683847304882773, 0.4705013897313623, 0.5881103509682348, 0.429642878000161, 0.49229248078621196, 0.5827296646102332, 0.354469700632092, 0.6167140772513943, 0.2792629047254412]
Iteration 107: [0.5488081532456563, 0.48875822613660275, 0.5838790730958415, 0.5539250748622404, 0.5613943112767825, 0.6130052204550932, 0.416786508454345, 0.4162307417027198, 0.33961148588543294, 0.6314570624529301, 0.4883751178017152, 0.471339645536569, 0.4705013897313623, 0.5881103509682348, 0.429642878000161, 0.49229248078621196, 0.5827296646102332, 0.354469700632092, 0.6167140772513943, 0.2792629047254412]
Iteration 108: [0.5488081532456563, 0.48875822613660275, 0.5838790730958415, 0.5539250748622404, 0.5613943112767825, 0.6130052204550932, 0.416786508454345, 0.4162307417027198, 0.33961148588543294, 0.6314570624529301, 0.4883751178017152, 0.471339645536569, 0.4705013897313623, 0.5881103509682348, 0.429642878000161, 0.49229248078621196, 0.5827296646102332, 0.354469700632092, 0.6167140772513943, 0.304422626884702]
Iteration 109: [0.5488081532456563, 0.48875822613660275, 0.5838790730958415, 0.5539250748622404, 0.5613943112767825, 0.6130052204550932, 0.416786508454345, 0.4162307417027198, 0.3894593943099731, 0.6314570624529301, 0.4883751178017152, 0.471339645536569, 0.4705013897313623, 0.5881103509682348, 0.429642878000161, 0.49229248078621196, 0.5889638747767767, 0.354469700632092, 0.6167140772513943, 0.304422626884702]
Iteration 110: [0.5488081532456563, 0.18348814943859554, 0.5838790730958415, 0.5539250748622404, 0.5613943112767825, 0.6130052204550932, 0.416786508454345, 0.4162307417027198, 0.3894593943099731, 0.6314570624529301, 0.4883751178017152, 0.471339645536569, 0.4705013897313623, 0.5881103509682348, 0.429642878000161, 0.49229248078621196, 0.5889638747767767, 0.354469700632092, 0.5980866832268112, 0.304422626884702]
Iteration 111: [0.5488081532456563, 0.18348814943859554, 0.5838790730958415, 0.5539250748622404, 0.5613943112767825, 0.6130052204550932, 0.416786508454345, 0.4162307417027198, 0.3894593943099731, 0.6314570624529301, 0.4883751178017152, 0.471339645536569, 0.20151237510863648, 0.5881103509682348, 0.429642878000161, 0.49229248078621196, 0.5889638747767767, 0.354469700632092, 0.5980866832268112, 0.304422626884702]
Iteration 112: [0.5488081532456563, 0.18348814943859554, 0.5838790730958415, 0.5539250748622404, 0.5613943112767825, 0.6130052204550932, 0.416786508454345, 0.4162307417027198, 0.3894593943099731, 0.6314570624529301, 0.4883751178017152, 0.471339645536569, 0.20151237510863648, 0.5881103509682348, 0.429642878000161, 0.6389851567757463, 0.5889638747767767, 0.354469700632092, 0.5980866832268112, 0.44194270631988863]
Iteration 113: [0.5488081532456563, 0.49797189104791717, 0.5838790730958415, 0.5539250748622404, 0.5613943112767825, 0.6180594262495995, 0.416786508454345, 0.4162307417027198, 0.3894593943099731, 0.6314570624529301, 0.4883751178017152, 0.471339645536569, 0.20151237510863648, 0.5881103509682348, 0.429642878000161, 0.6389851567757463, 0.5889638747767767, 0.354469700632092, 0.5980866832268112, 0.44194270631988863]
Iteration 114: [0.5488081532456563, 0.49797189104791717, 0.5838790730958415, 0.5539250748622404, 0.5613943112767825, 0.6180594262495995, 0.416786508454345, 0.4726475829989094, 0.3894593943099731, 0.6314570624529301, 0.4883751178017152, 0.471339645536569, 0.20151237510863648, 0.5881103509682348, 0.429642878000161, 0.6389851567757463, 0.5889638747767767, 0.354469700632092, 0.5980866832268112, 0.536533673604438]
Iteration 115: [0.5488081532456563, 0.49797189104791717, 0.5838790730958415, 0.5539250748622404, 0.636568525156273, 0.6180594262495995, 0.416786508454345, 0.4726475829989094, 0.3894593943099731, 0.6314570624529301, 0.4883751178017152, 0.471339645536569, 0.20151237510863648, 0.5703202484556474, 0.429642878000161, 0.6389851567757463, 0.5889638747767767, 0.354469700632092, 0.5980866832268112, 0.536533673604438]
Iteration 116: [0.5488081532456563, 0.49797189104791717, 0.5838790730958415, 0.5539250748622404, 0.636568525156273, 0.6180594262495995, 0.416786508454345, 0.4726475829989094, 0.3894593943099731, 0.6314570624529301, 0.4883751178017152, 0.471339645536569, 0.20151237510863648, 0.5703202484556474, 0.429642878000161, 0.6389851567757463, 0.5889638747767767, 0.354469700632092, 0.5980866832268112, 0.536533673604438]
Iteration 117: [0.5488081532456563, 0.49797189104791717, 0.5838790730958415, 0.5539250748622404, 0.636568525156273, 0.6180594262495995, 0.416786508454345, 0.4726475829989094, 0.3894593943099731, 0.6314570624529301, 0.4883751178017152, 0.471339645536569, 0.20151237510863648, 0.5703202484556474, 0.429642878000161, 0.6389851567757463, 0.4179862010322269, 0.354469700632092, 0.5980866832268112, 0.536533673604438]
Iteration 118: [0.5496548011995445, 0.49797189104791717, 0.5838790730958415, 0.5539250748622404, 0.636568525156273, 0.5491910927222838, 0.416786508454345, 0.4726475829989094, 0.3894593943099731, 0.6314570624529301, 0.4883751178017152, 0.471339645536569, 0.20151237510863648, 0.5703202484556474, 0.429642878000161, 0.6389851567757463, 0.4179862010322269, 0.354469700632092, 0.5980866832268112, 0.536533673604438]
Iteration 119: [0.5496548011995445, 0.49797189104791717, 0.5838790730958415, 0.5539250748622404, 0.636568525156273, 0.5491910927222838, 0.416786508454345, 0.4726475829989094, 0.3894593943099731, 0.6314570624529301, 0.5106491532328509, 0.471339645536569, 0.20151237510863648, 0.5703202484556474, 0.429642878000161, 0.6389851567757463, 0.4280463159163167, 0.354469700632092, 0.5980866832268112, 0.536533673604438]
Iteration 120: [0.5496548011995445, 0.49797189104791717, 0.5838790730958415, 0.5539250748622404, 0.636568525156273, 0.5491910927222838, 0.416786508454345, 0.4726475829989094, 0.3894593943099731, 0.6314570624529301, 0.5106491532328509, 0.471339645536569, 0.20151237510863648, 0.5559810382464851, 0.429642878000161, 0.6389851567757463, 0.4280463159163167, 0.354469700632092, 0.5980866832268112, 0.536533673604438]
Iteration 121: [0.5496548011995445, 0.49797189104791717, 0.5838790730958415, 0.5590548279826604, 0.636568525156273, 0.5491910927222838, 0.416786508454345, 0.4726475829989094, 0.3894593943099731, 0.6314570624529301, 0.5106491532328509, 0.471339645536569, 0.20151237510863648, 0.5559810382464851, 0.429642878000161, 0.3968467360879624, 0.4280463159163167, 0.354469700632092, 0.5980866832268112, 0.536533673604438]
Iteration 122: [0.5496548011995445, 0.49797189104791717, 0.5838790730958415, 0.5590548279826604, 0.636568525156273, 0.5491910927222838, 0.416786508454345, 0.5273744269240316, 0.3894593943099731, 0.6314570624529301, 0.5106491532328509, 0.471339645536569, 0.20151237510863648, 0.5559810382464851, 0.429642878000161, 0.3968467360879624, 0.4280463159163167, 0.354469700632092, 0.5714274946007666, 0.536533673604438]
Iteration 123: [0.5496548011995445, 0.49797189104791717, 0.5838790730958415, 0.5590548279826604, 0.556023617543175, 0.5491910927222838, 0.416786508454345, 0.5273744269240316, 0.3894593943099731, 0.6314570624529301, 0.08276839142532834, 0.471339645536569, 0.20151237510863648, 0.5559810382464851, 0.429642878000161, 0.3968467360879624, 0.4280463159163167, 0.354469700632092, 0.5714274946007666, 0.536533673604438]
Iteration 124: [0.5496548011995445, 0.49797189104791717, 0.5838790730958415, 0.5590548279826604, 0.556023617543175, 0.5491910927222838, 0.416786508454345, 0.5273744269240316, 0.3894593943099731, 0.6314570624529301, 0.08276839142532834, 0.5286213177209234, 0.3918914116005641, 0.5559810382464851, 0.429642878000161, 0.3968467360879624, 0.4280463159163167, 0.354469700632092, 0.5714274946007666, 0.536533673604438]
Iteration 125: [0.5496548011995445, 0.49797189104791717, 0.5838790730958415, 0.5590548279826604, 0.5729387800560684, 0.5491910927222838, 0.416786508454345, 0.5273744269240316, 0.3894593943099731, 0.6314570624529301, 0.08276839142532834, 0.5286213177209234, 0.3918914116005641, 0.5559810382464851, 0.429642878000161, 0.3968467360879624, 0.4280463159163167, 0.354469700632092, 0.08181415765775024, 0.536533673604438]
Iteration 126: [0.5496548011995445, 0.49797189104791717, 0.5838790730958415, 0.5590548279826604, 0.5729387800560684, 0.5491910927222838, 0.416786508454345, 0.5273744269240316, 0.3894593943099731, 0.6314570624529301, 0.4949348500933178, 0.5286213177209234, 0.3918914116005641, 0.5559810382464851, 0.394922410032015, 0.3968467360879624, 0.4280463159163167, 0.354469700632092, 0.08181415765775024, 0.536533673604438]
Iteration 127: [0.5496548011995445, 0.49797189104791717, 0.5838790730958415, 0.591010887352275, 0.5729387800560684, 0.7205925833057241, 0.416786508454345, 0.5273744269240316, 0.3894593943099731, 0.6314570624529301, 0.4949348500933178, 0.5286213177209234, 0.3918914116005641, 0.5559810382464851, 0.394922410032015, 0.3968467360879624, 0.4280463159163167, 0.354469700632092, 0.08181415765775024, 0.536533673604438]
Iteration 128: [0.5496548011995445, 0.49797189104791717, 0.5838790730958415, 0.591010887352275, 0.5729387800560684, 0.7205925833057241, 0.416786508454345, 0.5273744269240316, 0.3894593943099731, 0.6314570624529301, 0.4949348500933178, 0.21629418836338468, 0.3918914116005641, 0.5559810382464851, 0.394922410032015, 0.3968467360879624, 0.4280463159163167, 0.354469700632092, 0.2944083594251225, 0.536533673604438]
Iteration 129: [0.5496548011995445, 0.49797189104791717, 0.5838790730958415, 0.591010887352275, 0.5729387800560684, 0.7205925833057241, 0.416786508454345, 0.5273744269240316, 0.3894593943099731, 0.6314570624529301, 0.4949348500933178, 0.21629418836338468, 0.3918914116005641, 0.5559810382464851, 0.34104563440030644, 0.34885061538610707, 0.4280463159163167, 0.354469700632092, 0.2944083594251225, 0.536533673604438]
Iteration 130: [0.5496548011995445, 0.24444786748135924, 0.5838790730958415, 0.591010887352275, 0.5729387800560684, 0.7205925833057241, 0.416786508454345, 0.5273744269240316, 0.3894593943099731, 0.6314570624529301, 0.4949348500933178, 0.21629418836338468, 0.3918914116005641, 0.5559810382464851, 0.34104563440030644, 0.4628720765760257, 0.4280463159163167, 0.354469700632092, 0.2944083594251225, 0.536533673604438]
Iteration 131: [0.5496548011995445, 0.22317774114947472, 0.5838790730958415, 0.591010887352275, 0.5729387800560684, 0.7205925833057241, 0.4361488738539753, 0.5273744269240316, 0.3894593943099731, 0.6314570624529301, 0.4949348500933178, 0.21629418836338468, 0.3918914116005641, 0.5559810382464851, 0.34104563440030644, 0.4628720765760257, 0.4280463159163167, 0.354469700632092, 0.2944083594251225, 0.536533673604438]
Iteration 132: [0.5496548011995445, 0.22317774114947472, 0.5838790730958415, 0.591010887352275, 0.5729387800560684, 0.7205925833057241, 0.4361488738539753, 0.5273744269240316, 0.3894593943099731, 0.6314570624529301, 0.4949348500933178, 0.21629418836338468, 0.3918914116005641, 0.5559810382464851, 0.34104563440030644, 0.4628720765760257, 0.4295555113056571, 0.354469700632092, 0.2944083594251225, 0.536533673604438]
Iteration 133: [0.55040896547631, 0.22317774114947472, 0.5838790730958415, 0.591010887352275, 0.5729387800560684, 0.7205925833057241, 0.4361488738539753, 0.5273744269240316, 0.3894593943099731, 0.6314570624529301, 0.4949348500933178, 0.5118261419861436, 0.3918914116005641, 0.5559810382464851, 0.34104563440030644, 0.4628720765760257, 0.4295555113056571, 0.354469700632092, 0.2944083594251225, 0.536533673604438]
Iteration 134: [0.55040896547631, 0.41637979768858124, 0.5838790730958415, 0.591010887352275, 0.5729387800560684, 0.7205925833057241, 0.4361488738539753, 0.5637288084760608, 0.3894593943099731, 0.6314570624529301, 0.4949348500933178, 0.5118261419861436, 0.3918914116005641, 0.5559810382464851, 0.34104563440030644, 0.4628720765760257, 0.4295555113056571, 0.354469700632092, 0.2944083594251225, 0.536533673604438]
Iteration 135: [0.55040896547631, 0.7445801068991275, 0.5838790730958415, 0.591010887352275, 0.5729387800560684, 0.7205925833057241, 0.4361488738539753, 0.5637288084760608, 0.3894593943099731, 0.6314570624529301, 0.4949348500933178, 0.5118261419861436, 0.3918914116005641, 0.5559810382464851, 0.34104563440030644, 0.4628720765760257, 0.4187429799744664, 0.354469700632092, 0.2944083594251225, 0.536533673604438]
Iteration 136: [0.55040896547631, 0.3892838036514212, 0.5838790730958415, 0.591010887352275, 0.5729387800560684, 0.7205925833057241, 0.4361488738539753, 0.5637288084760608, 0.3894593943099731, 0.6314570624529301, 0.4949348500933178, 0.5118261419861436, 0.3918914116005641, 0.5559810382464851, 0.34104563440030644, 0.4628720765760257, 0.7317697530624798, 0.354469700632092, 0.2944083594251225, 0.536533673604438]
Iteration 137: [0.55040896547631, 0.3892838036514212, 0.5838790730958415, 0.591010887352275, 0.5729387800560684, 0.5337153871604979, 0.38905517244982, 0.5637288084760608, 0.3894593943099731, 0.6314570624529301, 0.4949348500933178, 0.5118261419861436, 0.3918914116005641, 0.5559810382464851, 0.34104563440030644, 0.4628720765760257, 0.7317697530624798, 0.354469700632092, 0.2944083594251225, 0.536533673604438]
Iteration 138: [0.55040896547631, 0.3892838036514212, 0.5838790730958415, 0.591010887352275, 0.5989352380923345, 0.5337153871604979, 0.38905517244982, 0.5637288084760608, 0.3894593943099731, 0.6314570624529301, 0.4949348500933178, 0.5118261419861436, 0.3918914116005641, 0.5559810382464851, 0.34104563440030644, 0.4628720765760257, 0.7317697530624798, 0.354469700632092, 0.2944083594251225, 0.7164219474738865]
Iteration 139: [0.55040896547631, 0.3892838036514212, 0.5838790730958415, 0.591010887352275, 0.5989352380923345, 0.5337153871604979, 0.549857353367009, 0.5637288084760608, 0.3894593943099731, 0.6314570624529301, 0.4949348500933178, 0.5118261419861436, 0.3918914116005641, 0.5559810382464851, 0.34104563440030644, 0.4628720765760257, 0.7317697530624798, 0.3510918414873968, 0.2944083594251225, 0.7164219474738865]
Iteration 140: [0.55040896547631, 0.3892838036514212, 0.5838790730958415, 0.591010887352275, 0.5989352380923345, 0.5457121611764202, 0.549857353367009, 0.5637288084760608, 0.3894593943099731, 0.6426056486139805, 0.4949348500933178, 0.5118261419861436, 0.3918914116005641, 0.5559810382464851, 0.34104563440030644, 0.4628720765760257, 0.7317697530624798, 0.3510918414873968, 0.2944083594251225, 0.7164219474738865]
Iteration 141: [0.55040896547631, 0.3892838036514212, 0.5838790730958415, 0.591010887352275, 0.5989352380923345, 0.5457121611764202, 0.5351068729901493, 0.5637288084760608, 0.3894593943099731, 0.6426056486139805, 0.4949348500933178, 0.5118261419861436, 0.632485513982235, 0.5559810382464851, 0.34104563440030644, 0.4628720765760257, 0.7317697530624798, 0.3510918414873968, 0.2944083594251225, 0.7164219474738865]
Iteration 142: [0.55040896547631, 0.3892838036514212, 0.5838790730958415, 0.47999597511929454, 0.5989352380923345, 0.5457121611764202, 0.5351068729901493, 0.5637288084760608, 0.3894593943099731, 0.6426056486139805, 0.4949348500933178, 0.5118261419861436, 0.632485513982235, 0.5559810382464851, 0.34104563440030644, 0.4628720765760257, 0.7317697530624798, 0.3510918414873968, 0.2944083594251225, 0.7164219474738865]
Iteration 143: [0.55040896547631, 0.3892838036514212, 0.5838790730958415, 0.47999597511929454, 0.5989352380923345, 0.5457121611764202, 0.5351068729901493, 0.5637288084760608, 0.3894593943099731, 0.6426056486139805, 0.4949348500933178, 0.5118261419861436, 0.632485513982235, 0.5559810382464851, 0.34104563440030644, 0.4628720765760257, 0.7317697530624798, 0.3510918414873968, 0.2944083594251225, 0.5311784080437504]
Iteration 144: [0.55040896547631, 0.3892838036514212, 0.5838790730958415, 0.6532787641557667, 0.5989352380923345, 0.5457121611764202, 0.5351068729901493, 0.5637288084760608, 0.3894593943099731, 0.6426056486139805, 0.4949348500933178, 0.5118261419861436, 0.632485513982235, 0.9150892423244096, 0.34104563440030644, 0.4628720765760257, 0.7317697530624798, 0.3510918414873968, 0.2944083594251225, 0.5311784080437504]
Iteration 145: [0.55040896547631, 0.3892838036514212, 0.5838790730958415, 0.6532787641557667, 0.5989352380923345, 0.5457121611764202, 0.5351068729901493, 0.5637288084760608, 0.3894593943099731, 0.6426056486139805, 0.4949348500933178, 0.5118261419861436, 0.632485513982235, 0.9150892423244096, 0.4685040907931638, 0.4628720765760257, 0.7317697530624798, 0.3510918414873968, 0.2944083594251225, 0.5311784080437504]
Iteration 146: [0.55040896547631, 0.3892838036514212, 0.5838790730958415, 0.6532787641557667, 0.5989352380923345, 0.5457121611764202, 0.5351068729901493, 0.5637288084760608, 0.3894593943099731, 0.6426056486139805, 0.4949348500933178, 0.5118261419861436, 0.5081418782172485, 0.9150892423244096, 0.4685040907931638, 0.4628720765760257, 0.7317697530624798, 0.3510918414873968, 0.2944083594251225, 0.5311784080437504]
Iteration 147: [0.55040896547631, 0.3892838036514212, 0.5838790730958415, 0.6532787641557667, 0.5989352380923345, 0.5457121611764202, 0.5351068729901493, 0.5637288084760608, 0.49643500724587963, 0.6426056486139805, 0.4949348500933178, 0.5118261419861436, 0.5081418782172485, 0.9150892423244096, 0.4943950462734099, 0.4628720765760257, 0.7317697530624798, 0.3510918414873968, 0.2944083594251225, 0.5311784080437504]
Iteration 148: [0.55040896547631, 0.3892838036514212, 0.5838790730958415, 0.6532787641557667, 0.5989352380923345, 0.5457121611764202, 0.5351068729901493, 0.5637288084760608, 0.5095915922128665, 0.6426056486139805, 0.727116824067435, 0.5118261419861436, 0.5081418782172485, 0.9150892423244096, 0.4943950462734099, 0.4628720765760257, 0.7317697530624798, 0.3510918414873968, 0.2944083594251225, 0.5311784080437504]
Iteration 149: [0.55040896547631, 0.3892838036514212, 0.5838790730958415, 0.6532787641557667, 0.5989352380923345, 0.5457121611764202, 0.5351068729901493, 0.5637288084760608, 0.5718729730743833, 0.6426056486139805, 0.6877205351246298, 0.5118261419861436, 0.5081418782172485, 0.9150892423244096, 0.4943950462734099, 0.4628720765760257, 0.7317697530624798, 0.3510918414873968, 0.2944083594251225, 0.5311784080437504]
Iteration 150: [0.5861323508170774, 0.3892838036514212, 0.5838790730958415, 0.6532787641557667, 0.5989352380923345, 0.5457121611764202, 0.5351068729901493, 0.5637288084760608, 0.5718729730743833, 0.6426056486139805, 0.6877205351246298, 0.5118261419861436, 0.5081418782172485, 0.5927626811468604, 0.4943950462734099, 0.4628720765760257, 0.7317697530624798, 0.3510918414873968, 0.2944083594251225, 0.5311784080437504]
