There are 9 agents who believe in con
There are 8 agents who believe in pro
There are 3 agents who are neutral 

Iteration 1: [0.37595385432010614, 0.2180491113353862, 0.4407993387648432, 0.5931128563499048, 0.33990822815929955, 0.30362573248435815, 0.4343375856442966, 0.6311259786179069, 0.24106802451005818, 0.5467674179690937, 0.2786859779626114, 0.4093540747720701, 0.6754833234140145, 0.28205487647663435, 0.4424302289583907, 0.3724938258626113, 0.6507691803878094, 0.46961368544222676, 0.43696534900383566, 0.2961391465533487]
Iteration 2: [0.37595385432010614, 0.257040678400911, 0.4407993387648432, 0.5931128563499048, 0.33990822815929955, 0.30362573248435815, 0.4343375856442966, 0.6311259786179069, 0.24106802451005818, 0.5467674179690937, 0.2786859779626114, 0.4093540747720701, 0.6754833234140145, 0.28205487647663435, 0.4424302289583907, 0.3724938258626113, 0.6507691803878094, 0.46961368544222676, 0.43696534900383566, 0.2670880218747131]
Iteration 3: [0.37595385432010614, 0.257040678400911, 0.4407993387648432, 0.5384242822908408, 0.33990822815929955, 0.30362573248435815, 0.4343375856442966, 0.6311259786179069, 0.24106802451005818, 0.5467674179690937, 0.2786859779626114, 0.4093540747720701, 0.6754833234140145, 0.28205487647663435, 0.4424302289583907, 0.3724938258626113, 0.6507691803878094, 0.46961368544222676, 0.43696534900383566, 0.2670880218747131]
Iteration 4: [0.37595385432010614, 0.257040678400911, 0.4407993387648432, 0.5384242822908408, 0.33990822815929955, 0.30362573248435815, 0.4343375856442966, 0.4517854939893263, 0.24106802451005818, 0.5467674179690937, 0.2786859779626114, 0.4093540747720701, 0.6754833234140145, 0.28205487647663435, 0.4424302289583907, 0.6906160284190954, 0.6507691803878094, 0.46961368544222676, 0.43696534900383566, 0.2670880218747131]
Iteration 5: [0.37595385432010614, 0.30613790752275427, 0.4407993387648432, 0.5384242822908408, 0.33990822815929955, 0.30362573248435815, 0.4343375856442966, 0.4517854939893263, 0.24106802451005818, 0.5467674179690937, 0.2786859779626114, 0.4093540747720701, 0.6754833234140145, 0.28205487647663435, 0.4424302289583907, 0.6906160284190954, 0.40578289390476213, 0.46961368544222676, 0.43696534900383566, 0.2670880218747131]
Iteration 6: [0.37595385432010614, 0.30613790752275427, 0.4407993387648432, 0.28095626394781026, 0.33990822815929955, 0.30362573248435815, 0.4343375856442966, 0.4517854939893263, 0.24106802451005818, 0.5467674179690937, 0.2786859779626114, 0.4093540747720701, 0.6754833234140145, 0.28205487647663435, 0.4424302289583907, 0.6906160284190954, 0.40578289390476213, 0.46961368544222676, 0.43696534900383566, 0.3675138798393668]
Iteration 7: [0.48841186469647746, 0.30613790752275427, 0.40673403199720864, 0.28095626394781026, 0.33990822815929955, 0.30362573248435815, 0.4343375856442966, 0.4517854939893263, 0.24106802451005818, 0.5467674179690937, 0.2786859779626114, 0.4093540747720701, 0.6754833234140145, 0.28205487647663435, 0.4424302289583907, 0.6906160284190954, 0.40578289390476213, 0.46961368544222676, 0.43696534900383566, 0.3675138798393668]
Iteration 8: [0.48841186469647746, 0.30613790752275427, 0.533258559295904, 0.28095626394781026, 0.33990822815929955, 0.30362573248435815, 0.4343375856442966, 0.4517854939893263, 0.24106802451005818, 0.5467674179690937, 0.2786859779626114, 0.4093540747720701, 0.6754833234140145, 0.28205487647663435, 0.4424302289583907, 0.6906160284190954, 0.570280125349524, 0.46961368544222676, 0.43696534900383566, 0.3675138798393668]
Iteration 9: [0.48841186469647746, 0.30613790752275427, 0.533258559295904, 0.6610137530455693, 0.33990822815929955, 0.30362573248435815, 0.4343375856442966, 0.4517854939893263, 0.24106802451005818, 0.5467674179690937, 0.2786859779626114, 0.4093540747720701, 0.6754833234140145, 0.28205487647663435, 0.4424302289583907, 0.6906160284190954, 0.19053690048160773, 0.46961368544222676, 0.43696534900383566, 0.3675138798393668]
Iteration 10: [0.48841186469647746, 0.30613790752275427, 0.533258559295904, 0.6610137530455693, 0.33990822815929955, 0.30362573248435815, 0.4343375856442966, 0.4517854939893263, 0.24106802451005818, 0.5467674179690937, 0.2786859779626114, 0.4093540747720701, 0.6754833234140145, 0.28205487647663435, 0.4424302289583907, 0.6906160284190954, 0.27667232336338804, 0.46961368544222676, 0.43696534900383566, 0.5838488625264916]
Iteration 11: [0.48841186469647746, 0.30613790752275427, 0.533258559295904, 0.6610137530455693, 0.3571332842093165, 0.30362573248435815, 0.4343375856442966, 0.4517854939893263, 0.24106802451005818, 0.5467674179690937, 0.2786859779626114, 0.4093540747720701, 0.6754833234140145, 0.28205487647663435, 0.3922682677411788, 0.6906160284190954, 0.27667232336338804, 0.46961368544222676, 0.43696534900383566, 0.5838488625264916]
Iteration 12: [0.48841186469647746, 0.30613790752275427, 0.533258559295904, 0.6610137530455693, 0.3571332842093165, 0.30362573248435815, 0.4343375856442966, 0.4517854939893263, 0.24106802451005818, 0.5467674179690937, 0.26095491410627786, 0.4093540747720701, 0.6754833234140145, 0.28205487647663435, 0.3922682677411788, 0.6906160284190954, 0.27667232336338804, 0.1413213491256407, 0.43696534900383566, 0.5838488625264916]
Iteration 13: [0.48841186469647746, 0.30613790752275427, 0.533258559295904, 0.6610137530455693, 0.3571332842093165, 0.30362573248435815, 0.4343375856442966, 0.4517854939893263, 0.24106802451005818, 0.5467674179690937, 0.26095491410627786, 0.4093540747720701, 0.6754833234140145, 0.28205487647663435, 0.3922682677411788, 0.7144062905714202, 0.6087493244739066, 0.1413213491256407, 0.43696534900383566, 0.5838488625264916]
Iteration 14: [0.48841186469647746, 0.30613790752275427, 0.533258559295904, 0.6610137530455693, 0.3571332842093165, 0.30362573248435815, 0.4343375856442966, 0.4517854939893263, 0.24106802451005818, 0.5467674179690937, 0.26095491410627786, 0.4093540747720701, 0.6754833234140145, 0.2706276179137435, 0.3635189310394826, 0.7144062905714202, 0.6087493244739066, 0.1413213491256407, 0.43696534900383566, 0.5838488625264916]
Iteration 15: [0.48841186469647746, 0.30613790752275427, 0.533258559295904, 0.6610137530455693, 0.3571332842093165, 0.30362573248435815, 0.4343375856442966, 0.4517854939893263, 0.24106802451005818, 0.5467674179690937, 0.26095491410627786, 0.02724323604581306, 0.6754833234140145, 0.2706276179137435, 0.3635189310394826, 0.7144062905714202, 0.6087493244739066, 0.1413213491256407, 0.5981575674413973, 0.5838488625264916]
Iteration 16: [0.48841186469647746, 0.30613790752275427, 0.533258559295904, 0.6610137530455693, 0.3571332842093165, 0.30362573248435815, 0.4343375856442966, 0.4517854939893263, 0.24106802451005818, 0.5467674179690937, 0.26095491410627786, 0.1038425854003758, 0.6754833234140145, 0.2706276179137435, 0.3635189310394826, 0.7144062905714202, 0.6087493244739066, 0.1413213491256407, 0.5981575674413973, 0.5838488625264916]
Iteration 17: [0.5078478168693926, 0.30613790752275427, 0.533258559295904, 0.6610137530455693, 0.3571332842093165, 0.30362573248435815, 0.4343375856442966, 0.5237902213179692, 0.24106802451005818, 0.5467674179690937, 0.26095491410627786, 0.1038425854003758, 0.6754833234140145, 0.2706276179137435, 0.3635189310394826, 0.7144062905714202, 0.6087493244739066, 0.1413213491256407, 0.5981575674413973, 0.5838488625264916]
Iteration 18: [0.5078478168693926, 0.30613790752275427, 0.533258559295904, 0.6610137530455693, 0.3571332842093165, 0.30362573248435815, 0.1303630814220669, 0.5237902213179692, 0.24106802451005818, 0.5467674179690937, 0.26095491410627786, 0.1038425854003758, 0.6754833234140145, 0.2706276179137435, 0.3635189310394826, 0.7144062905714202, 0.6087493244739066, 0.1413213491256407, 0.5981575674413973, 0.5838488625264916]
Iteration 19: [0.5078478168693926, 0.30613790752275427, 0.6198122339547851, 0.6610137530455693, 0.3571332842093165, 0.30362573248435815, 0.1303630814220669, 0.5237902213179692, 0.24106802451005818, 0.5467674179690937, 0.26095491410627786, 0.1038425854003758, 0.6754833234140145, 0.14133736555696455, 0.3635189310394826, 0.7144062905714202, 0.6087493244739066, 0.1413213491256407, 0.5981575674413973, 0.5838488625264916]
Iteration 20: [0.5078478168693926, 0.30613790752275427, 0.6198122339547851, 0.6610137530455693, 0.3571332842093165, 0.30362573248435815, 0.1303630814220669, 0.3456707259984894, 0.24106802451005818, 0.5467674179690937, 0.26095491410627786, 0.1038425854003758, 0.6716427198281425, 0.14133736555696455, 0.3635189310394826, 0.7144062905714202, 0.6087493244739066, 0.1413213491256407, 0.5981575674413973, 0.5838488625264916]
Iteration 21: [0.5078478168693926, 0.30613790752275427, 0.6198122339547851, 0.6610137530455693, 0.3571332842093165, 0.30362573248435815, 0.1303630814220669, 0.3456707259984894, 0.24106802451005818, 0.5467674179690937, 0.26095491410627786, 0.1038425854003758, 0.6716427198281425, 0.14133736555696455, 0.3635189310394826, 0.7144062905714202, 0.6573760216329481, 0.1413213491256407, 0.5981575674413973, 0.1634729820910792]
Iteration 22: [0.5078478168693926, 0.30613790752275427, 0.6198122339547851, 0.6610137530455693, 0.3571332842093165, 0.30362573248435815, 0.1303630814220669, 0.3456707259984894, 0.24106802451005818, 0.5467674179690937, 0.26095491410627786, 0.1038425854003758, 0.6716427198281425, 0.14133736555696455, 0.3833058814593352, 0.7144062905714202, 0.6573760216329481, 0.1413213491256407, 0.5981575674413973, 0.1634729820910792]
Iteration 23: [0.5078478168693926, 0.30613790752275427, 0.6198122339547851, 0.6610137530455693, 0.3571332842093165, 0.30362573248435815, 0.1303630814220669, 0.3456707259984894, 0.24106802451005818, 0.6790237432885676, 0.26095491410627786, 0.1038425854003758, 0.6716427198281425, 0.14133736555696455, 0.3833058814593352, 0.7144062905714202, 0.6573760216329481, 0.1413213491256407, 0.46053319511546703, 0.1634729820910792]
Iteration 24: [0.5078478168693926, 0.30613790752275427, 0.6198122339547851, 0.6610137530455693, 0.3571332842093165, 0.30362573248435815, 0.1303630814220669, 0.3456707259984894, 0.24106802451005818, 0.6790237432885676, 0.26095491410627786, 0.1038425854003758, 0.6716427198281425, 0.14133736555696455, 0.3833058814593352, 0.6584676078255338, 0.6216530312328371, 0.1413213491256407, 0.46053319511546703, 0.1634729820910792]
Iteration 25: [0.5078478168693926, 0.30613790752275427, 0.6198122339547851, 0.6610137530455693, 0.3571332842093165, 0.30362573248435815, 0.1303630814220669, 0.3843717350809461, 0.24106802451005818, 0.6790237432885676, 0.26095491410627786, 0.1038425854003758, 0.7055760578010758, 0.14133736555696455, 0.3833058814593352, 0.6584676078255338, 0.6216530312328371, 0.1413213491256407, 0.46053319511546703, 0.1634729820910792]
Iteration 26: [0.5078478168693926, 0.30613790752275427, 0.6057239831770301, 0.6610137530455693, 0.3571332842093165, 0.2674169468280397, 0.1303630814220669, 0.3843717350809461, 0.24106802451005818, 0.6790237432885676, 0.26095491410627786, 0.1038425854003758, 0.7055760578010758, 0.14133736555696455, 0.3833058814593352, 0.6584676078255338, 0.6216530312328371, 0.1413213491256407, 0.46053319511546703, 0.1634729820910792]
Iteration 27: [0.5078478168693926, 0.10328316705106651, 0.6057239831770301, 0.6610137530455693, 0.3571332842093165, 0.2674169468280397, 0.1303630814220669, 0.3843717350809461, 0.24106802451005818, 0.6790237432885676, 0.26095491410627786, 0.1038425854003758, 0.7055760578010758, 0.14133736555696455, 0.3833058814593352, 0.6584676078255338, 0.6216530312328371, 0.1413213491256407, 0.46053319511546703, 0.6009751938748389]
Iteration 28: [0.6079222209704374, 0.10328316705106651, 0.6057239831770301, 0.6610137530455693, 0.3571332842093165, 0.2674169468280397, 0.1303630814220669, 0.3843717350809461, 0.24106802451005818, 0.6790237432885676, 0.26095491410627786, 0.1038425854003758, 0.7055760578010758, 0.14133736555696455, 0.3833058814593352, 0.6584676078255338, 0.6216530312328371, 0.1413213491256407, 0.3996144549734941, 0.6009751938748389]
Iteration 29: [0.6079222209704374, 0.10328316705106651, 0.6057239831770301, 0.6610137530455693, 0.3571332842093165, 0.2674169468280397, 0.1303630814220669, 0.30853956168691876, 0.24106802451005818, 0.6917995360922686, 0.26095491410627786, 0.1038425854003758, 0.7055760578010758, 0.14133736555696455, 0.3833058814593352, 0.6584676078255338, 0.6216530312328371, 0.1413213491256407, 0.3996144549734941, 0.6009751938748389]
Iteration 30: [0.6079222209704374, 0.10328316705106651, 0.6057239831770301, 0.6610137530455693, 0.3571332842093165, 0.2674169468280397, 0.1303630814220669, 0.30853956168691876, 0.24106802451005818, 0.6917995360922686, 0.26095491410627786, 0.0280963796451303, 0.7055760578010758, 0.14133736555696455, 0.3833058814593352, 0.6224126424937627, 0.6216530312328371, 0.1413213491256407, 0.3996144549734941, 0.6009751938748389]
Iteration 31: [0.6079222209704374, 0.10328316705106651, 0.6057239831770301, 0.6610137530455693, 0.3571332842093165, 0.2674169468280397, 0.1303630814220669, 0.30853956168691876, 0.24923521220977196, 0.6917995360922686, 0.26095491410627786, 0.0280963796451303, 0.7055760578010758, 0.14133736555696455, 0.1303247126876162, 0.6224126424937627, 0.6216530312328371, 0.1413213491256407, 0.3996144549734941, 0.6009751938748389]
Iteration 32: [0.6079222209704374, 0.10328316705106651, 0.6057239831770301, 0.6610137530455693, 0.3571332842093165, 0.361351471455655, 0.11831718793151745, 0.30853956168691876, 0.24923521220977196, 0.6917995360922686, 0.26095491410627786, 0.0280963796451303, 0.7055760578010758, 0.14133736555696455, 0.1303247126876162, 0.6224126424937627, 0.6216530312328371, 0.1413213491256407, 0.3996144549734941, 0.6009751938748389]
Iteration 33: [0.6079222209704374, 0.10328316705106651, 0.6057239831770301, 0.6610137530455693, 0.11645503590619845, 0.3158972343966282, 0.11831718793151745, 0.30853956168691876, 0.24923521220977196, 0.6917995360922686, 0.26095491410627786, 0.0280963796451303, 0.7055760578010758, 0.14133736555696455, 0.1303247126876162, 0.6224126424937627, 0.6216530312328371, 0.1413213491256407, 0.3996144549734941, 0.6009751938748389]
Iteration 34: [0.6079222209704374, 0.10328316705106651, 0.6057239831770301, 0.6610137530455693, 0.11645503590619845, 0.3158972343966282, 0.11831718793151745, 0.30853956168691876, 0.24923521220977196, 0.6917995360922686, 0.26095491410627786, 0.0280963796451303, 0.7055760578010758, 0.14133736555696455, 0.1303247126876162, 0.6224126424937627, 0.6216530312328371, 0.11410305768257055, 0.3996144549734941, 0.649589631660241]
Iteration 35: [0.6079222209704374, 0.10328316705106651, 0.6057239831770301, 0.6610137530455693, 0.11645503590619845, 0.552566041025341, 0.11831718793151745, 0.30853956168691876, 0.2583640780405791, 0.6917995360922686, 0.26095491410627786, 0.0280963796451303, 0.7055760578010758, 0.14133736555696455, 0.1303247126876162, 0.6224126424937627, 0.6216530312328371, 0.11410305768257055, 0.3996144549734941, 0.649589631660241]
Iteration 36: [0.6079222209704374, 0.10446812207191697, 0.6057239831770301, 0.6610137530455693, 0.11645503590619845, 0.552566041025341, 0.11831718793151745, 0.30853956168691876, 0.31202538689486375, 0.6917995360922686, 0.26095491410627786, 0.0280963796451303, 0.7055760578010758, 0.14133736555696455, 0.1303247126876162, 0.6224126424937627, 0.6216530312328371, 0.11410305768257055, 0.3996144549734941, 0.649589631660241]
Iteration 37: [0.6079222209704374, 0.10446812207191697, 0.6057239831770301, 0.6610137530455693, 0.11645503590619845, 0.552566041025341, 0.11831718793151745, 0.30853956168691876, 0.31202538689486375, 0.6917995360922686, 0.26095491410627786, 0.14049713698368435, 0.7080518203118414, 0.14133736555696455, 0.1303247126876162, 0.6224126424937627, 0.6216530312328371, 0.11410305768257055, 0.3996144549734941, 0.649589631660241]
Iteration 38: [0.6079222209704374, 0.10446812207191697, 0.6332889403708581, 0.6610137530455693, 0.11645503590619845, 0.552566041025341, 0.11831718793151745, 0.30853956168691876, 0.24954873505003808, 0.6917995360922686, 0.26095491410627786, 0.14049713698368435, 0.7080518203118414, 0.14133736555696455, 0.1303247126876162, 0.6224126424937627, 0.6216530312328371, 0.11410305768257055, 0.3996144549734941, 0.649589631660241]
Iteration 39: [0.6079222209704374, 0.10446812207191697, 0.6332889403708581, 0.6610137530455693, 0.11645503590619845, 0.552566041025341, 0.11831718793151745, 0.30853956168691876, 0.24954873505003808, 0.6917995360922686, 0.26095491410627786, 0.13443715255238856, 0.7080518203118414, 0.14133736555696455, 0.1303247126876162, 0.6224126424937627, 0.7454999998867962, 0.11410305768257055, 0.3996144549734941, 0.649589631660241]
Iteration 40: [0.6079222209704374, 0.10446812207191697, 0.7006693259543402, 0.6610137530455693, 0.11645503590619845, 0.552566041025341, 0.11831718793151745, 0.30853956168691876, 0.24954873505003808, 0.6917995360922686, 0.26095491410627786, 0.13443715255238856, 0.7080518203118414, 0.14133736555696455, 0.1303247126876162, 0.6224126424937627, 0.7556816801056044, 0.11410305768257055, 0.3996144549734941, 0.649589631660241]
Iteration 41: [0.6079222209704374, 0.10446812207191697, 0.7006693259543402, 0.7151355605957482, 0.11645503590619845, 0.552566041025341, 0.11831718793151745, 0.30853956168691876, 0.3216209018932856, 0.6917995360922686, 0.26095491410627786, 0.13443715255238856, 0.7080518203118414, 0.14133736555696455, 0.1303247126876162, 0.6224126424937627, 0.7556816801056044, 0.11410305768257055, 0.3996144549734941, 0.649589631660241]
Iteration 42: [0.6079222209704374, 0.10446812207191697, 0.7006693259543402, 0.7151355605957482, 0.11645503590619845, 0.552566041025341, 0.11831718793151745, 0.30853956168691876, 0.3216209018932856, 0.6917995360922686, 0.26095491410627786, 0.13443715255238856, 0.7080518203118414, 0.14133736555696455, 0.4779020587160085, 0.6224126424937627, 0.7556816801056044, 0.11410305768257055, 0.23670262835671319, 0.649589631660241]
Iteration 43: [0.6079222209704374, 0.14219066075275197, 0.7006693259543402, 0.7151355605957482, 0.11645503590619845, 0.552566041025341, 0.11831718793151745, 0.30853956168691876, 0.3216209018932856, 0.6917995360922686, 0.2646091748705829, 0.13443715255238856, 0.7080518203118414, 0.14133736555696455, 0.4779020587160085, 0.6224126424937627, 0.7556816801056044, 0.11410305768257055, 0.23670262835671319, 0.649589631660241]
Iteration 44: [0.6194993596688728, 0.14219066075275197, 0.7006693259543402, 0.7151355605957482, 0.11645503590619845, 0.552566041025341, 0.11831718793151745, 0.2881946167551845, 0.3216209018932856, 0.6917995360922686, 0.2646091748705829, 0.13443715255238856, 0.7080518203118414, 0.14133736555696455, 0.4779020587160085, 0.6224126424937627, 0.7556816801056044, 0.11410305768257055, 0.23670262835671319, 0.649589631660241]
Iteration 45: [0.6194993596688728, 0.14219066075275197, 0.7006693259543402, 0.7151355605957482, 0.11645503590619845, 0.552566041025341, 0.11831718793151745, 0.2881946167551845, 0.3216209018932856, 0.6917995360922686, 0.2646091748705829, 0.13443715255238856, 0.7080518203118414, 0.14133736555696455, 0.4779020587160085, 0.6370456397560891, 0.7556816801056044, 0.06705151224690496, 0.23670262835671319, 0.649589631660241]
Iteration 46: [0.6194993596688728, 0.14219066075275197, 0.7006693259543402, 0.7151355605957482, 0.11645503590619845, 0.552566041025341, 0.11831718793151745, 0.2881946167551845, 0.3216209018932856, 0.6917995360922686, 0.2646091748705829, 0.1311716802777476, 0.7080518203118414, 0.14133736555696455, 0.4779020587160085, 0.6969655141693991, 0.7556816801056044, 0.06705151224690496, 0.23670262835671319, 0.649589631660241]
Iteration 47: [0.6194993596688728, 0.14219066075275197, 0.7006693259543402, 0.7151355605957482, 0.11645503590619845, 0.552566041025341, 0.11831718793151745, 0.2881946167551845, 0.3216209018932856, 0.6917995360922686, 0.2646091748705829, 0.13082605056359736, 0.7080518203118414, 0.14133736555696455, 0.4779020587160085, 0.6969655141693991, 0.7556816801056044, 0.06705151224690496, 0.20716363998446155, 0.649589631660241]
Iteration 48: [0.6194993596688728, 0.11845054709940739, 0.7006693259543402, 0.7151355605957482, 0.11645503590619845, 0.552566041025341, 0.11831718793151745, 0.2881946167551845, 0.3216209018932856, 0.6917995360922686, 0.2646091748705829, 0.13082605056359736, 0.7080518203118414, 0.14133736555696455, 0.4779020587160085, 0.6788064399524992, 0.7556816801056044, 0.06705151224690496, 0.20716363998446155, 0.649589631660241]
Iteration 49: [0.6194993596688728, 0.11796311088929123, 0.7006693259543402, 0.7151355605957482, 0.11645503590619845, 0.552566041025341, 0.11831718793151745, 0.3212142838351775, 0.3216209018932856, 0.6917995360922686, 0.2646091748705829, 0.13082605056359736, 0.7080518203118414, 0.14133736555696455, 0.4779020587160085, 0.6788064399524992, 0.7556816801056044, 0.06705151224690496, 0.20716363998446155, 0.649589631660241]
Iteration 50: [0.6194993596688728, 0.11796311088929123, 0.7006693259543402, 0.7151355605957482, 0.11645503590619845, 0.552566041025341, 0.11831718793151745, 0.3212142838351775, 0.3216209018932856, 0.6917995360922686, 0.2646091748705829, 0.13082605056359736, 0.7080518203118414, 0.14133736555696455, 0.4779020587160085, 0.7106924690455504, 0.7556816801056044, 0.06705151224690496, 0.20716363998446155, 0.46679511489813297]
Iteration 51: [0.6194993596688728, 0.11796311088929123, 0.7006693259543402, 0.7002945192592914, 0.11645503590619845, 0.552566041025341, 0.11831718793151745, 0.3212142838351775, 0.3216209018932856, 0.6877312705465682, 0.2646091748705829, 0.13082605056359736, 0.7080518203118414, 0.14133736555696455, 0.4779020587160085, 0.7106924690455504, 0.7556816801056044, 0.06705151224690496, 0.20716363998446155, 0.46679511489813297]
Iteration 52: [0.6194993596688728, 0.11796311088929123, 0.7006693259543402, 0.7002945192592914, 0.11645503590619845, 0.552566041025341, 0.11831718793151745, 0.3212142838351775, 0.3216209018932856, 0.6877312705465682, 0.2646091748705829, 0.13082605056359736, 0.6168431861068601, 0.1080768718486981, 0.4779020587160085, 0.7106924690455504, 0.7556816801056044, 0.06705151224690496, 0.20716363998446155, 0.46679511489813297]
Iteration 53: [0.6194993596688728, 0.11796311088929123, 0.7006693259543402, 0.7002945192592914, 0.11645503590619845, 0.552566041025341, 0.2002357050269805, 0.3212142838351775, 0.3216209018932856, 0.6877312705465682, 0.2646091748705829, 0.13082605056359736, 0.6168431861068601, 0.1080768718486981, 0.1975135099425707, 0.7106924690455504, 0.7556816801056044, 0.06705151224690496, 0.20716363998446155, 0.46679511489813297]
Iteration 54: [0.6194993596688728, 0.11796311088929123, 0.720849298735633, 0.7002945192592914, 0.11645503590619845, 0.552566041025341, 0.2002357050269805, 0.3212142838351775, 0.3216209018932856, 0.6877312705465682, 0.2646091748705829, 0.13082605056359736, 0.6168431861068601, 0.1080768718486981, 0.1975135099425707, 0.7106924690455504, 0.7556816801056044, 0.06705151224690496, 0.3897711934847353, 0.46679511489813297]
Iteration 55: [0.6194993596688728, 0.11796311088929123, 0.720849298735633, 0.7002945192592914, 0.2467428918983012, 0.552566041025341, 0.2002357050269805, 0.3212142838351775, 0.3216209018932856, 0.6877312705465682, 0.2646091748705829, 0.13082605056359736, 0.6168431861068601, 0.1080768718486981, 0.1975135099425707, 0.7106924690455504, 0.6752870745494305, 0.06705151224690496, 0.3897711934847353, 0.46679511489813297]
Iteration 56: [0.6194993596688728, 0.11796311088929123, 0.720849298735633, 0.7002945192592914, 0.2467428918983012, 0.5831325279225812, 0.2002357050269805, 0.3212142838351775, 0.3216209018932856, 0.5933924743020945, 0.2646091748705829, 0.13082605056359736, 0.6168431861068601, 0.1080768718486981, 0.1975135099425707, 0.7106924690455504, 0.6752870745494305, 0.06705151224690496, 0.3897711934847353, 0.46679511489813297]
Iteration 57: [0.6194993596688728, 0.11796311088929123, 0.720849298735633, 0.7002945192592914, 0.2467428918983012, 0.5831325279225812, 0.2002357050269805, 0.3212142838351775, 0.3216209018932856, 0.5933924743020945, 0.2646091748705829, 0.13082605056359736, 0.6168431861068601, 0.1080768718486981, 0.1975135099425707, 0.6345888198671501, 0.6752870745494305, 0.06705151224690496, 0.3897711934847353, 0.46679511489813297]
Iteration 58: [0.6194993596688728, 0.11796311088929123, 0.720849298735633, 0.7002945192592914, 0.2467428918983012, 0.5831325279225812, 0.2002357050269805, 0.3212142838351775, 0.3216209018932856, 0.5933924743020945, 0.2646091748705829, 0.13082605056359736, 0.6168431861068601, 0.1080768718486981, 0.1975135099425707, 0.6345888198671501, 0.659556005011923, 0.19636498022491514, 0.3897711934847353, 0.46679511489813297]
Iteration 59: [0.6194993596688728, 0.11796311088929123, 0.720849298735633, 0.7002945192592914, 0.2467428918983012, 0.5831325279225812, 0.2002357050269805, 0.3212142838351775, 0.3216209018932856, 0.5933924743020945, 0.2646091748705829, 0.13082605056359736, 0.6168431861068601, 0.1080768718486981, 0.1975135099425707, 0.6345888198671501, 0.659556005011923, 0.0926988170326408, 0.3897711934847353, 0.5159044819642119]
Iteration 60: [0.6194993596688728, 0.11796311088929123, 0.720849298735633, 0.7002945192592914, 0.2467428918983012, 0.5831325279225812, 0.14530426859379003, 0.3212142838351775, 0.3216209018932856, 0.5933924743020945, 0.2646091748705829, 0.13082605056359736, 0.6168431861068601, 0.1080768718486981, 0.1975135099425707, 0.6345888198671501, 0.659556005011923, 0.0926988170326408, 0.44875684050428816, 0.5159044819642119]
Iteration 61: [0.6534270599004969, 0.11796311088929123, 0.720849298735633, 0.7002945192592914, 0.2467428918983012, 0.5831325279225812, 0.14530426859379003, 0.3212142838351775, 0.3216209018932856, 0.5933924743020945, 0.2646091748705829, 0.13082605056359736, 0.6168431861068601, 0.1080768718486981, 0.1975135099425707, 0.6345888198671501, 0.659556005011923, 0.0926988170326408, 0.4397333322291379, 0.5159044819642119]
Iteration 62: [0.6534270599004969, 0.11796311088929123, 0.720849298735633, 0.7002945192592914, 0.2467428918983012, 0.5831325279225812, 0.14530426859379003, 0.3212142838351775, 0.3216209018932856, 0.5933924743020945, 0.2646091748705829, 0.13082605056359736, 0.6168431861068601, 0.1080768718486981, 0.1975135099425707, 0.6345888198671501, 0.6405621994823981, 0.199396220491483, 0.4397333322291379, 0.5159044819642119]
Iteration 63: [0.7148098911188985, 0.11796311088929123, 0.720849298735633, 0.6640728688550941, 0.2467428918983012, 0.5831325279225812, 0.14530426859379003, 0.3212142838351775, 0.3216209018932856, 0.5933924743020945, 0.2646091748705829, 0.13082605056359736, 0.6168431861068601, 0.1080768718486981, 0.1975135099425707, 0.6345888198671501, 0.6405621994823981, 0.199396220491483, 0.4397333322291379, 0.5159044819642119]
Iteration 64: [0.7148098911188985, 0.11796311088929123, 0.720849298735633, 0.6640728688550941, 0.190435603727015, 0.5831325279225812, 0.14530426859379003, 0.3212142838351775, 0.0006681852726336203, 0.5933924743020945, 0.2646091748705829, 0.13082605056359736, 0.6168431861068601, 0.1080768718486981, 0.1975135099425707, 0.6345888198671501, 0.6405621994823981, 0.199396220491483, 0.4397333322291379, 0.5159044819642119]
Iteration 65: [0.7148098911188985, 0.11796311088929123, 0.720849298735633, 0.6640728688550941, 0.190435603727015, 0.5831325279225812, 0.14530426859379003, 0.3212142838351775, 0.0006681852726336203, 0.5933924743020945, 0.2646091748705829, 0.13082605056359736, 0.6168431861068601, 0.14362774096691974, 0.1975135099425707, 0.6345888198671501, 0.6022907032145944, 0.199396220491483, 0.4397333322291379, 0.5159044819642119]
Iteration 66: [0.7148098911188985, 0.11796311088929123, 0.720849298735633, 0.6640728688550941, 0.190435603727015, 0.5831325279225812, 0.14530426859379003, 0.3212142838351775, 0.0006681852726336203, 0.5933924743020945, 0.2646091748705829, 0.13082605056359736, 0.6168431861068601, 0.14362774096691974, 0.1975135099425707, 0.6345888198671501, 0.6217969189958859, 0.199396220491483, 0.4397333322291379, 0.5159044819642119]
Iteration 67: [0.7148098911188985, 0.11796311088929123, 0.720849298735633, 0.6640728688550941, 0.190435603727015, 0.5831325279225812, 0.14530426859379003, 0.3212142838351775, 0.0006681852726336203, 0.5933924743020945, 0.2646091748705829, 0.13082605056359736, 0.6168431861068601, 0.14362774096691974, 0.1975135099425707, 0.6345888198671501, 0.5300918038232981, 0.199396220491483, 0.4397333322291379, 0.5159044819642119]
Iteration 68: [0.7148098911188985, 0.11796311088929123, 0.720849298735633, 0.6640728688550941, 0.505728401400302, 0.5831325279225812, 0.14530426859379003, 0.3212142838351775, 0.0006681852726336203, 0.5933924743020945, 0.2865425867609289, 0.13082605056359736, 0.6168431861068601, 0.14362774096691974, 0.1975135099425707, 0.6345888198671501, 0.5300918038232981, 0.199396220491483, 0.4397333322291379, 0.5159044819642119]
Iteration 69: [0.7148098911188985, 0.11796311088929123, 0.6841385981284307, 0.6640728688550941, 0.505728401400302, 0.5831325279225812, 0.14530426859379003, 0.3212142838351775, 0.0006681852726336203, 0.6333704580403409, 0.2865425867609289, 0.13082605056359736, 0.6168431861068601, 0.14362774096691974, 0.1975135099425707, 0.6345888198671501, 0.5300918038232981, 0.199396220491483, 0.4397333322291379, 0.5159044819642119]
Iteration 70: [0.7148098911188985, 0.11796311088929123, 0.6841385981284307, 0.6640728688550941, 0.505728401400302, 0.5831325279225812, 0.14530426859379003, 0.3212142838351775, 0.0006681852726336203, 0.6333704580403409, 0.2865425867609289, 0.13082605056359736, 0.6168431861068601, 0.14362774096691974, 0.1975135099425707, 0.6401326967238704, 0.5300918038232981, 0.199396220491483, 0.4397333322291379, 0.5159044819642119]
Iteration 71: [0.6727390353764151, 0.11796311088929123, 0.6841385981284307, 0.6640728688550941, 0.505728401400302, 0.5831325279225812, 0.14530426859379003, 0.3212142838351775, 0.0006681852726336203, 0.6333704580403409, 0.2865425867609289, 0.13082605056359736, 0.6168431861068601, 0.14538981014531127, 0.1975135099425707, 0.6401326967238704, 0.5300918038232981, 0.199396220491483, 0.4397333322291379, 0.5159044819642119]
Iteration 72: [0.6727390353764151, 0.11796311088929123, 0.6841385981284307, 0.6640728688550941, 0.505728401400302, 0.5831325279225812, 0.14530426859379003, 0.3212142838351775, 0.0006681852726336203, 0.6333704580403409, 0.2423576431725359, 0.13082605056359736, 0.6168431861068601, 0.14538981014531127, 0.1975135099425707, 0.5854866560803139, 0.5300918038232981, 0.199396220491483, 0.4397333322291379, 0.5159044819642119]
Iteration 73: [0.6727390353764151, 0.11796311088929123, 0.6960260260244123, 0.6640728688550941, 0.505728401400302, 0.5831325279225812, 0.14530426859379003, 0.3212142838351775, 0.0006681852726336203, 0.6333704580403409, 0.2423576431725359, 0.13082605056359736, 0.6168431861068601, 0.14538981014531127, 0.1975135099425707, 0.5854866560803139, 0.5300918038232981, 0.24466201575278626, 0.4397333322291379, 0.5159044819642119]
Iteration 74: [0.7045607545838278, 0.11796311088929123, 0.6960260260244123, 0.6640728688550941, 0.505728401400302, 0.5831325279225812, 0.14530426859379003, 0.3212142838351775, 0.0006681852726336203, 0.6333704580403409, 0.2423576431725359, 0.13082605056359736, 0.6168431861068601, 0.14538981014531127, 0.1975135099425707, 0.5854866560803139, 0.5300918038232981, 0.24466201575278626, 0.19156838480329982, 0.5159044819642119]
Iteration 75: [0.7045607545838278, 0.11796311088929123, 0.6960260260244123, 0.6640728688550941, 0.505728401400302, 0.5831325279225812, 0.14530426859379003, 0.29959328784339057, 0.0006681852726336203, 0.6333704580403409, 0.2423576431725359, 0.13082605056359736, 0.6168431861068601, 0.14538981014531127, 0.1975135099425707, 0.6117093617505147, 0.5300918038232981, 0.24466201575278626, 0.19156838480329982, 0.5159044819642119]
Iteration 76: [0.7045607545838278, 0.11796311088929123, 0.7426362851259932, 0.6640728688550941, 0.505728401400302, 0.5831325279225812, 0.14530426859379003, 0.29959328784339057, 0.0006681852726336203, 0.6333704580403409, 0.2423576431725359, 0.13082605056359736, 0.6168431861068601, 0.14538981014531127, 0.1975135099425707, 0.6117093617505147, 0.5300918038232981, 0.24466201575278626, 0.463370834553133, 0.5159044819642119]
Iteration 77: [0.6673394664266988, 0.11796311088929123, 0.7426362851259932, 0.6640728688550941, 0.505728401400302, 0.5831325279225812, 0.14530426859379003, 0.29959328784339057, 0.0006681852726336203, 0.6333704580403409, 0.2423576431725359, 0.13082605056359736, 0.6168431861068601, 0.14538981014531127, 0.1975135099425707, 0.6117093617505147, 0.5300918038232981, 0.24466201575278626, 0.463370834553133, 0.5159044819642119]
Iteration 78: [0.6673394664266988, 0.11796311088929123, 0.7426362851259932, 0.6640728688550941, 0.1558582740504543, 0.5831325279225812, 0.14530426859379003, 0.29959328784339057, 0.0006681852726336203, 0.6333704580403409, 0.2423576431725359, 0.13082605056359736, 0.6168431861068601, 0.14538981014531127, 0.1975135099425707, 0.6117093617505147, 0.5300918038232981, 0.24466201575278626, 0.463370834553133, 0.5159044819642119]
Iteration 79: [0.6673394664266988, 0.11796311088929123, 0.7426362851259932, 0.6640728688550941, 0.1558582740504543, 0.5831325279225812, 0.14530426859379003, 0.29959328784339057, 0.0006681852726336203, 0.6333704580403409, 0.24556315873379886, 0.13082605056359736, 0.6168431861068601, 0.14538981014531127, 0.15797373867432368, 0.6117093617505147, 0.5300918038232981, 0.24466201575278626, 0.463370834553133, 0.5159044819642119]
Iteration 80: [0.6673394664266988, 0.11796311088929123, 0.7426362851259932, 0.6640728688550941, 0.1558582740504543, 0.5831325279225812, 0.14530426859379003, 0.29959328784339057, 0.0006681852726336203, 0.6333704580403409, 0.24556315873379886, 0.13082605056359736, 0.6656162319052443, 0.14538981014531127, 0.6244425707994539, 0.6117093617505147, 0.5300918038232981, 0.24466201575278626, 0.463370834553133, 0.5159044819642119]
Iteration 81: [0.6673394664266988, 0.11796311088929123, 0.7426362851259932, 0.6640728688550941, 0.3738768320291814, 0.5831325279225812, 0.14530426859379003, 0.29959328784339057, 0.0006681852726336203, 0.6333704580403409, 0.24556315873379886, 0.13082605056359736, 0.6656162319052443, 0.14538981014531127, 0.6244425707994539, 0.6117093617505147, 0.5300918038232981, 0.24466201575278626, 0.463370834553133, 0.5159044819642119]
Iteration 82: [0.6673394664266988, 0.11796311088929123, 0.7426362851259932, 0.6640728688550941, 0.3738768320291814, 0.5831325279225812, 0.14530426859379003, 0.29959328784339057, 0.0006681852726336203, 0.21661922017108248, 0.24556315873379886, 0.13082605056359736, 0.6656162319052443, 0.14538981014531127, 0.6244425707994539, 0.6117093617505147, 0.6377595068157517, 0.24466201575278626, 0.463370834553133, 0.5159044819642119]
Iteration 83: [0.6673394664266988, 0.11796311088929123, 0.7426362851259932, 0.6640728688550941, 0.3738768320291814, 0.618827553060931, 0.14530426859379003, 0.29959328784339057, 0.0006681852726336203, 0.21661922017108248, 0.24556315873379886, 0.13082605056359736, 0.7386624267044826, 0.14538981014531127, 0.6244425707994539, 0.6117093617505147, 0.6377595068157517, 0.24466201575278626, 0.463370834553133, 0.5159044819642119]
Iteration 84: [0.6673394664266988, 0.11796311088929123, 0.7426362851259932, 0.6640728688550941, 0.3738768320291814, 0.618827553060931, 0.14530426859379003, 0.14497882591104727, 0.0007987423640770671, 0.21661922017108248, 0.24556315873379886, 0.13082605056359736, 0.7386624267044826, 0.14538981014531127, 0.6244425707994539, 0.6117093617505147, 0.6377595068157517, 0.24466201575278626, 0.463370834553133, 0.5159044819642119]
Iteration 85: [0.6673394664266988, 0.11796311088929123, 0.7426362851259932, 0.6640728688550941, 0.3738768320291814, 0.618827553060931, 0.14530426859379003, 0.14497882591104727, 0.0007987423640770671, 0.1944441693559642, 0.24556315873379886, 0.13082605056359736, 0.7386624267044826, 0.14538981014531127, 0.30248606127738004, 0.6117093617505147, 0.6377595068157517, 0.24466201575278626, 0.463370834553133, 0.5159044819642119]
Iteration 86: [0.6673394664266988, 0.11796311088929123, 0.7426362851259932, 0.6640728688550941, 0.3738768320291814, 0.618827553060931, 0.14530426859379003, 0.14497882591104727, 0.0007987423640770671, 0.19234358400960533, 0.0916550884867211, 0.13082605056359736, 0.7386624267044826, 0.14538981014531127, 0.30248606127738004, 0.6117093617505147, 0.6377595068157517, 0.24466201575278626, 0.463370834553133, 0.5159044819642119]
Iteration 87: [0.6673394664266988, 0.11796311088929123, 0.7426362851259932, 0.6640728688550941, 0.3738768320291814, 0.618827553060931, 0.14530426859379003, 0.14497882591104727, 0.0007987423640770671, 0.19234358400960533, 0.0916550884867211, 0.13082605056359736, 0.7386624267044826, 0.14538981014531127, 0.30248606127738004, 0.6117093617505147, 0.6377595068157517, 0.24466201575278626, 0.463370834553133, 0.49879383403483346]
Iteration 88: [0.6673394664266988, 0.11796311088929123, 0.7426362851259932, 0.6640728688550941, 0.3738768320291814, 0.618827553060931, 0.14530426859379003, 0.14497882591104727, 0.0007987423640770671, 0.19234358400960533, 0.0916550884867211, 0.13082605056359736, 0.7386624267044826, 0.14538981014531127, 0.30248606127738004, 0.6117093617505147, 0.6377595068157517, 0.24466201575278626, 0.6342004158209127, 0.49879383403483346]
Iteration 89: [0.6673394664266988, 0.11796311088929123, 0.7426362851259932, 0.6640728688550941, 0.3738768320291814, 0.6669272760352203, 0.14530426859379003, 0.14497882591104727, 0.0007987423640770671, 0.19234358400960533, 0.0916550884867211, 0.13082605056359736, 0.7386624267044826, 0.14538981014531127, 0.2448092366372145, 0.6117093617505147, 0.6377595068157517, 0.24466201575278626, 0.6342004158209127, 0.49879383403483346]
Iteration 90: [0.6673394664266988, 0.18626781258105365, 0.7426362851259932, 0.6640728688550941, 0.3738768320291814, 0.6669272760352203, 0.14530426859379003, 0.14497882591104727, 0.0007987423640770671, 0.19234358400960533, 0.0916550884867211, 0.13082605056359736, 0.7386624267044826, 0.14538981014531127, 0.2448092366372145, 0.6117093617505147, 0.6377595068157517, 0.24466201575278626, 0.6342004158209127, 0.6583768142386359]
Iteration 91: [0.6673394664266988, 0.18626781258105365, 0.7426362851259932, 0.5607327053767837, 0.3738768320291814, 0.6669272760352203, 0.14530426859379003, 0.14497882591104727, 0.0007987423640770671, 0.19234358400960533, 0.0916550884867211, 0.13082605056359736, 0.7386624267044826, 0.14538981014531127, 0.2448092366372145, 0.6117093617505147, 0.6377595068157517, 0.24466201575278626, 0.6342004158209127, 0.6583768142386359]
Iteration 92: [0.6673394664266988, 0.11032182085099439, 0.7426362851259932, 0.5607327053767837, 0.3738768320291814, 0.6669272760352203, 0.14530426859379003, 0.14497882591104727, 0.0007987423640770671, 0.19234358400960533, 0.09741074645646511, 0.13082605056359736, 0.7386624267044826, 0.14538981014531127, 0.2448092366372145, 0.6117093617505147, 0.6377595068157517, 0.24466201575278626, 0.6342004158209127, 0.6583768142386359]
Iteration 93: [0.6673394664266988, 0.11032182085099439, 0.7426362851259932, 0.5607327053767837, 0.26882709593695125, 0.6669272760352203, 0.14530426859379003, 0.15008716938000327, 0.0007987423640770671, 0.19234358400960533, 0.09741074645646511, 0.13082605056359736, 0.7386624267044826, 0.14538981014531127, 0.2448092366372145, 0.6117093617505147, 0.6377595068157517, 0.24466201575278626, 0.6342004158209127, 0.6583768142386359]
Iteration 94: [0.6846833209992865, 0.11032182085099439, 0.7426362851259932, 0.5607327053767837, 0.26882709593695125, 0.7128534895421614, 0.14530426859379003, 0.15008716938000327, 0.0007987423640770671, 0.19234358400960533, 0.09741074645646511, 0.13082605056359736, 0.7386624267044826, 0.14538981014531127, 0.2448092366372145, 0.6117093617505147, 0.6377595068157517, 0.24466201575278626, 0.6342004158209127, 0.6583768142386359]
Iteration 95: [0.6846833209992865, 0.11032182085099439, 0.7426362851259932, 0.5607327053767837, 0.24466489253808943, 0.7128534895421614, 0.14530426859379003, 0.15008716938000327, 0.0007987423640770671, 0.17816614910055453, 0.09741074645646511, 0.13082605056359736, 0.7386624267044826, 0.14538981014531127, 0.2448092366372145, 0.6117093617505147, 0.6377595068157517, 0.24466201575278626, 0.6342004158209127, 0.6583768142386359]
Iteration 96: [0.6846833209992865, 0.11032182085099439, 0.7426362851259932, 0.5607327053767837, 0.24466489253808943, 0.7128534895421614, 0.14530426859379003, 0.15008716938000327, 0.0007987423640770671, 0.17816614910055453, 0.09741074645646511, 0.13082605056359736, 0.7386624267044826, 0.14538981014531127, 0.23309396633798302, 0.6117093617505147, 0.6377595068157517, 0.2502239040049179, 0.6342004158209127, 0.6583768142386359]
Iteration 97: [0.6846833209992865, 0.15579616395586116, 0.7426362851259932, 0.5607327053767837, 0.24466489253808943, 0.7128534895421614, 0.9447735754406168, 0.15008716938000327, 0.0007987423640770671, 0.17816614910055453, 0.09741074645646511, 0.13082605056359736, 0.7386624267044826, 0.14538981014531127, 0.23309396633798302, 0.6117093617505147, 0.6377595068157517, 0.2502239040049179, 0.6342004158209127, 0.6583768142386359]
Iteration 98: [0.6846833209992865, 0.15579616395586116, 0.7426362851259932, 0.5607327053767837, 0.24466489253808943, 0.7128534895421614, 0.9447735754406168, 0.15008716938000327, 0.0007987423640770671, 0.17816614910055453, 0.09741074645646511, 0.13082605056359736, 0.7386624267044826, 0.14538981014531127, 0.23309396633798302, 0.6117093617505147, 0.6377595068157517, 0.2502239040049179, 0.6342004158209127, 0.65045726958939]
Iteration 99: [0.6846833209992865, 0.15579616395586116, 0.7426362851259932, 0.5607327053767837, 0.24466489253808943, 0.7128534895421614, 0.9447735754406168, 0.15008716938000327, 0.0007987423640770671, 0.17816614910055453, 0.09741074645646511, 0.13082605056359736, 0.7386624267044826, 0.14538981014531127, 0.23309396633798302, 0.6117093617505147, 0.6377595068157517, 0.25705283476796215, 0.6342004158209127, 0.6364462680232224]
Iteration 100: [0.6846833209992865, 0.15579616395586116, 0.7329376812976979, 0.5607327053767837, 0.24466489253808943, 0.7128534895421614, 0.9447735754406168, 0.15008716938000327, 0.0007987423640770671, 0.17816614910055453, 0.09741074645646511, 0.13082605056359736, 0.7386624267044826, 0.14538981014531127, 0.23309396633798302, 0.6117093617505147, 0.6377595068157517, 0.25705283476796215, 0.66407300461688, 0.6364462680232224]
Iteration 101: [0.631200168758159, 0.15579616395586116, 0.7329376812976979, 0.5607327053767837, 0.24466489253808943, 0.7128534895421614, 0.9447735754406168, 0.15008716938000327, 0.0007987423640770671, 0.17816614910055453, 0.09741074645646511, 0.13082605056359736, 0.7386624267044826, 0.14538981014531127, 0.23468557760575026, 0.6117093617505147, 0.6377595068157517, 0.25705283476796215, 0.66407300461688, 0.6364462680232224]
Iteration 102: [0.631200168758159, 0.15579616395586116, 0.7329376812976979, 0.5607327053767837, 0.24466489253808943, 0.7128534895421614, 0.9447735754406168, 0.15008716938000327, 0.0007987423640770671, 0.17816614910055453, 0.09741074645646511, 0.13082605056359736, 0.7386624267044826, 0.14538981014531127, 0.23468557760575026, 0.6117093617505147, 0.6377595068157517, 0.25705283476796215, 0.26097955135083284, 0.6364462680232224]
Iteration 103: [0.631200168758159, 0.15579616395586116, 0.7329376812976979, 0.5607327053767837, 0.24466489253808943, 0.7128534895421614, 0.9447735754406168, 0.4781427915948645, 0.0007987423640770671, 0.17816614910055453, 0.09741074645646511, 0.13082605056359736, 0.7386624267044826, 0.14538981014531127, 0.23468557760575026, 0.6117093617505147, 0.26106988859289165, 0.25705283476796215, 0.26097955135083284, 0.6364462680232224]
Iteration 104: [0.631200168758159, 0.15579616395586116, 0.7329376812976979, 0.5607327053767837, 0.24466489253808943, 0.7128534895421614, 0.9447735754406168, 0.4781427915948645, 0.0007987423640770671, 0.17816614910055453, 0.09741074645646511, 0.13082605056359736, 0.7386624267044826, 0.14538981014531127, 0.23468557760575026, 0.6117093617505147, 0.26106988859289165, 0.27899980535380375, 0.26097955135083284, 0.6364462680232224]
Iteration 105: [0.631200168758159, 0.15579616395586116, 0.7329376812976979, 0.5607327053767837, 0.24466489253808943, 0.7128534895421614, 0.9447735754406168, 0.4781427915948645, 0.0007987423640770671, 0.17816614910055453, 0.09741074645646511, 0.13082605056359736, 0.7386624267044826, 0.14538981014531127, 0.23468557760575026, 0.6117093617505147, 0.29954399627821754, 0.671458252876796, 0.26097955135083284, 0.6364462680232224]
Iteration 106: [0.631200168758159, 0.15579616395586116, 0.7329376812976979, 0.5607327053767837, 0.24466489253808943, 0.7128534895421614, 0.9447735754406168, 0.4781427915948645, 0.0007987423640770671, 0.17816614910055453, 0.09741074645646511, 0.13082605056359736, 0.7386624267044826, 0.126757465656437, 0.23468557760575026, 0.6117093617505147, 0.29954399627821754, 0.671458252876796, 0.26097955135083284, 0.6364462680232224]
Iteration 107: [0.631200168758159, 0.15579616395586116, 0.7329376812976979, 0.2546837325124174, 0.24466489253808943, 0.7128534895421614, 0.9447735754406168, 0.4781427915948645, 0.0007987423640770671, 0.17816614910055453, 0.09741074645646511, 0.13082605056359736, 0.7386624267044826, 0.126757465656437, 0.23468557760575026, 0.639187368556066, 0.29954399627821754, 0.671458252876796, 0.26097955135083284, 0.6364462680232224]
Iteration 108: [0.2045152515187305, 0.15579616395586116, 0.7329376812976979, 0.2546837325124174, 0.24466489253808943, 0.7128534895421614, 0.9447735754406168, 0.4781427915948645, 0.0007987423640770671, 0.17816614910055453, 0.09741074645646511, 0.13082605056359736, 0.7386624267044826, 0.12744920376339844, 0.23468557760575026, 0.639187368556066, 0.29954399627821754, 0.671458252876796, 0.26097955135083284, 0.6364462680232224]
Iteration 109: [0.5310121555736084, 0.15579616395586116, 0.7329376812976979, 0.2546837325124174, 0.24466489253808943, 0.6538279292515705, 0.9447735754406168, 0.4781427915948645, 0.0007987423640770671, 0.17816614910055453, 0.09741074645646511, 0.13082605056359736, 0.7386624267044826, 0.12744920376339844, 0.23468557760575026, 0.639187368556066, 0.29954399627821754, 0.671458252876796, 0.26097955135083284, 0.6364462680232224]
Iteration 110: [0.5310121555736084, 0.15579616395586116, 0.7329376812976979, 0.2546837325124174, 0.24466489253808943, 0.6538279292515705, 0.9447735754406168, 0.4781427915948645, 0.0007987423640770671, 0.17816614910055453, 0.09741074645646511, 0.13082605056359736, 0.7386624267044826, 0.12744920376339844, 0.23468557760575026, 0.6394782675620799, 0.29954399627821754, 0.671458252876796, 0.26097955135083284, 0.6433775528735407]
Iteration 111: [0.5310121555736084, 0.15579616395586116, 0.7329376812976979, 0.2546837325124174, 0.25099949459152476, 0.6538279292515705, 0.9447735754406168, 0.4781427915948645, 0.0007987423640770671, 0.17816614910055453, 0.31894076573056007, 0.13082605056359736, 0.7386624267044826, 0.12744920376339844, 0.23468557760575026, 0.6394782675620799, 0.29954399627821754, 0.671458252876796, 0.26097955135083284, 0.6433775528735407]
Iteration 112: [0.5310121555736084, 0.15579616395586116, 0.7329376812976979, 0.2604695481290768, 0.25099949459152476, 0.6538279292515705, 0.9447735754406168, 0.4781427915948645, 0.0007987423640770671, 0.17816614910055453, 0.31894076573056007, 0.13082605056359736, 0.7386624267044826, 0.1345958180184497, 0.23468557760575026, 0.6394782675620799, 0.29954399627821754, 0.671458252876796, 0.26097955135083284, 0.6433775528735407]
Iteration 113: [0.5310121555736084, 0.15579616395586116, 0.7329376812976979, 0.2604695481290768, 0.25099949459152476, 0.6538279292515705, 0.2211827690636211, 0.4781427915948645, 0.0007987423640770671, 0.17816614910055453, 0.31894076573056007, 0.13082605056359736, 0.6948702714053793, 0.1345958180184497, 0.23468557760575026, 0.6394782675620799, 0.29954399627821754, 0.671458252876796, 0.26097955135083284, 0.6433775528735407]
Iteration 114: [0.5310121555736084, 0.15579616395586116, 0.7329376812976979, 0.2604695481290768, 0.2688072341559304, 0.6538279292515705, 0.2211827690636211, 0.4781427915948645, 0.0007987423640770671, 0.17816614910055453, 0.31894076573056007, 0.13082605056359736, 0.6948702714053793, 0.1345958180184497, 0.23468557760575026, 0.6394782675620799, 0.29954399627821754, 0.671458252876796, 0.26097955135083284, 0.6433775528735407]
Iteration 115: [0.5310121555736084, 0.15579616395586116, 0.7329376812976979, 0.2604695481290768, 0.2688072341559304, 0.6538279292515705, 0.2211827690636211, 0.4781427915948645, 0.0007987423640770671, 0.20919738255113213, 0.31894076573056007, 0.13082605056359736, 0.6948702714053793, 0.1345958180184497, 0.23468557760575026, 0.9949544188364715, 0.29954399627821754, 0.671458252876796, 0.26097955135083284, 0.6433775528735407]
Iteration 116: [0.5310121555736084, 0.15579616395586116, 0.7329376812976979, 0.2604695481290768, 0.2688072341559304, 0.6538279292515705, 0.2211827690636211, 0.4781427915948645, 0.0007987423640770671, 0.20919738255113213, 0.31894076573056007, 0.13082605056359736, 0.6948702714053793, 0.1345958180184497, 0.23468557760575026, 0.6775823132393747, 0.29954399627821754, 0.6984625072767356, 0.26097955135083284, 0.6433775528735407]
Iteration 117: [0.5310121555736084, 0.15579616395586116, 0.7329376812976979, 0.2604695481290768, 0.2688072341559304, 0.6538279292515705, 0.2211827690636211, 0.4781427915948645, 0.0007987423640770671, 0.20919738255113213, 0.31894076573056007, 0.13082605056359736, 0.6948702714053793, 0.18777424141083213, 0.23468557760575026, 0.6775823132393747, 0.29954399627821754, 0.6984625072767356, 0.26097955135083284, 0.6433775528735407]
Iteration 118: [0.5310121555736084, 0.15579616395586116, 0.7329376812976979, 0.2604695481290768, 0.2688072341559304, 0.9944633134630443, 0.2211827690636211, 0.4781427915948645, 0.0007987423640770671, 0.20919738255113213, 0.31894076573056007, 0.13082605056359736, 0.6948702714053793, 0.18777424141083213, 0.23468557760575026, 0.6775823132393747, 0.29954399627821754, 0.6984625072767356, 0.26097955135083284, 0.6433775528735407]
Iteration 119: [0.5310121555736084, 0.15579616395586116, 0.7329376812976979, 0.2604695481290768, 0.2688072341559304, 0.9944633134630443, 0.2307500299215198, 0.4781427915948645, 0.0007987423640770671, 0.20919738255113213, 0.31894076573056007, 0.13082605056359736, 0.6948702714053793, 0.22487775044953304, 0.23468557760575026, 0.6775823132393747, 0.29954399627821754, 0.6984625072767356, 0.26097955135083284, 0.6433775528735407]
Iteration 120: [0.5310121555736084, 0.15579616395586116, 0.7329376812976979, 0.2604695481290768, 0.2688072341559304, 0.9944633134630443, 0.2307500299215198, 0.4781427915948645, 0.0007987423640770671, 0.20919738255113213, 0.31894076573056007, 0.13082605056359736, 0.6948702714053793, 0.22673936336160144, 0.23468557760575026, 0.6775823132393747, 0.29954399627821754, 0.6984625072767356, 0.26097955135083284, 0.6433775528735407]
Iteration 121: [0.5310121555736084, 0.1813514453072152, 0.7329376812976979, 0.2604695481290768, 0.2688072341559304, 0.7086233080172454, 0.2307500299215198, 0.4781427915948645, 0.0007987423640770671, 0.20919738255113213, 0.31894076573056007, 0.13082605056359736, 0.6948702714053793, 0.22673936336160144, 0.23468557760575026, 0.6775823132393747, 0.29954399627821754, 0.6984625072767356, 0.26097955135083284, 0.6433775528735407]
Iteration 122: [0.5310121555736084, 0.1813514453072152, 0.6519095876334987, 0.2604695481290768, 0.2688072341559304, 0.7086233080172454, 0.2307500299215198, 0.4781427915948645, 0.0007987423640770671, 0.20919738255113213, 0.3502880975486465, 0.13082605056359736, 0.6948702714053793, 0.22673936336160144, 0.23468557760575026, 0.6775823132393747, 0.29954399627821754, 0.6984625072767356, 0.26097955135083284, 0.6433775528735407]
Iteration 123: [0.5310121555736084, 0.1813514453072152, 0.6519095876334987, 0.2604695481290768, 0.2688072341559304, 0.632355674182436, 0.2307500299215198, 0.4781427915948645, 0.0007987423640770671, 0.20919738255113213, 0.3502880975486465, 0.42279017768991906, 0.6948702714053793, 0.22673936336160144, 0.23468557760575026, 0.6775823132393747, 0.29954399627821754, 0.6984625072767356, 0.26097955135083284, 0.6433775528735407]
Iteration 124: [0.5310121555736084, 0.1813514453072152, 0.6519095876334987, 0.2604695481290768, 0.2688072341559304, 0.632355674182436, 0.2307500299215198, 0.4781427915948645, 0.0007987423640770671, 0.20919738255113213, 0.3502880975486465, 0.42279017768991906, 0.6948702714053793, 0.22673936336160144, 0.23468557760575026, 0.6775823132393747, 0.2534443716201297, 0.6984625072767356, 0.26097955135083284, 0.6433775528735407]
Iteration 125: [0.5310121555736084, 0.1813514453072152, 0.6519095876334987, 0.2604695481290768, 0.2688072341559304, 0.632355674182436, 0.2307500299215198, 0.4781427915948645, 0.0007987423640770671, 0.6982907738722022, 0.3502880975486465, 0.42279017768991906, 0.6948702714053793, 0.22673936336160144, 0.23468557760575026, 0.6775823132393747, 0.2534443716201297, 0.6984625072767356, 0.6667854176406196, 0.6433775528735407]
Iteration 126: [0.5310121555736084, 0.1813514453072152, 0.6519095876334987, 0.2604695481290768, 0.2688072341559304, 0.632355674182436, 0.2307500299215198, 0.15153707783076759, 0.0007987423640770671, 0.6982907738722022, 0.3502880975486465, 0.42279017768991906, 0.6948702714053793, 0.22673936336160144, 0.23468557760575026, 0.6775823132393747, 0.2534443716201297, 0.6984625072767356, 0.6667854176406196, 0.6433775528735407]
Iteration 127: [0.5310121555736084, 0.1813514453072152, 0.6250740954760226, 0.2604695481290768, 0.2688072341559304, 0.2806941618089309, 0.2307500299215198, 0.15153707783076759, 0.0007987423640770671, 0.6982907738722022, 0.3502880975486465, 0.42279017768991906, 0.6948702714053793, 0.22673936336160144, 0.23468557760575026, 0.6775823132393747, 0.2534443716201297, 0.6984625072767356, 0.6667854176406196, 0.6433775528735407]
Iteration 128: [0.5310121555736084, 0.1813514453072152, 0.6250740954760226, 0.2604695481290768, 0.2688072341559304, 0.2806941618089309, 0.2307500299215198, 0.15153707783076759, 0.2197472059749456, 0.6982907738722022, 0.3502880975486465, 0.42279017768991906, 0.6948702714053793, 0.22673936336160144, 0.23468557760575026, 0.6775823132393747, 0.2534443716201297, 0.6984625072767356, 0.6222173266968862, 0.6433775528735407]
Iteration 129: [0.5310121555736084, 0.290738205222909, 0.6250740954760226, 0.2604695481290768, 0.2688072341559304, 0.2806941618089309, 0.2307500299215198, 0.15153707783076759, 0.2197472059749456, 0.6982907738722022, 0.3502880975486465, 0.42279017768991906, 0.6948702714053793, 0.22673936336160144, 0.23468557760575026, 0.6775823132393747, 0.2534443716201297, 0.6601350859125072, 0.6222173266968862, 0.6433775528735407]
Iteration 130: [0.5310121555736084, 0.3441058284889542, 0.6250740954760226, 0.2604695481290768, 0.2688072341559304, 0.2799957405905213, 0.2307500299215198, 0.15153707783076759, 0.2197472059749456, 0.6982907738722022, 0.3502880975486465, 0.42279017768991906, 0.6948702714053793, 0.22673936336160144, 0.23468557760575026, 0.6775823132393747, 0.2534443716201297, 0.6601350859125072, 0.6222173266968862, 0.6433775528735407]
Iteration 131: [0.5310121555736084, 0.3441058284889542, 0.6250740954760226, 0.262533050288207, 0.2688072341559304, 0.2799957405905213, 0.2307500299215198, 0.15153707783076759, 0.2197472059749456, 0.6982907738722022, 0.3502880975486465, 0.42279017768991906, 0.6741824840248465, 0.22673936336160144, 0.23468557760575026, 0.6775823132393747, 0.2534443716201297, 0.6601350859125072, 0.6222173266968862, 0.6433775528735407]
Iteration 132: [0.5310121555736084, 0.3441058284889542, 0.1674266695974412, 0.262533050288207, 0.2688072341559304, 0.2799957405905213, 0.2307500299215198, 0.15153707783076759, 0.2197472059749456, 0.6982907738722022, 0.3502880975486465, 0.4391203442879447, 0.6741824840248465, 0.22673936336160144, 0.23468557760575026, 0.6775823132393747, 0.2534443716201297, 0.6601350859125072, 0.6222173266968862, 0.6433775528735407]
Iteration 133: [0.5310121555736084, 0.3441058284889542, 0.1674266695974412, 0.262533050288207, 0.2688072341559304, 0.2799957405905213, 0.2307500299215198, 0.15153707783076759, 0.07034021372278844, 0.6982907738722022, 0.3502880975486465, 0.4391203442879447, 0.6741824840248465, 0.22673936336160144, 0.23468557760575026, 0.6775823132393747, 0.2534443716201297, 0.6601350859125072, 0.6222173266968862, 0.6433775528735407]
Iteration 134: [0.5310121555736084, 0.3441058284889542, 0.1674266695974412, 0.262533050288207, 0.2688072341559304, 0.2799957405905213, 0.2307500299215198, 0.15153707783076759, 0.07034021372278844, 0.6982907738722022, 0.3502880975486465, 0.4391203442879447, 0.6741824840248465, 0.22673936336160144, 0.23468557760575026, 0.6775823132393747, 0.25560064640550206, 0.6601350859125072, 0.6222173266968862, 0.6433775528735407]
Iteration 135: [0.5310121555736084, 0.3441058284889542, 0.1674266695974412, 0.262533050288207, 0.2688072341559304, 0.2799957405905213, 0.15683326818343274, 0.18164256665617046, 0.07034021372278844, 0.6982907738722022, 0.3502880975486465, 0.4391203442879447, 0.6741824840248465, 0.22673936336160144, 0.23468557760575026, 0.6775823132393747, 0.25560064640550206, 0.6601350859125072, 0.6222173266968862, 0.6433775528735407]
Iteration 136: [0.5310121555736084, 0.7110162571111881, 0.1674266695974412, 0.262533050288207, 0.2688072341559304, 0.2799957405905213, 0.19768944271919905, 0.18164256665617046, 0.07034021372278844, 0.6982907738722022, 0.3502880975486465, 0.4391203442879447, 0.6741824840248465, 0.22673936336160144, 0.23468557760575026, 0.6775823132393747, 0.25560064640550206, 0.6601350859125072, 0.6222173266968862, 0.6433775528735407]
Iteration 137: [0.5310121555736084, 0.7110162571111881, 0.1674266695974412, 0.262533050288207, 0.2688072341559304, 0.2799957405905213, 0.19768944271919905, 0.18164256665617046, 0.07034021372278844, 0.6982907738722022, 0.3502880975486465, 0.4391203442879447, 0.6741824840248465, 0.2695131731148602, 0.23468557760575026, 0.6775823132393747, 0.25560064640550206, 0.6601350859125072, 0.6222173266968862, 0.6349066988208713]
Iteration 138: [0.5310121555736084, 0.7110162571111881, 0.1674266695974412, 0.262533050288207, 0.2688072341559304, 0.2799957405905213, 0.19768944271919905, 0.18164256665617046, 0.07034021372278844, 0.6982907738722022, 0.3502880975486465, 0.4391203442879447, 0.6741824840248465, 0.2862871665017493, 0.23468557760575026, 0.6775823132393747, 0.25560064640550206, 0.6601350859125072, 0.6267472579357581, 0.6349066988208713]
Iteration 139: [0.5310121555736084, 0.6735622536845832, 0.1674266695974412, 0.262533050288207, 0.2688072341559304, 0.2799957405905213, 0.19768944271919905, 0.18164256665617046, 0.07034021372278844, 0.6982907738722022, 0.3502880975486465, 0.4391203442879447, 0.6741824840248465, 0.2862871665017493, 0.23468557760575026, 0.6775823132393747, 0.25560064640550206, 0.6601350859125072, 0.6267472579357581, 0.6349066988208713]
Iteration 140: [0.5310121555736084, 0.6735622536845832, 0.1674266695974412, 0.262533050288207, 0.2688072341559304, 0.2799957405905213, 0.2042727102745214, 0.18164256665617046, 0.07034021372278844, 0.6982907738722022, 0.3502880975486465, 0.4391203442879447, 0.6741824840248465, 0.2862871665017493, 0.23468557760575026, 0.6775823132393747, 0.26226085537088534, 0.6601350859125072, 0.6267472579357581, 0.6349066988208713]
Iteration 141: [0.5310121555736084, 0.6735622536845832, 0.1674266695974412, 0.262533050288207, 0.2688072341559304, 0.2799957405905213, 0.2042727102745214, 0.18164256665617046, 0.07034021372278844, 0.6982907738722022, 0.3502880975486465, 0.4391203442879447, 0.6741824840248465, 0.2862871665017493, 0.23468557760575026, 0.6795999277444756, 0.26226085537088534, 0.6601350859125072, 0.6267472579357581, 0.6349066988208713]
Iteration 142: [0.5310121555736084, 0.6735622536845832, 0.1674266695974412, 0.262533050288207, 0.2688072341559304, 0.2799957405905213, 0.2042727102745214, 0.18164256665617046, 0.07034021372278844, 0.6982907738722022, 0.3502880975486465, 0.4391203442879447, 0.6741824840248465, 0.6684707897189244, 0.23468557760575026, 0.6795999277444756, 0.26226085537088534, 0.6601350859125072, 0.6267472579357581, 0.6554609979742272]
Iteration 143: [0.5310121555736084, 0.5682269561951848, 0.1674266695974412, 0.262533050288207, 0.23792003116429472, 0.2799957405905213, 0.2042727102745214, 0.18164256665617046, 0.07034021372278844, 0.6982907738722022, 0.3502880975486465, 0.4391203442879447, 0.6741824840248465, 0.6684707897189244, 0.23468557760575026, 0.6795999277444756, 0.26226085537088534, 0.6601350859125072, 0.6267472579357581, 0.6554609979742272]
Iteration 144: [0.5310121555736084, 0.5682269561951848, 0.1674266695974412, 0.262533050288207, 0.24688689941583308, 0.2799957405905213, 0.2042727102745214, 0.18164256665617046, 0.07694974475226571, 0.6982907738722022, 0.3502880975486465, 0.4391203442879447, 0.6741824840248465, 0.6684707897189244, 0.23468557760575026, 0.6795999277444756, 0.26226085537088534, 0.6601350859125072, 0.6267472579357581, 0.6554609979742272]
Iteration 145: [0.5310121555736084, 0.5682269561951848, 0.1674266695974412, 0.262533050288207, 0.23684037349284465, 0.2799957405905213, 0.2042727102745214, 0.18164256665617046, 0.07694974475226571, 0.6982907738722022, 0.1335703526375774, 0.4391203442879447, 0.6741824840248465, 0.6684707897189244, 0.23468557760575026, 0.6795999277444756, 0.26226085537088534, 0.6601350859125072, 0.6267472579357581, 0.6554609979742272]
Iteration 146: [0.5310121555736084, 0.5682269561951848, 0.1674266695974412, 0.262533050288207, 0.23684037349284465, 0.2799957405905213, 0.2042727102745214, 0.18164256665617046, 0.07694974475226571, 0.6982907738722022, 0.1335703526375774, 0.4391203442879447, 0.6741824840248465, 0.6684707897189244, 0.20150198488395318, 0.6795999277444756, 0.26226085537088534, 0.57186031094045, 0.6267472579357581, 0.6554609979742272]
Iteration 147: [0.5310121555736084, 0.5682269561951848, 0.1674266695974412, 0.262533050288207, 0.23684037349284465, 0.2799957405905213, 0.2042727102745214, 0.18164256665617046, 0.0826036769891051, 0.6982907738722022, 0.1335703526375774, 0.4391203442879447, 0.6741824840248465, 0.6684707897189244, 0.20150198488395318, 0.6795999277444756, 0.6292079250673984, 0.57186031094045, 0.6267472579357581, 0.6554609979742272]
Iteration 148: [0.5310121555736084, 0.5682269561951848, 0.1674266695974412, 0.262533050288207, 0.28569692333360447, 0.2799957405905213, 0.2042727102745214, 0.18164256665617046, 0.0826036769891051, 0.6982907738722022, 0.1335703526375774, 0.4391203442879447, 0.6741824840248465, 0.6684707897189244, 0.20150198488395318, 0.6795999277444756, 0.6548103209443752, 0.57186031094045, 0.6267472579357581, 0.6554609979742272]
Iteration 149: [0.5310121555736084, 0.5682269561951848, 0.1674266695974412, 0.3021154865857902, 0.28569692333360447, 0.2799957405905213, 0.2042727102745214, 0.18164256665617046, 0.0826036769891051, 0.6982907738722022, 0.1335703526375774, 0.4391203442879447, 0.6741824840248465, 0.6684707897189244, 0.20150198488395318, 0.6795999277444756, 0.6548103209443752, 0.645587525616563, 0.6267472579357581, 0.6554609979742272]
Iteration 150: [0.5310121555736084, 0.5682269561951848, 0.1674266695974412, 0.3021154865857902, 0.28569692333360447, 0.2799957405905213, 0.2042727102745214, 0.16308074426188063, 0.0826036769891051, 0.6982907738722022, 0.1335703526375774, 0.4391203442879447, 0.6741824840248465, 0.6684707897189244, 0.20150198488395318, 0.6569344383956526, 0.6548103209443752, 0.645587525616563, 0.6267472579357581, 0.6554609979742272]
