There are 5 agents who believe in con
There are 6 agents who believe in pro
There are 9 agents who are neutral 

Iteration 1: [0.5322198188201606, 0.5156832120756774, 0.6326238886109025, 0.6732363254553069, 0.3559713187520961, 0.5375353369346831, 0.6416055611373005, 0.6555547384574286, 0.5299468017715213, 0.6405394604251279, 0.5907696557844121, 0.5107408421934883, 0.4769136257994991, 0.4017650676622932, 0.48047357035071586, 0.5106609272352973, 0.5284288791414133, 0.6007748407887596, 0.4110006695529767, 0.3980517769887268]
Iteration 2: [0.5322198188201606, 0.5156832120756774, 0.6326238886109025, 0.6732363254553069, 0.3559713187520961, 0.5375353369346831, 0.6416055611373005, 0.6555547384574286, 0.5299468017715213, 0.6405394604251279, 0.5907696557844121, 0.5107408421934883, 0.4769136257994991, 0.4017650676622932, 0.2434591376756179, 0.5106609272352973, 0.5284288791414133, 0.6007748407887596, 0.4110006695529767, 0.41826517810903874]
Iteration 3: [0.5322198188201606, 0.5156832120756774, 0.6326238886109025, 0.6732363254553069, 0.3559713187520961, 0.5375353369346831, 0.6416055611373005, 0.6555547384574286, 0.5299468017715213, 0.6405394604251279, 0.4058390126486988, 0.5107408421934883, 0.4769136257994991, 0.4017650676622932, 0.2434591376756179, 0.5106609272352973, 0.5284288791414133, 0.6007748407887596, 0.4110006695529767, 0.35394310174243226]
Iteration 4: [0.5322198188201606, 0.5156832120756774, 0.6326238886109025, 0.6732363254553069, 0.3559713187520961, 0.5375353369346831, 0.6416055611373005, 0.6555547384574286, 0.5453692667360444, 0.6405394604251279, 0.4058390126486988, 0.2776489831637681, 0.4769136257994991, 0.4017650676622932, 0.2434591376756179, 0.5106609272352973, 0.5284288791414133, 0.6007748407887596, 0.4110006695529767, 0.35394310174243226]
Iteration 5: [0.5322198188201606, 0.5562975840122522, 0.6326238886109025, 0.6732363254553069, 0.3559713187520961, 0.5375353369346831, 0.6416055611373005, 0.6555547384574286, 0.5453692667360444, 0.6405394604251279, 0.4058390126486988, 0.2776489831637681, 0.4769136257994991, 0.4017650676622932, 0.3124236845678636, 0.5106609272352973, 0.5284288791414133, 0.6007748407887596, 0.4110006695529767, 0.35394310174243226]
Iteration 6: [0.5088201253037322, 0.5562975840122522, 0.6003462095344811, 0.6732363254553069, 0.3559713187520961, 0.5375353369346831, 0.6416055611373005, 0.6555547384574286, 0.5453692667360444, 0.6405394604251279, 0.4058390126486988, 0.2776489831637681, 0.4769136257994991, 0.4017650676622932, 0.3124236845678636, 0.5106609272352973, 0.5284288791414133, 0.6007748407887596, 0.4110006695529767, 0.35394310174243226]
Iteration 7: [0.5088201253037322, 0.8235966091555927, 0.6003462095344811, 0.6732363254553069, 0.3559713187520961, 0.5375353369346831, 0.6416055611373005, 0.6555547384574286, 0.5453692667360444, 0.6405394604251279, 0.4058390126486988, 0.2776489831637681, 0.4769136257994991, 0.4017650676622932, 0.3124236845678636, 0.5106609272352973, 0.5284288791414133, 0.6007748407887596, 0.49589664012217843, 0.35394310174243226]
Iteration 8: [0.5088201253037322, 0.8235966091555927, 0.6003462095344811, 0.6732363254553069, 0.3559713187520961, 0.5375353369346831, 0.5033966338736189, 0.6555547384574286, 0.5453692667360444, 0.6405394604251279, 0.4058390126486988, 0.2776489831637681, 0.4769136257994991, 0.4017650676622932, 0.3124236845678636, 0.5106609272352973, 0.5284288791414133, 0.6007748407887596, 0.3915554001737745, 0.35394310174243226]
Iteration 9: [0.5088201253037322, 0.8235966091555927, 0.6003462095344811, 0.6732363254553069, 0.3559713187520961, 0.5375353369346831, 0.5033966338736189, 0.6555547384574286, 0.5453692667360444, 0.6405394604251279, 0.4058390126486988, 0.2776489831637681, 0.4769136257994991, 0.5001381988915865, 0.3124236845678636, 0.5106609272352973, 0.5284288791414133, 0.6007748407887596, 0.37399671022155206, 0.35394310174243226]
Iteration 10: [0.5088201253037322, 0.8235966091555927, 0.6003462095344811, 0.6732363254553069, 0.3559713187520961, 0.5375353369346831, 0.5033966338736189, 0.6555547384574286, 0.5453692667360444, 0.6976902316331057, 0.4058390126486988, 0.27891496136060023, 0.4769136257994991, 0.5001381988915865, 0.3124236845678636, 0.5106609272352973, 0.5284288791414133, 0.6007748407887596, 0.37399671022155206, 0.35394310174243226]
Iteration 11: [0.5088201253037322, 0.8235966091555927, 0.6003462095344811, 0.6102732809785627, 0.3559713187520961, 0.5375353369346831, 0.5033966338736189, 0.6555547384574286, 0.5453692667360444, 0.6976902316331057, 0.4058390126486988, 0.27891496136060023, 0.4769136257994991, 0.5001381988915865, 0.3124236845678636, 0.5148747988011737, 0.5284288791414133, 0.6007748407887596, 0.37399671022155206, 0.35394310174243226]
Iteration 12: [0.5088201253037322, 0.8235966091555927, 0.6003462095344811, 0.6102732809785627, 0.30639516904403075, 0.5375353369346831, 0.5033966338736189, 0.6555547384574286, 0.5453692667360444, 0.6976902316331057, 0.4058390126486988, 0.27891496136060023, 0.4769136257994991, 0.5001381988915865, 0.3124236845678636, 0.5148747988011737, 0.5284288791414133, 0.6007748407887596, 0.4101389917766605, 0.35394310174243226]
Iteration 13: [0.5088201253037322, 0.8235966091555927, 0.6003462095344811, 0.6102732809785627, 0.30639516904403075, 0.5375353369346831, 0.5033966338736189, 0.6555547384574286, 0.5453692667360444, 0.7193895437137685, 0.4058390126486988, 0.27891496136060023, 0.45746345072249983, 0.5001381988915865, 0.3124236845678636, 0.5148747988011737, 0.5284288791414133, 0.6007748407887596, 0.4101389917766605, 0.35394310174243226]
Iteration 14: [0.5250623182065763, 0.8235966091555927, 0.6003462095344811, 0.6102732809785627, 0.30639516904403075, 0.5375353369346831, 0.5033966338736189, 0.6555547384574286, 0.5453692667360444, 0.7193895437137685, 0.4058390126486988, 0.27891496136060023, 0.45746345072249983, 0.5001381988915865, 0.3124236845678636, 0.5148747988011737, 0.6635124138159947, 0.6007748407887596, 0.4101389917766605, 0.35394310174243226]
Iteration 15: [0.5250623182065763, 0.8235966091555927, 0.6003462095344811, 0.6102732809785627, 0.30639516904403075, 0.5375353369346831, 0.5033966338736189, 0.6555547384574286, 0.5453692667360444, 0.7193895437137685, 0.4058390126486988, 0.27891496136060023, 0.45746345072249983, 0.4857200354854757, 0.3124236845678636, 0.5148747988011737, 0.5359219880891699, 0.6007748407887596, 0.4101389917766605, 0.35394310174243226]
Iteration 16: [0.5250623182065763, 0.8235966091555927, 0.6003462095344811, 0.6102732809785627, 0.30639516904403075, 0.5375353369346831, 0.5033966338736189, 0.5667890214232776, 0.5453692667360444, 0.7193895437137685, 0.4058390126486988, 0.27891496136060023, 0.45746345072249983, 0.4857200354854757, 0.3124236845678636, 0.5148747988011737, 0.5359219880891699, 0.6007748407887596, 0.4101389917766605, 0.35394310174243226]
Iteration 17: [0.5250623182065763, 0.8235966091555927, 0.6003462095344811, 0.6102732809785627, 0.30639516904403075, 0.5375353369346831, 0.5033966338736189, 0.5667890214232776, 0.5453692667360444, 0.7193895437137685, 0.4058390126486988, 0.27891496136060023, 0.45746345072249983, 0.4857200354854757, 0.34470091660524554, 0.5148747988011737, 0.2969226478239857, 0.6007748407887596, 0.4101389917766605, 0.35394310174243226]
Iteration 18: [0.5250623182065763, 0.8235966091555927, 0.6003462095344811, 0.6102732809785627, 0.30639516904403075, 0.5375353369346831, 0.5033966338736189, 0.5667890214232776, 0.5453692667360444, 0.7193895437137685, 0.3303329468267208, 0.27891496136060023, 0.45746345072249983, 0.67377870983942, 0.34470091660524554, 0.5148747988011737, 0.2969226478239857, 0.6007748407887596, 0.4101389917766605, 0.35394310174243226]
Iteration 19: [0.42364378970337774, 0.8235966091555927, 0.6003462095344811, 0.4798958825853997, 0.30639516904403075, 0.5375353369346831, 0.5033966338736189, 0.5667890214232776, 0.5453692667360444, 0.7193895437137685, 0.3303329468267208, 0.27891496136060023, 0.45746345072249983, 0.67377870983942, 0.34470091660524554, 0.5148747988011737, 0.2969226478239857, 0.6007748407887596, 0.4101389917766605, 0.35394310174243226]
Iteration 20: [0.42364378970337774, 0.8235966091555927, 0.5467902756917148, 0.4798958825853997, 0.30639516904403075, 0.5375353369346831, 0.5033966338736189, 0.5667890214232776, 0.5453692667360444, 0.7193895437137685, 0.3303329468267208, 0.27891496136060023, 0.45746345072249983, 0.67377870983942, 0.34470091660524554, 0.4325367967875022, 0.2969226478239857, 0.6007748407887596, 0.4101389917766605, 0.35394310174243226]
Iteration 21: [0.42364378970337774, 0.8235966091555927, 0.5467902756917148, 0.4798958825853997, 0.30639516904403075, 0.5375353369346831, 0.5033966338736189, 0.5667890214232776, 0.4384046946690539, 0.7193895437137685, 0.3303329468267208, 0.27891496136060023, 0.45746345072249983, 0.67377870983942, 0.34470091660524554, 0.4822660125992869, 0.2969226478239857, 0.6007748407887596, 0.4101389917766605, 0.35394310174243226]
Iteration 22: [0.42364378970337774, 0.8235966091555927, 0.5467902756917148, 0.4798958825853997, 0.30639516904403075, 0.5375353369346831, 0.5459048252811616, 0.5667890214232776, 0.4384046946690539, 0.7193895437137685, 0.3303329468267208, 0.27891496136060023, 0.3678739403561203, 0.67377870983942, 0.34470091660524554, 0.4822660125992869, 0.2969226478239857, 0.6007748407887596, 0.4101389917766605, 0.35394310174243226]
Iteration 23: [0.42364378970337774, 0.8235966091555927, 0.5467902756917148, 0.4798958825853997, 0.30639516904403075, 0.5375353369346831, 0.5459048252811616, 0.5667890214232776, 0.4384046946690539, 0.7193895437137685, 0.3303329468267208, 0.23427610533881704, 0.3678739403561203, 0.67377870983942, 0.34470091660524554, 0.4822660125992869, 0.2969226478239857, 0.6007748407887596, 0.4101389917766605, 0.35394310174243226]
Iteration 24: [0.42364378970337774, 0.8235966091555927, 0.5467902756917148, 0.4798958825853997, 0.30639516904403075, 0.5375353369346831, 0.5459048252811616, 0.5667890214232776, 0.4384046946690539, 0.7193895437137685, 0.3303329468267208, 0.25145963148642414, 0.3678739403561203, 0.67377870983942, 0.34470091660524554, 0.5367061186208442, 0.2969226478239857, 0.6007748407887596, 0.4101389917766605, 0.35394310174243226]
Iteration 25: [0.42364378970337774, 0.8235966091555927, 0.5467902756917148, 0.5655687380664121, 0.30639516904403075, 0.4047771448488476, 0.5459048252811616, 0.5667890214232776, 0.4384046946690539, 0.7193895437137685, 0.3303329468267208, 0.25145963148642414, 0.3678739403561203, 0.67377870983942, 0.34470091660524554, 0.5367061186208442, 0.2969226478239857, 0.6007748407887596, 0.4101389917766605, 0.35394310174243226]
Iteration 26: [0.42364378970337774, 0.8235966091555927, 0.5467902756917148, 0.580572650190626, 0.30639516904403075, 0.4047771448488476, 0.5459048252811616, 0.5667890214232776, 0.4384046946690539, 0.7193895437137685, 0.3303329468267208, 0.25145963148642414, 0.3678739403561203, 0.67377870983942, 0.34470091660524554, 0.5367061186208442, 0.2969226478239857, 0.6007748407887596, 0.4830926595288441, 0.35394310174243226]
Iteration 27: [0.42364378970337774, 0.8235966091555927, 0.5467902756917148, 0.580572650190626, 0.30639516904403075, 0.4047771448488476, 0.5459048252811616, 0.5667890214232776, 0.16785097806178814, 0.7193895437137685, 0.3303329468267208, 0.25145963148642414, 0.3678739403561203, 0.67377870983942, 0.34470091660524554, 0.5367061186208442, 0.5653747892466926, 0.6007748407887596, 0.4830926595288441, 0.35394310174243226]
Iteration 28: [0.42364378970337774, 0.8235966091555927, 0.5467902756917148, 0.580572650190626, 0.30639516904403075, 0.4047771448488476, 0.5459048252811616, 0.5667890214232776, 0.16785097806178814, 0.7193895437137685, 0.3303329468267208, 0.25145963148642414, 0.3678739403561203, 0.67377870983942, 0.34470091660524554, 0.5367061186208442, 0.5653747892466926, 0.5868801152239528, 0.45973608473890804, 0.35394310174243226]
Iteration 29: [0.42364378970337774, 0.8235966091555927, 0.5467902756917148, 0.580572650190626, 0.30639516904403075, 0.4047771448488476, 0.5459048252811616, 0.5667890214232776, 0.16785097806178814, 0.7193895437137685, 0.3303329468267208, 0.3736995222794525, 0.3678739403561203, 0.42839906208585765, 0.34470091660524554, 0.5367061186208442, 0.5653747892466926, 0.5868801152239528, 0.45973608473890804, 0.35394310174243226]
Iteration 30: [0.42364378970337774, 0.8235966091555927, 0.5467902756917148, 0.580572650190626, 0.4303527927098817, 0.4047771448488476, 0.502531581309952, 0.5667890214232776, 0.16785097806178814, 0.7193895437137685, 0.3303329468267208, 0.3736995222794525, 0.3678739403561203, 0.42839906208585765, 0.34470091660524554, 0.5367061186208442, 0.5653747892466926, 0.5868801152239528, 0.45973608473890804, 0.35394310174243226]
Iteration 31: [0.42364378970337774, 0.8235966091555927, 0.5467902756917148, 0.580572650190626, 0.3397202619525329, 0.4047771448488476, 0.502531581309952, 0.5667890214232776, 0.16785097806178814, 0.5534554396290731, 0.3303329468267208, 0.3736995222794525, 0.3678739403561203, 0.42839906208585765, 0.34470091660524554, 0.5367061186208442, 0.5653747892466926, 0.5868801152239528, 0.45973608473890804, 0.35394310174243226]
Iteration 32: [0.42364378970337774, 0.8235966091555927, 0.42373375075607167, 0.580572650190626, 0.3397202619525329, 0.4047771448488476, 0.502531581309952, 0.5667890214232776, 0.16785097806178814, 0.5534554396290731, 0.5228879942115441, 0.3736995222794525, 0.3678739403561203, 0.42839906208585765, 0.34470091660524554, 0.5367061186208442, 0.5653747892466926, 0.5868801152239528, 0.45973608473890804, 0.35394310174243226]
Iteration 33: [0.42364378970337774, 0.8235966091555927, 0.42373375075607167, 0.580572650190626, 0.3397202619525329, 0.4047771448488476, 0.6128268068057797, 0.5667890214232776, 0.16785097806178814, 0.5534554396290731, 0.5228879942115441, 0.3736995222794525, 0.3678739403561203, 0.42839906208585765, 0.34470091660524554, 0.5367061186208442, 0.5602486985252831, 0.5868801152239528, 0.45973608473890804, 0.35394310174243226]
Iteration 34: [0.42364378970337774, 0.8235966091555927, 0.42373375075607167, 0.580572650190626, 0.3397202619525329, 0.4047771448488476, 0.6128268068057797, 0.5667890214232776, 0.16785097806178814, 0.5534554396290731, 0.5228879942115441, 0.3736995222794525, 0.3678739403561203, 0.42839906208585765, 0.34470091660524554, 0.5367061186208442, 0.5124626964025607, 0.5868801152239528, 0.45973608473890804, 0.35394310174243226]
Iteration 35: [0.42364378970337774, 0.8235966091555927, 0.42373375075607167, 0.580572650190626, 0.3397202619525329, 0.4047771448488476, 0.6128268068057797, 0.5667890214232776, 0.16785097806178814, 0.5534554396290731, 0.5228879942115441, 0.3736995222794525, 0.3911133448219927, 0.42839906208585765, 0.1724382315990273, 0.5367061186208442, 0.5124626964025607, 0.5868801152239528, 0.45973608473890804, 0.35394310174243226]
Iteration 36: [0.42364378970337774, 0.8235966091555927, 0.42373375075607167, 0.580572650190626, 0.3397202619525329, 0.544892023395298, 0.6128268068057797, 0.5667890214232776, 0.16785097806178814, 0.5534554396290731, 0.5228879942115441, 0.3736995222794525, 0.3911133448219927, 0.49841879833210306, 0.1724382315990273, 0.5367061186208442, 0.5124626964025607, 0.5868801152239528, 0.45973608473890804, 0.35394310174243226]
Iteration 37: [0.42364378970337774, 0.8235966091555927, 0.42373375075607167, 0.580572650190626, 0.3397202619525329, 0.4562156107642064, 0.6128268068057797, 0.5667890214232776, 0.16785097806178814, 0.5534554396290731, 0.5228879942115441, 0.3736995222794525, 0.3911133448219927, 0.49841879833210306, 0.1724382315990273, 0.677846740398549, 0.5124626964025607, 0.5868801152239528, 0.45973608473890804, 0.35394310174243226]
Iteration 38: [0.42364378970337774, 0.8235966091555927, 0.42373375075607167, 0.580572650190626, 0.3397202619525329, 0.4562156107642064, 0.6128268068057797, 0.7095769257474583, 0.16785097806178814, 0.5534554396290731, 0.47873046492894294, 0.3736995222794525, 0.3911133448219927, 0.49841879833210306, 0.1724382315990273, 0.677846740398549, 0.5124626964025607, 0.5868801152239528, 0.45973608473890804, 0.35394310174243226]
Iteration 39: [0.44212683254033247, 0.8235966091555927, 0.42373375075607167, 0.580572650190626, 0.3397202619525329, 0.4562156107642064, 0.6128268068057797, 0.7095769257474583, 0.16785097806178814, 0.5534554396290731, 0.47873046492894294, 0.3736995222794525, 0.3911133448219927, 0.49841879833210306, 0.3537126902937354, 0.677846740398549, 0.5124626964025607, 0.5868801152239528, 0.45973608473890804, 0.35394310174243226]
Iteration 40: [0.44212683254033247, 0.8235966091555927, 0.42373375075607167, 0.580572650190626, 0.3397202619525329, 0.4562156107642064, 0.6128268068057797, 0.7095769257474583, 0.16785097806178814, 0.5534554396290731, 0.47873046492894294, 0.3736995222794525, 0.3911133448219927, 0.49841879833210306, 0.3537126902937354, 0.677846740398549, 0.5124626964025607, 0.5868801152239528, 0.45973608473890804, 0.3525802480844855]
Iteration 41: [0.44212683254033247, 0.8235966091555927, 0.4113010804453621, 0.580572650190626, 0.3397202619525329, 0.4562156107642064, 0.6128268068057797, 0.7095769257474583, 0.36658439742397464, 0.5534554396290731, 0.47873046492894294, 0.3736995222794525, 0.3911133448219927, 0.49841879833210306, 0.3537126902937354, 0.677846740398549, 0.5124626964025607, 0.5868801152239528, 0.45973608473890804, 0.3525802480844855]
Iteration 42: [0.44212683254033247, 0.8235966091555927, 0.4113010804453621, 0.580572650190626, 0.3397202619525329, 0.4562156107642064, 0.6183685294886421, 0.7095769257474583, 0.36658439742397464, 0.5534554396290731, 0.47873046492894294, 0.3736995222794525, 0.3911133448219927, 0.49841879833210306, 0.3537126902937354, 0.677846740398549, 0.5124626964025607, 0.5868801152239528, 0.3950405717508344, 0.3525802480844855]
Iteration 43: [0.44212683254033247, 0.8235966091555927, 0.4113010804453621, 0.580572650190626, 0.3397202619525329, 0.4562156107642064, 0.6183685294886421, 0.7095769257474583, 0.36658439742397464, 0.5505806115907004, 0.47873046492894294, 0.3736995222794525, 0.3911133448219927, 0.49841879833210306, 0.3537126902937354, 0.677846740398549, 0.5124626964025607, 0.5868801152239528, 0.3950405717508344, 0.3525802480844855]
Iteration 44: [0.44212683254033247, 0.8235966091555927, 0.4113010804453621, 0.580572650190626, 0.3397202619525329, 0.4562156107642064, 0.6183685294886421, 0.7095769257474583, 0.36658439742397464, 0.5505806115907004, 0.47873046492894294, 0.3736995222794525, 0.3911133448219927, 0.49841879833210306, 0.3537126902937354, 0.677846740398549, 0.5124626964025607, 0.5868801152239528, 0.3950405717508344, 0.35153150695225505]
Iteration 45: [0.44212683254033247, 0.8235966091555927, 0.4113010804453621, 0.5715344062247879, 0.3397202619525329, 0.4562156107642064, 0.6183685294886421, 0.7095769257474583, 0.36658439742397464, 0.5505806115907004, 0.47873046492894294, 0.3736995222794525, 0.3487095579563601, 0.49841879833210306, 0.3537126902937354, 0.677846740398549, 0.5124626964025607, 0.5868801152239528, 0.3950405717508344, 0.35153150695225505]
Iteration 46: [0.44212683254033247, 0.8235966091555927, 0.4113010804453621, 0.6358088769508795, 0.3397202619525329, 0.4562156107642064, 0.6183685294886421, 0.7095769257474583, 0.36658439742397464, 0.5505806115907004, 0.47873046492894294, 0.3736995222794525, 0.4630724514295182, 0.49841879833210306, 0.3537126902937354, 0.677846740398549, 0.5124626964025607, 0.5868801152239528, 0.3950405717508344, 0.35153150695225505]
Iteration 47: [0.44212683254033247, 0.8235966091555927, 0.4502938915606844, 0.7218146439588532, 0.3397202619525329, 0.4562156107642064, 0.6183685294886421, 0.7095769257474583, 0.36658439742397464, 0.5505806115907004, 0.47873046492894294, 0.3736995222794525, 0.4630724514295182, 0.49841879833210306, 0.3537126902937354, 0.677846740398549, 0.5124626964025607, 0.5868801152239528, 0.3950405717508344, 0.35153150695225505]
Iteration 48: [0.44212683254033247, 0.8235966091555927, 0.4502938915606844, 0.7121568274668895, 0.3397202619525329, 0.4562156107642064, 0.6183685294886421, 0.7095769257474583, 0.36658439742397464, 0.5505806115907004, 0.47873046492894294, 0.3736995222794525, 0.548143559611617, 0.49841879833210306, 0.3537126902937354, 0.677846740398549, 0.5124626964025607, 0.5868801152239528, 0.3950405717508344, 0.35153150695225505]
Iteration 49: [0.44212683254033247, 0.6302046800131005, 0.4502938915606844, 0.7121568274668895, 0.3397202619525329, 0.4562156107642064, 0.6183685294886421, 0.7095769257474583, 0.28667038021433244, 0.5505806115907004, 0.47873046492894294, 0.3736995222794525, 0.548143559611617, 0.49841879833210306, 0.3537126902937354, 0.677846740398549, 0.5124626964025607, 0.5868801152239528, 0.3950405717508344, 0.35153150695225505]
Iteration 50: [0.44212683254033247, 0.6302046800131005, 0.4502938915606844, 0.7121568274668895, 0.3397202619525329, 0.5727412795899383, 0.6183685294886421, 0.7095769257474583, 0.28667038021433244, 0.5505806115907004, 0.47873046492894294, 0.3736995222794525, 0.548143559611617, 0.49841879833210306, 0.3537126902937354, 0.677846740398549, 0.5124626964025607, 0.5868801152239528, 0.22855821193487166, 0.35153150695225505]
Iteration 51: [0.44212683254033247, 0.6302046800131005, 0.4502938915606844, 0.7121568274668895, 0.3397202619525329, 0.5727412795899383, 0.6183685294886421, 0.7095769257474583, 0.28667038021433244, 0.6337372397940519, 0.47873046492894294, 0.3736995222794525, 0.548143559611617, 0.49841879833210306, 0.3537126902937354, 0.677846740398549, 0.5124626964025607, 0.5868801152239528, 0.22855821193487166, 0.35153150695225505]
Iteration 52: [0.44212683254033247, 0.6302046800131005, 0.4502938915606844, 0.7121568274668895, 0.3397202619525329, 0.5727412795899383, 0.6152521611681195, 0.7095769257474583, 0.28667038021433244, 0.6337372397940519, 0.47873046492894294, 0.3736995222794525, 0.548143559611617, 0.49841879833210306, 0.3537126902937354, 0.677846740398549, 0.5124626964025607, 0.5868801152239528, 0.22855821193487166, 0.35153150695225505]
Iteration 53: [0.44212683254033247, 0.6302046800131005, 0.4502938915606844, 0.7121568274668895, 0.3397202619525329, 0.5727412795899383, 0.6152521611681195, 0.7095769257474583, 0.28667038021433244, 0.6337372397940519, 0.47873046492894294, 0.3736995222794525, 0.548143559611617, 0.49841879833210306, 0.3537126902937354, 0.677846740398549, 0.5434067314522668, 0.5868801152239528, 0.22855821193487166, 0.3921125391616012]
Iteration 54: [0.41916169655955043, 0.6302046800131005, 0.4502938915606844, 0.7121568274668895, 0.3397202619525329, 0.5727412795899383, 0.6152521611681195, 0.7095769257474583, 0.28667038021433244, 0.6337372397940519, 0.47873046492894294, 0.3736995222794525, 0.6732152721440691, 0.49841879833210306, 0.3537126902937354, 0.677846740398549, 0.5434067314522668, 0.5868801152239528, 0.22855821193487166, 0.3921125391616012]
Iteration 55: [0.41916169655955043, 0.6302046800131005, 0.4502938915606844, 0.7121568274668895, 0.3397202619525329, 0.5727412795899383, 0.6152521611681195, 0.7164598260741531, 0.28667038021433244, 0.6337372397940519, 0.47873046492894294, 0.7878588013430934, 0.6732152721440691, 0.49841879833210306, 0.3537126902937354, 0.677846740398549, 0.5434067314522668, 0.5868801152239528, 0.22855821193487166, 0.3921125391616012]
Iteration 56: [0.41916169655955043, 0.6302046800131005, 0.4502938915606844, 0.6758693925949614, 0.3397202619525329, 0.5727412795899383, 0.6152521611681195, 0.7164598260741531, 0.28667038021433244, 0.6337372397940519, 0.47753112472703263, 0.7878588013430934, 0.6732152721440691, 0.49841879833210306, 0.3537126902937354, 0.677846740398549, 0.5434067314522668, 0.5868801152239528, 0.22855821193487166, 0.3921125391616012]
Iteration 57: [0.41916169655955043, 0.6302046800131005, 0.4502938915606844, 0.6231601359767595, 0.3397202619525329, 0.5727412795899383, 0.6152521611681195, 0.7164598260741531, 0.28667038021433244, 0.6337372397940519, 0.47753112472703263, 0.7878588013430934, 0.6732152721440691, 0.49841879833210306, 0.3537126902937354, 0.677846740398549, 0.5434067314522668, 0.5868801152239528, 0.22855821193487166, 0.039385413314475294]
Iteration 58: [0.5161501295170509, 0.6302046800131005, 0.4502938915606844, 0.6231601359767595, 0.3397202619525329, 0.5727412795899383, 0.6152521611681195, 0.7164598260741531, 0.28667038021433244, 0.6337372397940519, 0.47753112472703263, 0.7878588013430934, 0.6732152721440691, 0.49841879833210306, 0.3537126902937354, 0.677846740398549, 0.7043710058840909, 0.5868801152239528, 0.22855821193487166, 0.039385413314475294]
Iteration 59: [0.5161501295170509, 0.6302046800131005, 0.4502938915606844, 0.6231601359767595, 0.3397202619525329, 0.5727412795899383, 0.6152521611681195, 0.7164598260741531, 0.28667038021433244, 0.6337372397940519, 0.4798818609924756, 0.7878588013430934, 0.6732152721440691, 0.49841879833210306, 0.37246508090715325, 0.677846740398549, 0.7043710058840909, 0.5868801152239528, 0.22855821193487166, 0.039385413314475294]
Iteration 60: [0.5161501295170509, 0.6302046800131005, 0.4502938915606844, 0.6231601359767595, 0.3397202619525329, 0.5727412795899383, 0.6152521611681195, 0.7164598260741531, 0.6519114733537719, 0.6337372397940519, 0.4798818609924756, 0.7878588013430934, 0.6732152721440691, 0.49841879833210306, 0.37246508090715325, 0.677846740398549, 0.7043710058840909, 0.5868801152239528, 0.22855821193487166, 0.4439123403146812]
Iteration 61: [0.5161501295170509, 0.6302046800131005, 0.4502938915606844, 0.6231601359767595, 0.3397202619525329, 0.5727412795899383, 0.6152521611681195, 0.7164598260741531, 0.6519114733537719, 0.6337372397940519, 0.4580717878496168, 0.7878588013430934, 0.6732152721440691, 0.49841879833210306, 0.37246508090715325, 0.677846740398549, 0.6683022960747753, 0.5868801152239528, 0.22855821193487166, 0.4439123403146812]
Iteration 62: [0.5161501295170509, 0.6302046800131005, 0.4502938915606844, 0.5339284258160623, 0.3397202619525329, 0.5727412795899383, 0.6152521611681195, 0.7164598260741531, 0.6519114733537719, 0.6337372397940519, 0.4580717878496168, 0.7878588013430934, 0.6732152721440691, 0.49841879833210306, 0.37246508090715325, 0.677846740398549, 0.6683022960747753, 0.6402872646511597, 0.22855821193487166, 0.4439123403146812]
Iteration 63: [0.5161501295170509, 0.6302046800131005, 0.4502938915606844, 0.5339284258160623, 0.3397202619525329, 0.5727412795899383, 0.6152521611681195, 0.7164598260741531, 0.789539981575546, 0.6337372397940519, 0.4580717878496168, 0.4955702664020206, 0.6732152721440691, 0.49841879833210306, 0.37246508090715325, 0.677846740398549, 0.6683022960747753, 0.6402872646511597, 0.22855821193487166, 0.4439123403146812]
Iteration 64: [0.5161501295170509, 0.6302046800131005, 0.4502938915606844, 0.63678494172433, 0.3397202619525329, 0.5727412795899383, 0.6152521611681195, 0.7164598260741531, 0.789539981575546, 0.6337372397940519, 0.4580717878496168, 0.4468554436911211, 0.6732152721440691, 0.49841879833210306, 0.37246508090715325, 0.677846740398549, 0.6683022960747753, 0.6402872646511597, 0.22855821193487166, 0.4439123403146812]
Iteration 65: [0.5161501295170509, 0.6302046800131005, 0.4502938915606844, 0.63678494172433, 0.3397202619525329, 0.5727412795899383, 0.6152521611681195, 0.7164598260741531, 0.33499972911207365, 0.6337372397940519, 0.4580717878496168, 0.4468554436911211, 0.6732152721440691, 0.49841879833210306, 0.37246508090715325, 0.677846740398549, 0.6683022960747753, 0.6402872646511597, 0.22855821193487166, 0.4439123403146812]
Iteration 66: [0.5161501295170509, 0.4952530275377546, 0.4502938915606844, 0.63678494172433, 0.3397202619525329, 0.5727412795899383, 0.6152521611681195, 0.7164598260741531, 0.33499972911207365, 0.6337372397940519, 0.4580717878496168, 0.4468554436911211, 0.6732152721440691, 0.49841879833210306, 0.37246508090715325, 0.677846740398549, 0.6683022960747753, 0.6402872646511597, 0.22855821193487166, 0.5000163962318643]
Iteration 67: [0.5161501295170509, 0.4952530275377546, 0.4502938915606844, 0.63678494172433, 0.3397202619525329, 0.6434050158069974, 0.6152521611681195, 0.7164598260741531, 0.33499972911207365, 0.5179377916507765, 0.4580717878496168, 0.4468554436911211, 0.6732152721440691, 0.49841879833210306, 0.37246508090715325, 0.677846740398549, 0.6683022960747753, 0.6402872646511597, 0.22855821193487166, 0.5000163962318643]
Iteration 68: [0.5161501295170509, 0.4952530275377546, 0.4502938915606844, 0.63678494172433, 0.3397202619525329, 0.6434050158069974, 0.6152521611681195, 0.7164598260741531, 0.33499972911207365, 0.5179377916507765, 0.5077817066757303, 0.4468554436911211, 0.6732152721440691, 0.49841879833210306, 0.37246508090715325, 0.677846740398549, 0.6683022960747753, 0.6402872646511597, 0.5172942826840702, 0.5000163962318643]
Iteration 69: [0.5161501295170509, 0.4952530275377546, 0.4502938915606844, 0.63678494172433, 0.43317870071321724, 0.6434050158069974, 0.6152521611681195, 0.7164598260741531, 0.33499972911207365, 0.5179377916507765, 0.5202278524199747, 0.4468554436911211, 0.6732152721440691, 0.49841879833210306, 0.37246508090715325, 0.677846740398549, 0.6683022960747753, 0.6402872646511597, 0.5172942826840702, 0.5000163962318643]
Iteration 70: [0.5161501295170509, 0.4952530275377546, 0.4502938915606844, 0.63678494172433, 0.43317870071321724, 0.6659651892240562, 0.6289119030355937, 0.7164598260741531, 0.33499972911207365, 0.5179377916507765, 0.5202278524199747, 0.4468554436911211, 0.6732152721440691, 0.49841879833210306, 0.37246508090715325, 0.677846740398549, 0.6683022960747753, 0.6402872646511597, 0.5172942826840702, 0.5000163962318643]
Iteration 71: [0.5161501295170509, 0.4952530275377546, 0.4502938915606844, 0.63678494172433, 0.4860181327576998, 0.6659651892240562, 0.6289119030355937, 0.7164598260741531, 0.33499972911207365, 0.5179377916507765, 0.5202278524199747, 0.4468554436911211, 0.6732152721440691, 0.49841879833210306, 0.37246508090715325, 0.677846740398549, 0.6201490432367609, 0.6402872646511597, 0.5172942826840702, 0.5000163962318643]
Iteration 72: [0.5161501295170509, 0.4952530275377546, 0.4502938915606844, 0.63678494172433, 0.4860181327576998, 0.6659651892240562, 0.6289119030355937, 0.7164598260741531, 0.33499972911207365, 0.5179377916507765, 0.6368434863190525, 0.4468554436911211, 0.6732152721440691, 0.49841879833210306, 0.31481287485509546, 0.677846740398549, 0.6201490432367609, 0.6402872646511597, 0.5172942826840702, 0.5000163962318643]
Iteration 73: [0.4962240132182013, 0.4952530275377546, 0.4502938915606844, 0.63678494172433, 0.4860181327576998, 0.6659651892240562, 0.6289119030355937, 0.7164598260741531, 0.33499972911207365, 0.5179377916507765, 0.6368434863190525, 0.4468554436911211, 0.6732152721440691, 0.49841879833210306, 0.31481287485509546, 0.677846740398549, 0.6201490432367609, 0.6402872646511597, 0.5172942826840702, 0.5000163962318643]
Iteration 74: [0.4962240132182013, 0.4952530275377546, 0.4502938915606844, 0.63678494172433, 0.4860181327576998, 0.6659651892240562, 0.6289119030355937, 0.7164598260741531, 0.33499972911207365, 0.5179377916507765, 0.6368434863190525, 0.4468554436911211, 0.6732152721440691, 0.49841879833210306, 0.3160533849502715, 0.677846740398549, 0.8996467644286914, 0.6402872646511597, 0.5172942826840702, 0.5000163962318643]
Iteration 75: [0.4962240132182013, 0.4608265727032975, 0.4502938915606844, 0.63678494172433, 0.4860181327576998, 0.6659651892240562, 0.6289119030355937, 0.7164598260741531, 0.30803293412934385, 0.5179377916507765, 0.6368434863190525, 0.4468554436911211, 0.6732152721440691, 0.49841879833210306, 0.3160533849502715, 0.677846740398549, 0.8996467644286914, 0.6402872646511597, 0.5172942826840702, 0.5000163962318643]
Iteration 76: [0.4962240132182013, 0.4608265727032975, 0.4502938915606844, 0.63678494172433, 0.4860181327576998, 0.6659651892240562, 0.6289119030355937, 0.7164598260741531, 0.30803293412934385, 0.5179377916507765, 0.6368434863190525, 0.4387006405425844, 0.6732152721440691, 0.49841879833210306, 0.43372886451329695, 0.677846740398549, 0.8996467644286914, 0.6402872646511597, 0.5172942826840702, 0.5000163962318643]
Iteration 77: [0.4962240132182013, 0.4608265727032975, 0.4502938915606844, 0.63678494172433, 0.4860181327576998, 0.6659651892240562, 0.6289119030355937, 0.7164598260741531, 0.30803293412934385, 0.5179377916507765, 0.6368434863190525, 0.4387006405425844, 0.6732152721440691, 0.49841879833210306, 0.43372886451329695, 0.677846740398549, 0.8996467644286914, 0.6402872646511597, 0.5172942826840702, 0.6001622896064049]
Iteration 78: [0.4962240132182013, 0.4608265727032975, 0.4502938915606844, 0.63678494172433, 0.4860181327576998, 0.6659651892240562, 0.6289119030355937, 0.7164598260741531, 0.30803293412934385, 0.5179377916507765, 0.6368434863190525, 0.4387006405425844, 0.6732152721440691, 0.49841879833210306, 0.43372886451329695, 0.677846740398549, 0.6227209929420545, 0.6402872646511597, 0.5172942826840702, 0.6001622896064049]
Iteration 79: [0.4962240132182013, 0.4608265727032975, 0.4502938915606844, 0.63678494172433, 0.4860181327576998, 0.6659651892240562, 0.6289119030355937, 0.7164598260741531, 0.30803293412934385, 0.5179377916507765, 0.6387805049550168, 0.4387006405425844, 0.6732152721440691, 0.49841879833210306, 0.43372886451329695, 0.5145619421328516, 0.6227209929420545, 0.6402872646511597, 0.5172942826840702, 0.6001622896064049]
Iteration 80: [0.4962240132182013, 0.4608265727032975, 0.4502938915606844, 0.63678494172433, 0.4860181327576998, 0.6659651892240562, 0.6289119030355937, 0.6923629919398855, 0.30803293412934385, 0.5179377916507765, 0.6387805049550168, 0.4387006405425844, 0.6732152721440691, 0.49841879833210306, 0.43372886451329695, 0.5145619421328516, 0.6227209929420545, 0.6402872646511597, 0.6860349815271428, 0.6001622896064049]
Iteration 81: [0.4962240132182013, 0.4608265727032975, 0.4502938915606844, 0.63678494172433, 0.4860181327576998, 0.6659651892240562, 0.6289119030355937, 0.6923629919398855, 0.41587277353625907, 0.5179377916507765, 0.6387805049550168, 0.4387006405425844, 0.6732152721440691, 0.49841879833210306, 0.43372886451329695, 0.5249990726868773, 0.6227209929420545, 0.6402872646511597, 0.6860349815271428, 0.6001622896064049]
Iteration 82: [0.4962240132182013, 0.4608265727032975, 0.4502938915606844, 0.63678494172433, 0.4860181327576998, 0.6659651892240562, 0.6289119030355937, 0.6923629919398855, 0.41587277353625907, 0.5179377916507765, 0.6387805049550168, 0.4387006405425844, 0.6732152721440691, 0.47760046276965795, 0.43372886451329695, 0.5249990726868773, 0.6227209929420545, 0.6402872646511597, 0.6860349815271428, 0.6001622896064049]
Iteration 83: [0.4962240132182013, 0.4608265727032975, 0.4502938915606844, 0.63678494172433, 0.4860181327576998, 0.6659651892240562, 0.6289119030355937, 0.6923629919398855, 0.41587277353625907, 0.5179377916507765, 0.6387805049550168, 0.4387006405425844, 0.6732152721440691, 0.5189994839325647, 0.43372886451329695, 0.5249990726868773, 0.6227209929420545, 0.5704740886488874, 0.6860349815271428, 0.6001622896064049]
Iteration 84: [0.4962240132182013, 0.4608265727032975, 0.4502938915606844, 0.63678494172433, 0.4860181327576998, 0.6659651892240562, 0.6433786993634553, 0.6923629919398855, 0.41587277353625907, 0.5179377916507765, 0.6387805049550168, 0.4387006405425844, 0.6732152721440691, 0.5189994839325647, 0.5952547450426151, 0.5249990726868773, 0.6227209929420545, 0.5704740886488874, 0.6860349815271428, 0.6001622896064049]
Iteration 85: [0.4962240132182013, 0.6353303928568937, 0.4502938915606844, 0.63678494172433, 0.4860181327576998, 0.6659651892240562, 0.6433786993634553, 0.6923629919398855, 0.4105852759727348, 0.5179377916507765, 0.6387805049550168, 0.4387006405425844, 0.6732152721440691, 0.5189994839325647, 0.5952547450426151, 0.5249990726868773, 0.6227209929420545, 0.5704740886488874, 0.6860349815271428, 0.6001622896064049]
Iteration 86: [0.4962240132182013, 0.6353303928568937, 0.4502938915606844, 0.63678494172433, 0.4860181327576998, 0.6659651892240562, 0.6433786993634553, 0.6923629919398855, 0.4105852759727348, 0.5179377916507765, 0.6387805049550168, 0.4387006405425844, 0.6428687245391554, 0.5189994839325647, 0.5952547450426151, 0.5249990726868773, 0.6227209929420545, 0.5704740886488874, 0.6860349815271428, 0.6001622896064049]
Iteration 87: [0.4962240132182013, 0.6353303928568937, 0.4502938915606844, 0.63678494172433, 0.4860181327576998, 0.6659651892240562, 0.6433786993634553, 0.6923629919398855, 0.4105852759727348, 0.6217865668316019, 0.6387805049550168, 0.4387006405425844, 0.6428687245391554, 0.5189994839325647, 0.5952547450426151, 0.5249990726868773, 0.6227209929420545, 0.5704740886488874, 0.6860349815271428, 0.6001622896064049]
Iteration 88: [0.4962240132182013, 0.674406769328503, 0.4502938915606844, 0.4378855279449464, 0.4860181327576998, 0.6659651892240562, 0.6433786993634553, 0.6923629919398855, 0.4105852759727348, 0.6217865668316019, 0.6387805049550168, 0.4387006405425844, 0.6428687245391554, 0.5189994839325647, 0.5952547450426151, 0.5249990726868773, 0.6227209929420545, 0.5704740886488874, 0.6860349815271428, 0.6001622896064049]
Iteration 89: [0.4962240132182013, 0.674406769328503, 0.4502938915606844, 0.6881966655157506, 0.4860181327576998, 0.6659651892240562, 0.6433786993634553, 0.6923629919398855, 0.4105852759727348, 0.6217865668316019, 0.6387805049550168, 0.4387006405425844, 0.6428687245391554, 0.5189994839325647, 0.5952547450426151, 0.5249990726868773, 0.621496569555058, 0.5704740886488874, 0.6860349815271428, 0.6001622896064049]
Iteration 90: [0.4962240132182013, 0.674406769328503, 0.4502938915606844, 0.6881966655157506, 0.4860181327576998, 0.6659651892240562, 0.6433786993634553, 0.6923629919398855, 0.4105852759727348, 0.6217865668316019, 0.6387805049550168, 0.4387006405425844, 0.6428687245391554, 0.5189994839325647, 0.5648161237663022, 0.6785729961843721, 0.621496569555058, 0.5704740886488874, 0.6860349815271428, 0.6001622896064049]
Iteration 91: [0.4962240132182013, 0.674406769328503, 0.4502938915606844, 0.6881966655157506, 0.39906397250587544, 0.6659651892240562, 0.6433786993634553, 0.6923629919398855, 0.4105852759727348, 0.6217865668316019, 0.6387805049550168, 0.4387006405425844, 0.6428687245391554, 0.5189994839325647, 0.5648161237663022, 0.6785729961843721, 0.621496569555058, 0.5704740886488874, 0.6860349815271428, 0.6001622896064049]
Iteration 92: [0.4962240132182013, 0.674406769328503, 0.4502938915606844, 0.6881966655157506, 0.39906397250587544, 0.6741806488544395, 0.6433786993634553, 0.6923629919398855, 0.4105852759727348, 0.6217865668316019, 0.6387805049550168, 0.4387006405425844, 0.6428687245391554, 0.5189994839325647, 0.5648161237663022, 0.5346476097588313, 0.621496569555058, 0.5704740886488874, 0.6860349815271428, 0.6001622896064049]
Iteration 93: [0.4962240132182013, 0.674406769328503, 0.4502938915606844, 0.6881966655157506, 0.39906397250587544, 0.6741806488544395, 0.6433786993634553, 0.6923629919398855, 0.3552773649005259, 0.6217865668316019, 0.6387805049550168, 0.5529222642901195, 0.6428687245391554, 0.5189994839325647, 0.5648161237663022, 0.5346476097588313, 0.621496569555058, 0.5704740886488874, 0.6860349815271428, 0.6001622896064049]
Iteration 94: [0.5699960848514388, 0.674406769328503, 0.4502938915606844, 0.6881966655157506, 0.39906397250587544, 0.6741806488544395, 0.6433786993634553, 0.6923629919398855, 0.3552773649005259, 0.6514323453049828, 0.6387805049550168, 0.5529222642901195, 0.6428687245391554, 0.5189994839325647, 0.5648161237663022, 0.5346476097588313, 0.621496569555058, 0.5704740886488874, 0.6860349815271428, 0.6001622896064049]
Iteration 95: [0.5699960848514388, 0.674406769328503, 0.4502938915606844, 0.6881966655157506, 0.39906397250587544, 0.6741806488544395, 0.6433786993634553, 0.6923629919398855, 0.3552773649005259, 0.6514323453049828, 0.6387805049550168, 0.5529222642901195, 0.6428687245391554, 0.5189994839325647, 0.5648161237663022, 0.5346476097588313, 0.621496569555058, 0.5704740886488874, 0.3828584570328784, 0.6177179347458402]
Iteration 96: [0.5699960848514388, 0.674406769328503, 0.4502938915606844, 0.6881966655157506, 0.39906397250587544, 0.6741806488544395, 0.6433786993634553, 0.6923629919398855, 0.3552773649005259, 0.6514323453049828, 0.6387805049550168, 0.482715040454213, 0.6428687245391554, 0.5189994839325647, 0.5648161237663022, 0.5282474783847257, 0.621496569555058, 0.5704740886488874, 0.3828584570328784, 0.6177179347458402]
Iteration 97: [0.5699960848514388, 0.674406769328503, 0.5886700313085909, 0.6881966655157506, 0.39906397250587544, 0.6741806488544395, 0.6433786993634553, 0.6923629919398855, 0.3552773649005259, 0.6514323453049828, 0.6387805049550168, 0.5669897991477885, 0.6428687245391554, 0.5189994839325647, 0.5648161237663022, 0.5282474783847257, 0.621496569555058, 0.5704740886488874, 0.3828584570328784, 0.6177179347458402]
Iteration 98: [0.5699960848514388, 0.674406769328503, 0.5886700313085909, 0.6881966655157506, 0.36021371346469966, 0.6741806488544395, 0.6433786993634553, 0.6923629919398855, 0.3552773649005259, 0.6514323453049828, 0.6387805049550168, 0.5669897991477885, 0.6428687245391554, 0.5189994839325647, 0.5648161237663022, 0.5282474783847257, 0.621496569555058, 0.5704740886488874, 0.3828584570328784, 0.6177179347458402]
Iteration 99: [0.5699960848514388, 0.674406769328503, 0.5886700313085909, 0.6881966655157506, 0.36021371346469966, 0.6741806488544395, 0.6433786993634553, 0.6923629919398855, 0.3552773649005259, 0.6514323453049828, 0.6387805049550168, 0.5669897991477885, 0.6362904377257138, 0.5189994839325647, 0.5648161237663022, 0.5282474783847257, 0.621496569555058, 0.5704740886488874, 0.5137539071711764, 0.6177179347458402]
Iteration 100: [0.5699960848514388, 0.6628013267298869, 0.5886700313085909, 0.6881966655157506, 0.36021371346469966, 0.6741806488544395, 0.6433786993634553, 0.6923629919398855, 0.3552773649005259, 0.6514323453049828, 0.6387805049550168, 0.5669897991477885, 0.6362904377257138, 0.5189994839325647, 0.5648161237663022, 0.5282474783847257, 0.621496569555058, 0.5704740886488874, 0.5137539071711764, 0.6177179347458402]
Iteration 101: [0.5699960848514388, 0.6628013267298869, 0.5308565322659017, 0.6881966655157506, 0.36021371346469966, 0.6741806488544395, 0.6433786993634553, 0.6923629919398855, 0.3552773649005259, 0.6514323453049828, 0.6387805049550168, 0.5669897991477885, 0.6362904377257138, 0.5189994839325647, 0.5648161237663022, 0.5282474783847257, 0.621496569555058, 0.5704740886488874, 0.5137539071711764, 0.6057378906308881]
Iteration 102: [0.5699960848514388, 0.6628013267298869, 0.5308565322659017, 0.6881966655157506, 0.36021371346469966, 0.6741806488544395, 0.6433786993634553, 0.6923629919398855, 0.3552773649005259, 0.6514323453049828, 0.6387805049550168, 0.5669897991477885, 0.6362904377257138, 0.5189994839325647, 0.5648161237663022, 0.5113438096162803, 0.621496569555058, 0.5704740886488874, 0.5137539071711764, 0.5739514889373575]
Iteration 103: [0.5699960848514388, 0.6628013267298869, 0.5308565322659017, 0.6881966655157506, 0.36021371346469966, 0.6741806488544395, 0.6433786993634553, 0.6923629919398855, 0.3552773649005259, 0.6514323453049828, 0.6387805049550168, 0.5669897991477885, 0.6362904377257138, 0.5189994839325647, 0.5840110373206104, 0.5113438096162803, 0.621496569555058, 0.5704740886488874, 0.5137539071711764, 0.5739514889373575]
Iteration 104: [0.5699960848514388, 0.6628013267298869, 0.5308565322659017, 0.6881966655157506, 0.3607218497910155, 0.6741806488544395, 0.6433786993634553, 0.6923629919398855, 0.3552773649005259, 0.6514323453049828, 0.6387805049550168, 0.5669897991477885, 0.6362904377257138, 0.5189994839325647, 0.5219277515669966, 0.5113438096162803, 0.621496569555058, 0.5704740886488874, 0.5137539071711764, 0.5739514889373575]
Iteration 105: [0.5699960848514388, 0.6628013267298869, 0.5308565322659017, 0.6893811855642521, 0.3607218497910155, 0.6741806488544395, 0.6433786993634553, 0.6923629919398855, 0.3552773649005259, 0.6514323453049828, 0.6387805049550168, 0.5669897991477885, 0.6362904377257138, 0.5189994839325647, 0.5219277515669966, 0.5113438096162803, 0.621496569555058, 0.5704740886488874, 0.5137539071711764, 0.5634723576435533]
Iteration 106: [0.5699960848514388, 0.6628013267298869, 0.5308565322659017, 0.6893811855642521, 0.3607218497910155, 0.6741806488544395, 0.6433786993634553, 0.6923629919398855, 0.3552773649005259, 0.6514323453049828, 0.7047532396231272, 0.5669897991477885, 0.6362904377257138, 0.5189994839325647, 0.5219277515669966, 0.5113438096162803, 0.49546508507448106, 0.5704740886488874, 0.5137539071711764, 0.5634723576435533]
Iteration 107: [0.5699960848514388, 0.6628013267298869, 0.5308565322659017, 0.6893811855642521, 0.3607218497910155, 0.6741806488544395, 0.5499703686032501, 0.6923629919398855, 0.3552773649005259, 0.6514323453049828, 0.7047532396231272, 0.8146209604443521, 0.6362904377257138, 0.5189994839325647, 0.5219277515669966, 0.5113438096162803, 0.49546508507448106, 0.5704740886488874, 0.5137539071711764, 0.5634723576435533]
Iteration 108: [0.5699960848514388, 0.6628013267298869, 0.5308565322659017, 0.6893811855642521, 0.3607218497910155, 0.6741806488544395, 0.5499703686032501, 0.6923629919398855, 0.2143667177573883, 0.6514323453049828, 0.7047532396231272, 0.8146209604443521, 0.6362904377257138, 0.5189994839325647, 0.5219277515669966, 0.5113438096162803, 0.49546508507448106, 0.642777907611944, 0.5137539071711764, 0.5634723576435533]
Iteration 109: [0.5699960848514388, 0.6628013267298869, 0.5308565322659017, 0.6893811855642521, 0.3607218497910155, 0.6741806488544395, 0.6415147918201195, 0.6923629919398855, 0.2143667177573883, 0.6514323453049828, 0.7047532396231272, 0.8146209604443521, 0.6362904377257138, 0.5189994839325647, 0.5219277515669966, 0.5113438096162803, 0.10794652092189663, 0.642777907611944, 0.5137539071711764, 0.5634723576435533]
Iteration 110: [0.5699960848514388, 0.6628013267298869, 0.395935385983775, 0.6893811855642521, 0.3607218497910155, 0.6741806488544395, 0.6415147918201195, 0.6923629919398855, 0.2143667177573883, 0.6514323453049828, 0.7047532396231272, 0.8146209604443521, 0.6362904377257138, 0.5189994839325647, 0.5219277515669966, 0.5113438096162803, 0.49546508507448106, 0.642777907611944, 0.5137539071711764, 0.5634723576435533]
Iteration 111: [0.5699960848514388, 0.6628013267298869, 0.395935385983775, 0.6893811855642521, 0.3607218497910155, 0.6741806488544395, 0.6415147918201195, 0.6826208182470367, 0.3958470897149534, 0.6514323453049828, 0.7047532396231272, 0.8146209604443521, 0.6362904377257138, 0.5189994839325647, 0.5219277515669966, 0.5113438096162803, 0.49546508507448106, 0.642777907611944, 0.5137539071711764, 0.5634723576435533]
Iteration 112: [0.5699960848514388, 0.6628013267298869, 0.395935385983775, 0.6893811855642521, 0.3607218497910155, 0.6741806488544395, 0.6415147918201195, 0.6826208182470367, 0.3958470897149534, 0.6514323453049828, 0.7047532396231272, 0.8146209604443521, 0.6362904377257138, 0.5189994839325647, 0.5219277515669966, 0.5113438096162803, 0.49546508507448106, 0.642777907611944, 0.5137539071711764, 0.7558880915743972]
Iteration 113: [0.9397255139258314, 0.6628013267298869, 0.395935385983775, 0.6893811855642521, 0.3607218497910155, 0.6741806488544395, 0.5984747615977445, 0.6826208182470367, 0.3958470897149534, 0.6514323453049828, 0.7047532396231272, 0.8146209604443521, 0.6362904377257138, 0.5189994839325647, 0.5219277515669966, 0.5113438096162803, 0.49546508507448106, 0.642777907611944, 0.5137539071711764, 0.7558880915743972]
Iteration 114: [0.9397255139258314, 0.6628013267298869, 0.395935385983775, 0.6893811855642521, 0.3607218497910155, 0.6741806488544395, 0.5984747615977445, 0.6826208182470367, 0.3958470897149534, 0.6514323453049828, 0.7047532396231272, 0.5660914465869483, 0.7184807887366703, 0.5189994839325647, 0.5219277515669966, 0.5113438096162803, 0.49546508507448106, 0.642777907611944, 0.5137539071711764, 0.7558880915743972]
Iteration 115: [0.5476246196727785, 0.6628013267298869, 0.395935385983775, 0.6893811855642521, 0.3607218497910155, 0.6741806488544395, 0.5984747615977445, 0.6826208182470367, 0.3958470897149534, 0.6514323453049828, 0.6804811949929643, 0.5660914465869483, 0.7184807887366703, 0.5189994839325647, 0.5219277515669966, 0.5113438096162803, 0.49546508507448106, 0.642777907611944, 0.5137539071711764, 0.7558880915743972]
Iteration 116: [0.5476246196727785, 0.6628013267298869, 0.395935385983775, 0.6893811855642521, 0.3607218497910155, 0.6741806488544395, 0.6519282686537546, 0.6826208182470367, 0.3958470897149534, 0.6514323453049828, 0.6804811949929643, 0.5660914465869483, 0.7184807887366703, 0.5189994839325647, 0.5219277515669966, 0.5113438096162803, 0.577794534036254, 0.642777907611944, 0.5137539071711764, 0.7558880915743972]
Iteration 117: [0.5476246196727785, 0.6628013267298869, 0.395935385983775, 0.6893811855642521, 0.3607218497910155, 0.6741806488544395, 0.6519282686537546, 0.6826208182470367, 0.3958470897149534, 0.6514323453049828, 0.6804811949929643, 0.5660914465869483, 0.7184807887366703, 0.5189994839325647, 0.5219277515669966, 0.5113438096162803, 0.577794534036254, 0.642777907611944, 0.5137539071711764, 0.570785140284173]
Iteration 118: [0.5476246196727785, 0.6628013267298869, 0.395935385983775, 0.6893811855642521, 0.3607218497910155, 0.6662145960098645, 0.6519282686537546, 0.6826208182470367, 0.3958470897149534, 0.6150867877241739, 0.6804811949929643, 0.5660914465869483, 0.7184807887366703, 0.5189994839325647, 0.5219277515669966, 0.5113438096162803, 0.577794534036254, 0.642777907611944, 0.5137539071711764, 0.570785140284173]
Iteration 119: [0.5476246196727785, 0.6628013267298869, 0.395935385983775, 0.6893811855642521, 0.3607218497910155, 0.6662145960098645, 0.6519282686537546, 0.6826208182470367, 0.3958470897149534, 0.6150867877241739, 0.6804811949929643, 0.5660914465869483, 0.7184807887366703, 0.5189994839325647, 0.6169850270828956, 0.5113438096162803, 0.577794534036254, 0.642777907611944, 0.5137539071711764, 0.570785140284173]
Iteration 120: [0.5476246196727785, 0.6628013267298869, 0.395935385983775, 0.6893811855642521, 0.3607218497910155, 0.6662145960098645, 0.6519282686537546, 0.5092566288663178, 0.3958470897149534, 0.6150867877241739, 0.6804811949929643, 0.5660914465869483, 0.7184807887366703, 0.5189994839325647, 0.6169850270828956, 0.61793854140039, 0.577794534036254, 0.642777907611944, 0.5137539071711764, 0.570785140284173]
Iteration 121: [0.5476246196727785, 0.6628013267298869, 0.395935385983775, 0.6893811855642521, 0.3607218497910155, 0.6662145960098645, 0.6519282686537546, 0.5092566288663178, 0.3958470897149534, 0.6150867877241739, 0.592896214213711, 0.5660914465869483, 0.7184807887366703, 0.5309122330475824, 0.6169850270828956, 0.61793854140039, 0.577794534036254, 0.642777907611944, 0.5137539071711764, 0.570785140284173]
Iteration 122: [0.5476246196727785, 0.49610383930911256, 0.395935385983775, 0.6893811855642521, 0.3607218497910155, 0.6662145960098645, 0.6519282686537546, 0.5092566288663178, 0.3958470897149534, 0.6150867877241739, 0.592896214213711, 0.5660914465869483, 0.7184807887366703, 0.5309122330475824, 0.6169850270828956, 0.61793854140039, 0.577794534036254, 0.642777907611944, 0.5137539071711764, 0.570785140284173]
Iteration 123: [0.5476246196727785, 0.49610383930911256, 0.395935385983775, 0.6893811855642521, 0.412131393531882, 0.6662145960098645, 0.6519282686537546, 0.5092566288663178, 0.3958470897149534, 0.6150867877241739, 0.592896214213711, 0.5660914465869483, 0.7184807887366703, 0.5309122330475824, 0.6169850270828956, 0.61793854140039, 0.577794534036254, 0.642777907611944, 0.6217219814586478, 0.570785140284173]
Iteration 124: [0.5476246196727785, 0.49610383930911256, 0.395935385983775, 0.6893811855642521, 0.412131393531882, 0.6662145960098645, 0.6519282686537546, 0.5092566288663178, 0.3958470897149534, 0.6150867877241739, 0.592896214213711, 0.5795756367869729, 0.7184807887366703, 0.5309122330475824, 0.6169850270828956, 0.61793854140039, 0.577794534036254, 0.642777907611944, 0.6200198729728487, 0.570785140284173]
Iteration 125: [0.5476246196727785, 0.49610383930911256, 0.395935385983775, 0.47017571027546534, 0.412131393531882, 0.6662145960098645, 0.598013423481478, 0.5092566288663178, 0.3958470897149534, 0.6150867877241739, 0.592896214213711, 0.5795756367869729, 0.7184807887366703, 0.5309122330475824, 0.6169850270828956, 0.61793854140039, 0.577794534036254, 0.642777907611944, 0.6200198729728487, 0.570785140284173]
Iteration 126: [0.29153892615770627, 0.49610383930911256, 0.395935385983775, 0.47017571027546534, 0.412131393531882, 0.6662145960098645, 0.598013423481478, 0.5092566288663178, 0.3958470897149534, 0.6150867877241739, 0.592896214213711, 0.5795756367869729, 0.7184807887366703, 0.5309122330475824, 0.6169850270828956, 0.61793854140039, 0.6073634703953491, 0.642777907611944, 0.6200198729728487, 0.570785140284173]
Iteration 127: [0.29153892615770627, 0.49610383930911256, 0.395935385983775, 0.47017571027546534, 0.412131393531882, 0.6662145960098645, 0.8329206681879596, 0.5092566288663178, 0.3958470897149534, 0.6150867877241739, 0.592896214213711, 0.5795756367869729, 0.7184807887366703, 0.5309122330475824, 0.544296072871304, 0.61793854140039, 0.6073634703953491, 0.642777907611944, 0.6200198729728487, 0.570785140284173]
Iteration 128: [0.29153892615770627, 0.49610383930911256, 0.395935385983775, 0.47017571027546534, 0.412131393531882, 0.6662145960098645, 0.8329206681879596, 0.5092566288663178, 0.396178283201915, 0.6150867877241739, 0.592896214213711, 0.5795756367869729, 0.7184807887366703, 0.5309122330475824, 0.544296072871304, 0.61793854140039, 0.6073634703953491, 0.642777907611944, 0.6200198729728487, 0.597846730394395]
Iteration 129: [0.29153892615770627, 0.49610383930911256, 0.395935385983775, 0.47017571027546534, 0.412131393531882, 0.6662145960098645, 0.8329206681879596, 0.5092566288663178, 0.396178283201915, 0.6150867877241739, 0.6173979570626961, 0.5795756367869729, 0.5335478672379192, 0.5309122330475824, 0.544296072871304, 0.61793854140039, 0.6073634703953491, 0.642777907611944, 0.6200198729728487, 0.597846730394395]
Iteration 130: [0.29153892615770627, 0.49610383930911256, 0.395935385983775, 0.47017571027546534, 0.24277848845984012, 0.6662145960098645, 0.8329206681879596, 0.5092566288663178, 0.396178283201915, 0.6150867877241739, 0.6173979570626961, 0.5795756367869729, 0.5335478672379192, 0.5309122330475824, 0.08289126916797077, 0.61793854140039, 0.6073634703953491, 0.642777907611944, 0.6200198729728487, 0.597846730394395]
Iteration 131: [0.29153892615770627, 0.49610383930911256, 0.395935385983775, 0.47017571027546534, 0.24277848845984012, 0.6662145960098645, 0.8329206681879596, 0.5092566288663178, 0.38703567790409477, 0.6150867877241739, 0.6173979570626961, 0.5795756367869729, 0.5335478672379192, 0.5309122330475824, 0.08289126916797077, 0.61793854140039, 0.6073634703953491, 0.642777907611944, 0.6200198729728487, 0.597846730394395]
Iteration 132: [0.29153892615770627, 0.49610383930911256, 0.395935385983775, 0.47017571027546534, 0.24277848845984012, 0.6662145960098645, 0.8329206681879596, 0.5092566288663178, 0.27853755855801166, 0.6150867877241739, 0.6173979570626961, 0.5795756367869729, 0.5335478672379192, 0.5309122330475824, 0.08289126916797077, 0.61793854140039, 0.6073634703953491, 0.642777907611944, 0.6200198729728487, 0.5390110002692908]
Iteration 133: [0.29153892615770627, 0.49610383930911256, 0.395935385983775, 0.47017571027546534, 0.24277848845984012, 0.6662145960098645, 0.8329206681879596, 0.5092566288663178, 0.27853755855801166, 0.6150867877241739, 0.6173979570626961, 0.5795756367869729, 0.5335478672379192, 0.5309122330475824, 0.08289126916797077, 0.61793854140039, 0.6073634703953491, 0.642777907611944, 0.5990112199601875, 0.5390110002692908]
Iteration 134: [0.29153892615770627, 0.49610383930911256, 0.395935385983775, 0.47017571027546534, 0.24277848845984012, 0.6662145960098645, 0.8329206681879596, 0.5092566288663178, 0.27853755855801166, 0.6150867877241739, 0.6173979570626961, 0.5795756367869729, 0.5335478672379192, 0.5309122330475824, 0.08289126916797077, 0.06516275842496724, 0.6073634703953491, 0.642777907611944, 0.5990112199601875, 0.3451305386929127]
Iteration 135: [0.29153892615770627, 0.49610383930911256, 0.395935385983775, 0.47017571027546534, 0.24277848845984012, 0.6662145960098645, 0.6451813690217383, 0.5092566288663178, 0.27853755855801166, 0.7124360922075221, 0.6173979570626961, 0.5795756367869729, 0.5335478672379192, 0.5309122330475824, 0.08289126916797077, 0.06516275842496724, 0.6073634703953491, 0.642777907611944, 0.5990112199601875, 0.3451305386929127]
Iteration 136: [0.29153892615770627, 0.49610383930911256, 0.395935385983775, 0.47017571027546534, 0.24277848845984012, 0.6662145960098645, 0.6451813690217383, 0.6550240873009945, 0.27853755855801166, 0.7124360922075221, 0.6173979570626961, 0.5795756367869729, 0.5335478672379192, 0.5309122330475824, 0.08289126916797077, 0.06516275842496724, 0.6073634703953491, 0.642777907611944, 0.5990112199601875, 0.5390110002692908]
Iteration 137: [0.29153892615770627, 0.49610383930911256, 0.395935385983775, 0.47017571027546534, 0.24277848845984012, 0.6662145960098645, 0.6451813690217383, 0.6550240873009945, 0.27853755855801166, 0.7124360922075221, 0.636696730010344, 0.5795756367869729, 0.5335478672379192, 0.5309122330475824, 0.08289126916797077, 0.06516275842496724, 0.6073634703953491, 0.642777907611944, 0.6169208952040903, 0.5390110002692908]
Iteration 138: [0.29153892615770627, 0.49610383930911256, 0.395935385983775, 0.47017571027546534, 0.24277848845984012, 0.6662145960098645, 0.5389916676370434, 0.6550240873009945, 0.27853755855801166, 0.7124360922075221, 0.636696730010344, 0.5795756367869729, 0.5335478672379192, 0.5309122330475824, 0.08289126916797077, 0.30241671885235855, 0.6073634703953491, 0.642777907611944, 0.6169208952040903, 0.5390110002692908]
Iteration 139: [0.29153892615770627, 0.49610383930911256, 0.6756003558600855, 0.47017571027546534, 0.24277848845984012, 0.6662145960098645, 0.5389916676370434, 0.6550240873009945, 0.27853755855801166, 0.7124360922075221, 0.636696730010344, 0.5795756367869729, 0.5335478672379192, 0.5309122330475824, 0.7206858514759933, 0.30241671885235855, 0.6073634703953491, 0.642777907611944, 0.6169208952040903, 0.5390110002692908]
Iteration 140: [0.29153892615770627, 0.49610383930911256, 0.6756003558600855, 0.47017571027546534, 0.24277848845984012, 0.6662145960098645, 0.5389916676370434, 0.6550240873009945, 0.27853755855801166, 0.7124360922075221, 0.5805983921547448, 0.5795756367869729, 0.5335478672379192, 0.5309122330475824, 0.7206858514759933, 0.30241671885235855, 0.6073634703953491, 0.642777907611944, 0.4876169408186843, 0.5390110002692908]
Iteration 141: [0.29153892615770627, 0.5226359373935253, 0.6756003558600855, 0.47017571027546534, 0.24277848845984012, 0.6662145960098645, 0.5389916676370434, 0.6550240873009945, 0.27853755855801166, 0.7124360922075221, 0.5805983921547448, 0.5795756367869729, 0.5335478672379192, 0.5309122330475824, 0.7206858514759933, 0.30241671885235855, 0.5567320818870488, 0.642777907611944, 0.4876169408186843, 0.5390110002692908]
Iteration 142: [0.4117655587675728, 0.5226359373935253, 0.6756003558600855, 0.47017571027546534, 0.24277848845984012, 0.6662145960098645, 0.5389916676370434, 0.6550240873009945, 0.27853755855801166, 0.7124360922075221, 0.5805983921547448, 0.5795756367869729, 0.5335478672379192, 0.5309122330475824, 0.7206858514759933, 0.30241671885235855, 0.5567320818870488, 0.642777907611944, 0.4876169408186843, 0.5390110002692908]
Iteration 143: [0.4117655587675728, 0.5226359373935253, 0.6756003558600855, 0.47017571027546534, 0.24277848845984012, 0.6662145960098645, 0.4610252262859967, 0.6550240873009945, 0.27853755855801166, 0.7124360922075221, 0.5805983921547448, 0.5795756367869729, 0.5335478672379192, 0.5309122330475824, 0.7206858514759933, 0.30241671885235855, 0.5567320818870488, 0.642777907611944, 0.4876169408186843, 0.467926179564954]
Iteration 144: [0.4117655587675728, 0.5226359373935253, 0.6756003558600855, 0.47017571027546534, 0.24277848845984012, 0.6662145960098645, 0.4610252262859967, 0.6550240873009945, 0.27853755855801166, 0.7124360922075221, 0.5805983921547448, 0.5795756367869729, 0.5335478672379192, 0.5309122330475824, 0.3823765259374633, 0.30241671885235855, 0.5567320818870488, 0.642777907611944, 0.6167183321834104, 0.467926179564954]
Iteration 145: [0.4117655587675728, 0.5226359373935253, 0.6756003558600855, 0.47017571027546534, 0.24277848845984012, 0.6662145960098645, 0.6092995261574817, 0.8184591694421491, 0.27853755855801166, 0.7124360922075221, 0.5805983921547448, 0.5795756367869729, 0.5335478672379192, 0.5309122330475824, 0.3823765259374633, 0.30241671885235855, 0.5567320818870488, 0.642777907611944, 0.6167183321834104, 0.467926179564954]
Iteration 146: [0.4117655587675728, 0.5226359373935253, 0.6756003558600855, 0.47017571027546534, 0.24277848845984012, 0.6662145960098645, 0.6092995261574817, 0.8184591694421491, 0.27853755855801166, 0.7124360922075221, 0.4684624244877891, 0.5795756367869729, 0.5335478672379192, 0.5309122330475824, 0.3823765259374633, 0.30241671885235855, 0.5567320818870488, 0.642777907611944, 0.6167183321834104, 0.5355304230435767]
Iteration 147: [0.4117655587675728, 0.43731054668633346, 0.6756003558600855, 0.47017571027546534, 0.24277848845984012, 0.5289854668120421, 0.6092995261574817, 0.8184591694421491, 0.27853755855801166, 0.7124360922075221, 0.4684624244877891, 0.5795756367869729, 0.5335478672379192, 0.5309122330475824, 0.3823765259374633, 0.30241671885235855, 0.5567320818870488, 0.642777907611944, 0.6167183321834104, 0.5355304230435767]
Iteration 148: [0.4117655587675728, 0.43731054668633346, 0.6756003558600855, 0.47017571027546534, 0.3538753880840883, 0.5289854668120421, 0.6092995261574817, 0.8184591694421491, 0.27853755855801166, 0.6675378033117526, 0.4684624244877891, 0.5795756367869729, 0.5335478672379192, 0.5309122330475824, 0.3823765259374633, 0.30241671885235855, 0.5567320818870488, 0.642777907611944, 0.6167183321834104, 0.5355304230435767]
Iteration 149: [0.4117655587675728, 0.43731054668633346, 0.6756003558600855, 0.47017571027546534, 0.3538753880840883, 0.5897633966697988, 0.6092995261574817, 0.8184591694421491, 0.27853755855801166, 0.6675378033117526, 0.4684624244877891, 0.5795756367869729, 0.5335478672379192, 0.5309122330475824, 0.3823765259374633, 0.30241671885235855, 0.5567320818870488, 0.642777907611944, 0.6167183321834104, 0.5355304230435767]
Iteration 150: [0.4117655587675728, 0.5560883046140679, 0.6756003558600855, 0.47017571027546534, 0.3538753880840883, 0.5897633966697988, 0.6092995261574817, 0.8184591694421491, 0.27853755855801166, 0.6675378033117526, 0.4684624244877891, 0.5795756367869729, 0.7481291986486442, 0.5309122330475824, 0.3823765259374633, 0.30241671885235855, 0.5567320818870488, 0.642777907611944, 0.6167183321834104, 0.5355304230435767]
