There are 15 agents who believe in con
There are 3 agents who believe in pro
There are 2 agents who are neutral 

Iteration 1: [0.6920465324766368, 0.36370879207922835, 0.25680663873465753, 0.15408640542697036, 0.2674009330525529, 0.3594416396474862, 0.29522090528812633, 0.3789161108147639, 0.6854423418285917, 0.36622796096291743, 0.35645750469651766, 0.49831225738782803, 0.36216539032011447, 0.40863631130359346, 0.3265732878053869, 0.616296429104709, 0.4187757747679716, 0.2238186923268222, 0.49323102215692094, 0.5680908481870535]
Iteration 2: [0.6920465324766368, 0.0939748424222889, 0.25680663873465753, 0.15408640542697036, 0.2674009330525529, 0.3594416396474862, 0.29522090528812633, 0.3789161108147639, 0.2195929593231623, 0.36622796096291743, 0.35645750469651766, 0.49831225738782803, 0.36216539032011447, 0.40863631130359346, 0.3265732878053869, 0.616296429104709, 0.4187757747679716, 0.2238186923268222, 0.49323102215692094, 0.5680908481870535]
Iteration 3: [0.6920465324766368, 0.0939748424222889, 0.25680663873465753, 0.15408640542697036, 0.2674009330525529, 0.3594416396474862, 0.29522090528812633, 0.3789161108147639, 0.2195929593231623, 0.36622796096291743, 0.35645750469651766, 0.49831225738782803, 0.36216539032011447, 0.40863631130359346, 0.3265732878053869, 0.616296429104709, 0.4187757747679716, 0.2238186923268222, 0.1376357093830005, 0.3893706795395022]
Iteration 4: [0.6920465324766368, 0.0939748424222889, 0.25680663873465753, 0.15408640542697036, 0.2674009330525529, 0.18626572865463634, 0.29522090528812633, 0.3789161108147639, 0.2195929593231623, 0.36622796096291743, 0.35645750469651766, 0.49831225738782803, 0.36216539032011447, 0.40863631130359346, 0.3265732878053869, 0.616296429104709, 0.4187757747679716, 0.23571036132938705, 0.1376357093830005, 0.3893706795395022]
Iteration 5: [0.6920465324766368, 0.0939748424222889, 0.25680663873465753, 0.15408640542697036, 0.2674009330525529, 0.18626572865463634, 0.29522090528812633, 0.3789161108147639, 0.2195929593231623, 0.36622796096291743, 0.35645750469651766, 0.49831225738782803, 0.16897737046679873, 0.40863631130359346, 0.3265732878053869, 0.616296429104709, 0.41246874908902315, 0.23571036132938705, 0.1376357093830005, 0.3893706795395022]
Iteration 6: [0.6920465324766368, 0.0939748424222889, 0.25680663873465753, 0.15408640542697036, 0.2674009330525529, 0.18626572865463634, 0.29522090528812633, 0.3789161108147639, 0.2195929593231623, 0.36622796096291743, 0.35645750469651766, 0.49831225738782803, 0.16897737046679873, 0.3739524988607358, 0.3265732878053869, 0.616296429104709, 0.3433913153283997, 0.23571036132938705, 0.1376357093830005, 0.3893706795395022]
Iteration 7: [0.6920465324766368, 0.0939748424222889, 0.25680663873465753, 0.0018198558627421284, 0.2674009330525529, 0.18626572865463634, 0.4174978046233721, 0.3789161108147639, 0.2195929593231623, 0.36622796096291743, 0.35645750469651766, 0.49831225738782803, 0.16897737046679873, 0.3739524988607358, 0.3265732878053869, 0.616296429104709, 0.3433913153283997, 0.23571036132938705, 0.1376357093830005, 0.3893706795395022]
Iteration 8: [0.6920465324766368, 0.0939748424222889, 0.34716752808822177, 0.0018198558627421284, 0.2674009330525529, 0.18626572865463634, 0.4174978046233721, 0.3789161108147639, 0.2195929593231623, 0.36622796096291743, 0.35645750469651766, 0.49831225738782803, 0.16897737046679873, 0.3739524988607358, 0.4088624095586393, 0.616296429104709, 0.3433913153283997, 0.23571036132938705, 0.1376357093830005, 0.3893706795395022]
Iteration 9: [0.6920465324766368, 0.0939748424222889, 0.34716752808822177, 0.16474312151337037, 0.2674009330525529, 0.18626572865463634, 0.4174978046233721, 0.3789161108147639, 0.2195929593231623, 0.36622796096291743, 0.35645750469651766, 0.49831225738782803, 0.16897737046679873, 0.3739524988607358, 0.4088624095586393, 0.616296429104709, 0.3433913153283997, 0.23571036132938705, 0.1376357093830005, 0.3893706795395022]
Iteration 10: [0.6920465324766368, 0.0939748424222889, 0.34716752808822177, 0.16474312151337037, 0.2674009330525529, 0.18626572865463634, 0.4174978046233721, 0.3789161108147639, 0.2195929593231623, 0.36622796096291743, 0.35645750469651766, 0.49831225738782803, 0.3600576486998464, 0.3739524988607358, 0.4088624095586393, 0.616296429104709, 0.3433913153283997, 0.23571036132938705, 0.1376357093830005, 0.3893706795395022]
Iteration 11: [0.6920465324766368, 0.13737629196301376, 0.34716752808822177, 0.16474312151337037, 0.2674009330525529, 0.18626572865463634, 0.4174978046233721, 0.3789161108147639, 0.2195929593231623, 0.36622796096291743, 0.35645750469651766, 0.49831225738782803, 0.1603992359355396, 0.3739524988607358, 0.4088624095586393, 0.616296429104709, 0.3433913153283997, 0.23571036132938705, 0.1376357093830005, 0.3893706795395022]
Iteration 12: [0.6920465324766368, 0.13737629196301376, 0.34716752808822177, 0.16474312151337037, 0.2674009330525529, 0.18626572865463634, 0.4174978046233721, 0.3789161108147639, 0.2195929593231623, 0.36622796096291743, 0.35645750469651766, 0.49831225738782803, 0.1603992359355396, 0.3786587253595607, 0.4088624095586393, 0.5426697352873091, 0.3433913153283997, 0.23571036132938705, 0.1376357093830005, 0.3893706795395022]
Iteration 13: [0.6920465324766368, 0.13737629196301376, 0.34716752808822177, 0.16474312151337037, 0.2674009330525529, 0.18626572865463634, 0.1299627411260465, 0.3789161108147639, 0.2195929593231623, 0.36622796096291743, 0.34386538781709586, 0.49831225738782803, 0.1603992359355396, 0.3786587253595607, 0.4088624095586393, 0.5426697352873091, 0.3433913153283997, 0.23571036132938705, 0.1376357093830005, 0.3893706795395022]
Iteration 14: [0.20863756802467104, 0.13737629196301376, 0.34716752808822177, 0.16474312151337037, 0.2674009330525529, 0.18626572865463634, 0.1299627411260465, 0.3789161108147639, 0.2195929593231623, 0.36622796096291743, 0.34386538781709586, 0.49831225738782803, 0.1603992359355396, 0.3786587253595607, 0.4088624095586393, 0.6453335436749911, 0.3433913153283997, 0.23571036132938705, 0.1376357093830005, 0.3893706795395022]
Iteration 15: [0.20863756802467104, 0.13737629196301376, 0.34716752808822177, 0.16474312151337037, 0.2674009330525529, 0.18626572865463634, 0.1299627411260465, 0.3789161108147639, 0.2195929593231623, 0.36622796096291743, 0.34386538781709586, 0.49831225738782803, 0.1603992359355396, 0.3786587253595607, 0.4088624095586393, 0.6453335436749911, 0.3433913153283997, 0.202666729772669, 0.1376357093830005, 0.3893706795395022]
Iteration 16: [0.20863756802467104, 0.13737629196301376, 0.34716752808822177, 0.2224754431501035, 0.2674009330525529, 0.18626572865463634, 0.1299627411260465, 0.3789161108147639, 0.2195929593231623, 0.36622796096291743, 0.34386538781709586, 0.49831225738782803, 0.1603992359355396, 0.3786587253595607, 0.4088624095586393, 0.6453335436749911, 0.3433913153283997, 0.202666729772669, 0.1376357093830005, 0.3893706795395022]
Iteration 17: [0.20863756802467104, 0.13737629196301376, 0.34716752808822177, 0.2224754431501035, 0.2674009330525529, 0.18626572865463634, 0.1299627411260465, 0.3789161108147639, 0.2195929593231623, 0.36622796096291743, 0.34386538781709586, 0.49831225738782803, 0.1603992359355396, 0.3786587253595607, 0.36322047985994743, 0.6453335436749911, 0.40422504391876235, 0.202666729772669, 0.1376357093830005, 0.3893706795395022]
Iteration 18: [0.20863756802467104, 0.13737629196301376, 0.34716752808822177, 0.2224754431501035, 0.2674009330525529, 0.18626572865463634, 0.1299627411260465, 0.3789161108147639, 0.2195929593231623, 0.11634282903642162, 0.34386538781709586, 0.49831225738782803, 0.1603992359355396, 0.3786587253595607, 0.36322047985994743, 0.6453335436749911, 0.40422504391876235, 0.202666729772669, 0.3173043257552666, 0.3893706795395022]
Iteration 19: [0.20863756802467104, 0.10680071591148209, 0.34716752808822177, 0.2224754431501035, 0.2674009330525529, 0.18626572865463634, 0.1299627411260465, 0.3789161108147639, 0.2195929593231623, 0.1079031117650213, 0.34386538781709586, 0.49831225738782803, 0.1603992359355396, 0.3786587253595607, 0.36322047985994743, 0.6453335436749911, 0.40422504391876235, 0.202666729772669, 0.3173043257552666, 0.3893706795395022]
Iteration 20: [0.20863756802467104, 0.10680071591148209, 0.34716752808822177, 0.2224754431501035, 0.2674009330525529, 0.18626572865463634, 0.1299627411260465, 0.3789161108147639, 0.2195929593231623, 0.1079031117650213, 0.34386538781709586, 0.49831225738782803, 0.1603992359355396, 0.3786587253595607, 0.36322047985994743, 0.48806526749249857, 0.49572398752256525, 0.202666729772669, 0.3173043257552666, 0.3893706795395022]
Iteration 21: [0.20863756802467104, 0.10680071591148209, 0.34716752808822177, 0.2224754431501035, 0.2674009330525529, 0.18626572865463634, 0.1299627411260465, 0.3789161108147639, 0.2195929593231623, 0.1079031117650213, 0.34386538781709586, 0.49831225738782803, 0.1603992359355396, 0.3786587253595607, 0.36322047985994743, 0.10453671585233126, 0.49572398752256525, 0.2486856920380746, 0.3173043257552666, 0.3893706795395022]
Iteration 22: [0.20863756802467104, 0.10680071591148209, 0.34716752808822177, 0.2224754431501035, 0.2674009330525529, 0.18626572865463634, 0.1299627411260465, 0.41173925274872486, 0.2195929593231623, 0.1079031117650213, 0.34386538781709586, 0.49831225738782803, 0.1603992359355396, 0.3786587253595607, 0.17239676588804118, 0.10453671585233126, 0.49572398752256525, 0.2486856920380746, 0.3173043257552666, 0.3893706795395022]
Iteration 23: [0.20863756802467104, 0.10680071591148209, 0.34716752808822177, 0.2224754431501035, 0.2674009330525529, 0.18626572865463634, 0.1299627411260465, 0.41173925274872486, 0.2195929593231623, 0.1079031117650213, 0.12911272931903225, 0.49831225738782803, 0.4889299013460506, 0.3786587253595607, 0.17239676588804118, 0.10453671585233126, 0.49572398752256525, 0.2486856920380746, 0.3173043257552666, 0.3893706795395022]
Iteration 24: [0.20863756802467104, 0.10680071591148209, 0.34716752808822177, 0.2224754431501035, 0.2674009330525529, 0.18626572865463634, 0.1299627411260465, 0.41173925274872486, 0.2195929593231623, 0.1079031117650213, 0.12911272931903225, 0.49831225738782803, 0.4889299013460506, 0.3786587253595607, 0.17239676588804118, 0.10453671585233126, 0.4657796861945875, 0.23100772313263956, 0.3173043257552666, 0.3893706795395022]
Iteration 25: [0.2752279691377138, 0.10680071591148209, 0.34716752808822177, 0.2224754431501035, 0.2674009330525529, 0.18626572865463634, 0.1299627411260465, 0.5209336202163336, 0.2195929593231623, 0.1079031117650213, 0.12911272931903225, 0.49831225738782803, 0.4889299013460506, 0.3786587253595607, 0.17239676588804118, 0.10453671585233126, 0.4657796861945875, 0.23100772313263956, 0.3173043257552666, 0.3893706795395022]
Iteration 26: [0.2752279691377138, 0.10680071591148209, 0.34716752808822177, 0.2224754431501035, 0.2674009330525529, 0.18626572865463634, 0.1299627411260465, 0.5209336202163336, 0.2195929593231623, 0.1079031117650213, 0.12911272931903225, 0.49831225738782803, 0.4889299013460506, 0.3786587253595607, 0.4218585163028584, 0.10453671585233126, 0.4657796861945875, 0.23100772313263956, 0.3173043257552666, 0.3893706795395022]
Iteration 27: [0.2752279691377138, 0.10680071591148209, 0.34716752808822177, 0.2224754431501035, 0.2674009330525529, 0.13678978474297465, 0.1299627411260465, 0.5209336202163336, 0.2195929593231623, 0.1079031117650213, 0.19015999034841305, 0.49831225738782803, 0.4889299013460506, 0.3786587253595607, 0.4218585163028584, 0.10453671585233126, 0.4657796861945875, 0.23100772313263956, 0.3173043257552666, 0.3893706795395022]
Iteration 28: [0.2752279691377138, 0.10680071591148209, 0.2513798575021838, 0.2224754431501035, 0.2674009330525529, 0.13678978474297465, 0.15461395423958335, 0.5209336202163336, 0.2195929593231623, 0.1079031117650213, 0.19015999034841305, 0.49831225738782803, 0.4889299013460506, 0.3786587253595607, 0.4218585163028584, 0.10453671585233126, 0.4657796861945875, 0.23100772313263956, 0.3173043257552666, 0.3893706795395022]
Iteration 29: [0.2752279691377138, 0.10680071591148209, 0.2863903511965023, 0.2224754431501035, 0.2674009330525529, 0.13678978474297465, 0.15461395423958335, 0.5209336202163336, 0.2195929593231623, 0.1079031117650213, 0.19015999034841305, 0.49831225738782803, 0.4889299013460506, 0.3786587253595607, 0.4218585163028584, 0.10453671585233126, 0.4657796861945875, 0.692251029934594, 0.3173043257552666, 0.3893706795395022]
Iteration 30: [0.2752279691377138, 0.10680071591148209, 0.2863903511965023, 0.2224754431501035, 0.2674009330525529, 0.13678978474297465, 0.15461395423958335, 0.5209336202163336, 0.2195929593231623, 0.25296802466570784, 0.19015999034841305, 0.49831225738782803, 0.4889299013460506, 0.3329700163858946, 0.4218585163028584, 0.10453671585233126, 0.4657796861945875, 0.692251029934594, 0.3173043257552666, 0.3893706795395022]
Iteration 31: [0.2956223223609533, 0.10680071591148209, 0.2863903511965023, 0.2224754431501035, 0.2674009330525529, 0.13678978474297465, 0.15461395423958335, 0.5209336202163336, 0.2195929593231623, 0.25296802466570784, 0.19015999034841305, 0.49831225738782803, 0.4889299013460506, 0.3329700163858946, 0.4218585163028584, 0.2036876443842066, 0.4657796861945875, 0.692251029934594, 0.3173043257552666, 0.3893706795395022]
Iteration 32: [0.2956223223609533, 0.1254938713764411, 0.2863903511965023, 0.2224754431501035, 0.2674009330525529, 0.13678978474297465, 0.15461395423958335, 0.5209336202163336, 0.2195929593231623, 0.25296802466570784, 0.19015999034841305, 0.49831225738782803, 0.4889299013460506, 0.3329700163858946, 0.4218585163028584, 0.2036876443842066, 0.4657796861945875, 0.2507457171226852, 0.3173043257552666, 0.3893706795395022]
Iteration 33: [0.2956223223609533, 0.1254938713764411, 0.2863903511965023, 0.2224754431501035, 0.2674009330525529, 0.13678978474297465, 0.15461395423958335, 0.5209336202163336, 0.2195929593231623, 0.25296802466570784, 0.19015999034841305, 0.49163787924952573, 0.24582361888066281, 0.3329700163858946, 0.4218585163028584, 0.2036876443842066, 0.4657796861945875, 0.2507457171226852, 0.3173043257552666, 0.3893706795395022]
Iteration 34: [0.2956223223609533, 0.1254938713764411, 0.2863903511965023, 0.2224754431501035, 0.2674009330525529, 0.13678978474297465, 0.15461395423958335, 0.5209336202163336, 0.2195929593231623, 0.25296802466570784, 0.19015999034841305, 0.49163787924952573, 0.22785791580941755, 0.3329700163858946, 0.4218585163028584, 0.2036876443842066, 0.4657796861945875, 0.2507457171226852, 0.3173043257552666, 0.19208655732840266]
Iteration 35: [0.2956223223609533, 0.1254938713764411, 0.2863903511965023, 0.2224754431501035, 0.2674009330525529, 0.13678978474297465, 0.15461395423958335, 0.5209336202163336, 0.2195929593231623, 0.25296802466570784, 0.19015999034841305, 0.49163787924952573, 0.22785791580941755, 0.3329700163858946, 0.4168780769867863, 0.2036876443842066, 0.4657796861945875, 0.2507457171226852, 0.3173043257552666, 0.19208655732840266]
Iteration 36: [0.2956223223609533, 0.1254938713764411, 0.2863903511965023, 0.2224754431501035, 0.2674009330525529, 0.13678978474297465, 0.15461395423958335, 0.5209336202163336, 0.5760360743577229, 0.25296802466570784, 0.19015999034841305, 0.49163787924952573, 0.22785791580941755, 0.3329700163858946, 0.4168780769867863, 0.2036876443842066, 0.4657796861945875, 0.2507457171226852, 0.2935740381767565, 0.19208655732840266]
Iteration 37: [0.2956223223609533, 0.1254938713764411, 0.2863903511965023, 0.2224754431501035, 0.2674009330525529, 0.13678978474297465, 0.15461395423958335, 0.5621879488883935, 0.5760360743577229, 0.25296802466570784, 0.19015999034841305, 0.49163787924952573, 0.22785791580941755, 0.3329700163858946, 0.4168780769867863, 0.2036876443842066, 0.4657796861945875, 0.2507457171226852, 0.2935740381767565, 0.19208655732840266]
Iteration 38: [0.2956223223609533, 0.1254938713764411, 0.2863903511965023, 0.2224754431501035, 0.2674009330525529, 0.13678978474297465, 0.15461395423958335, 0.5903621584245841, 0.5760360743577229, 0.25296802466570784, 0.19015999034841305, 0.49163787924952573, 0.22785791580941755, 0.3409940358787435, 0.4168780769867863, 0.2036876443842066, 0.4657796861945875, 0.2507457171226852, 0.2935740381767565, 0.19208655732840266]
Iteration 39: [0.2956223223609533, 0.1254938713764411, 0.2863903511965023, 0.2224754431501035, 0.2674009330525529, 0.13678978474297465, 0.15461395423958335, 0.5903621584245841, 0.5760360743577229, 0.25296802466570784, 0.19015999034841305, 0.49163787924952573, 0.22785791580941755, 0.2002888710506271, 0.4168780769867863, 0.2036876443842066, 0.4657796861945875, 0.2507457171226852, 0.2935740381767565, 0.19208655732840266]
Iteration 40: [0.2956223223609533, 0.1254938713764411, 0.2863903511965023, 0.2224754431501035, 0.2674009330525529, 0.13678978474297465, 0.15461395423958335, 0.5903621584245841, 0.5760360743577229, 0.25296802466570784, 0.19015999034841305, 0.10167004758255663, 0.22785791580941755, 0.2002888710506271, 0.4168780769867863, 0.2036876443842066, 0.4657796861945875, 0.2507457171226852, 0.2935740381767565, 0.19208655732840266]
Iteration 41: [0.2551442564874293, 0.1254938713764411, 0.2863903511965023, 0.2224754431501035, 0.2674009330525529, 0.13678978474297465, 0.15461395423958335, 0.5903621584245841, 0.5760360743577229, 0.25296802466570784, 0.19015999034841305, 0.10167004758255663, 0.22785791580941755, 0.2002888710506271, 0.4168780769867863, 0.2036876443842066, 0.4657796861945875, 0.2507457171226852, 0.33595622414382925, 0.19208655732840266]
Iteration 42: [0.2551442564874293, 0.1254938713764411, 0.2863903511965023, 0.2224754431501035, 0.2674009330525529, 0.13678978474297465, 0.15461395423958335, 0.5903621584245841, 0.5760360743577229, 0.25296802466570784, 0.1868567376991824, 0.10167004758255663, 0.22785791580941755, 0.2002888710506271, 0.4168780769867863, 0.2036876443842066, 0.4657796861945875, 0.2507457171226852, 0.33595622414382925, 0.19208655732840266]
Iteration 43: [0.2551442564874293, 0.1254938713764411, 0.2863903511965023, 0.2224754431501035, 0.2674009330525529, 0.13678978474297465, 0.15461395423958335, 0.5903621584245841, 0.5760360743577229, 0.25296802466570784, 0.1868567376991824, 0.10167004758255663, 0.22785791580941755, 0.2002888710506271, 0.4168780769867863, 0.03619461291836472, 0.4381769608068729, 0.2507457171226852, 0.33595622414382925, 0.19208655732840266]
Iteration 44: [0.2551442564874293, 0.1254938713764411, 0.2863903511965023, 0.2224754431501035, 0.2674009330525529, 0.13678978474297465, 0.15461395423958335, 0.5903621584245841, 0.5760360743577229, 0.29478069430783843, 0.1868567376991824, 0.10167004758255663, 0.22785791580941755, 0.2002888710506271, 0.4168780769867863, 0.03619461291836472, 0.4524245735890872, 0.2507457171226852, 0.33595622414382925, 0.19208655732840266]
Iteration 45: [0.2551442564874293, 0.1254938713764411, 0.2863903511965023, 0.2224754431501035, 0.2674009330525529, 0.13678978474297465, 0.15461395423958335, 0.5903621584245841, 0.5760360743577229, 0.2930324201763154, 0.1868567376991824, 0.10167004758255663, 0.22785791580941755, 0.2002888710506271, 0.4168780769867863, 0.03619461291836472, 0.14561026653633596, 0.2507457171226852, 0.33595622414382925, 0.19208655732840266]
Iteration 46: [0.2551442564874293, 0.1254938713764411, 0.2863903511965023, 0.2224754431501035, 0.2674009330525529, 0.13678978474297465, 0.15461395423958335, 0.5903621584245841, 0.5760360743577229, 0.2930324201763154, 0.1868567376991824, 0.10167004758255663, 0.22785791580941755, 0.2002888710506271, 0.4168780769867863, 0.03619461291836472, 0.14561026653633596, 0.2507457171226852, 0.33595622414382925, 0.19208655732840266]
Iteration 47: [0.2551442564874293, 0.1254938713764411, 0.2863903511965023, 0.28139368045944857, 0.2674009330525529, 0.15924212257174925, 0.15461395423958335, 0.5903621584245841, 0.5760360743577229, 0.2930324201763154, 0.1868567376991824, 0.10167004758255663, 0.22785791580941755, 0.2002888710506271, 0.4168780769867863, 0.03619461291836472, 0.14561026653633596, 0.2507457171226852, 0.33595622414382925, 0.19208655732840266]
Iteration 48: [0.2551442564874293, 0.1254938713764411, 0.2863903511965023, 0.28139368045944857, 0.2674009330525529, 0.15924212257174925, 0.15461395423958335, 0.6390314235088504, 0.5760360743577229, 0.2930324201763154, 0.1868567376991824, 0.10167004758255663, 0.22785791580941755, 0.2002888710506271, 0.4168780769867863, 0.03619461291836472, 0.14561026653633596, 0.2507457171226852, 0.29187144848009833, 0.19208655732840266]
Iteration 49: [0.2551442564874293, 0.1254938713764411, 0.2863903511965023, 0.28139368045944857, 0.2674009330525529, 0.15924212257174925, 0.15461395423958335, 0.6390314235088504, 0.5760360743577229, 0.2930324201763154, 0.1868567376991824, 0.10167004758255663, 0.22785791580941755, 0.2002888710506271, 0.4168780769867863, 0.03619461291836472, 0.14561026653633596, 0.17987527556754598, 0.29187144848009833, 0.3886968111904208]
Iteration 50: [0.2551442564874293, 0.1254938713764411, 0.29633687967730366, 0.2526072572063777, 0.2674009330525529, 0.15924212257174925, 0.15461395423958335, 0.6390314235088504, 0.5760360743577229, 0.2930324201763154, 0.1868567376991824, 0.10167004758255663, 0.22785791580941755, 0.2002888710506271, 0.4168780769867863, 0.03619461291836472, 0.14561026653633596, 0.17987527556754598, 0.29187144848009833, 0.3886968111904208]
Iteration 51: [0.2551442564874293, 0.1254938713764411, 0.29633687967730366, 0.2526072572063777, 0.31794647231807815, 0.15924212257174925, 0.15461395423958335, 0.6390314235088504, 0.5760360743577229, 0.2930324201763154, 0.1868567376991824, 0.10167004758255663, 0.22785791580941755, 0.2002888710506271, 0.4168780769867863, 0.03619461291836472, 0.21282181520007226, 0.17987527556754598, 0.29187144848009833, 0.3886968111904208]
Iteration 52: [0.2551442564874293, 0.1254938713764411, 0.29633687967730366, 0.2526072572063777, 0.31794647231807815, 0.15924212257174925, 0.15461395423958335, 0.6390314235088504, 0.22186447743911936, 0.135718923879824, 0.1868567376991824, 0.10167004758255663, 0.22785791580941755, 0.2002888710506271, 0.4168780769867863, 0.03619461291836472, 0.21282181520007226, 0.17987527556754598, 0.29187144848009833, 0.3886968111904208]
Iteration 53: [0.2551442564874293, 0.1254938713764411, 0.29633687967730366, 0.9710937467605352, 0.31794647231807815, 0.15924212257174925, 0.15461395423958335, 0.6390314235088504, 0.22186447743911936, 0.135718923879824, 0.1868567376991824, 0.10167004758255663, 0.22785791580941755, 0.2002888710506271, 0.18895822727087214, 0.03619461291836472, 0.21282181520007226, 0.17987527556754598, 0.29187144848009833, 0.3886968111904208]
Iteration 54: [0.2717293203730378, 0.1254938713764411, 0.29633687967730366, 0.9710937467605352, 0.31794647231807815, 0.15924212257174925, 0.15461395423958335, 0.6390314235088504, 0.22186447743911936, 0.135718923879824, 0.1868567376991824, 0.10167004758255663, 0.22785791580941755, 0.2002888710506271, 0.18895822727087214, 0.03619461291836472, 0.21282181520007226, 0.17987527556754598, 0.29187144848009833, 0.3886968111904208]
Iteration 55: [0.2717293203730378, 0.1254938713764411, 0.29633687967730366, 0.9710937467605352, 0.31794647231807815, 0.15924212257174925, 0.15461395423958335, 0.6390314235088504, 0.29421044731741036, 0.135718923879824, 0.1868567376991824, 0.10167004758255663, 0.22785791580941755, 0.2002888710506271, 0.18895822727087214, 0.03619461291836472, 0.21282181520007226, 0.17987527556754598, 0.07986794657083786, 0.3886968111904208]
Iteration 56: [0.2717293203730378, 0.1254938713764411, 0.29633687967730366, 0.9710937467605352, 0.31794647231807815, 0.15924212257174925, 0.15461395423958335, 0.6390314235088504, 0.29421044731741036, 0.135718923879824, 0.1868567376991824, 0.10167004758255663, 0.22785791580941755, 0.2002888710506271, 0.18895822727087214, 0.03619461291836472, 0.21282181520007226, 0.17987527556754598, 0.07986794657083786, 0.3886968111904208]
Iteration 57: [0.24768471818418686, 0.1254938713764411, 0.29633687967730366, 0.9710937467605352, 0.31794647231807815, 0.15924212257174925, 0.15461395423958335, 0.6390314235088504, 0.31978074850509847, 0.135718923879824, 0.1868567376991824, 0.10167004758255663, 0.22785791580941755, 0.2002888710506271, 0.18895822727087214, 0.03619461291836472, 0.21282181520007226, 0.17987527556754598, 0.07986794657083786, 0.3886968111904208]
Iteration 58: [0.24768471818418686, 0.1254938713764411, 0.29633687967730366, 0.9710937467605352, 0.31794647231807815, 0.15924212257174925, 0.15461395423958335, 0.6390314235088504, 0.31978074850509847, 0.135718923879824, 0.4606784372563973, 0.10167004758255663, 0.22785791580941755, 0.2002888710506271, 0.18895822727087214, 0.03619461291836472, 0.21282181520007226, 0.17987527556754598, 0.07986794657083786, 0.3886968111904208]
Iteration 59: [0.24768471818418686, 0.1254938713764411, 0.29633687967730366, 0.9710937467605352, 0.31794647231807815, 0.15924212257174925, 0.15461395423958335, 0.6390314235088504, 0.31978074850509847, 0.135718923879824, 0.4606784372563973, 0.10167004758255663, 0.22785791580941755, 0.2002888710506271, 0.18895822727087214, 0.03619461291836472, 0.21282181520007226, 0.17987527556754598, 0.07986794657083786, 0.40018831344219896]
Iteration 60: [0.24768471818418686, 0.1254938713764411, 0.29633687967730366, 0.6335350803765366, 0.31794647231807815, 0.15924212257174925, 0.15461395423958335, 0.6390314235088504, 0.31978074850509847, 0.135718923879824, 0.4606784372563973, 0.10167004758255663, 0.22785791580941755, 0.2002888710506271, 0.18895822727087214, 0.03619461291836472, 0.21282181520007226, 0.17987527556754598, 0.07986794657083786, 0.40018831344219896]
Iteration 61: [0.24768471818418686, 0.1254938713764411, 0.2803096167322069, 0.6335350803765366, 0.31794647231807815, 0.15924212257174925, 0.15461395423958335, 0.6390314235088504, 0.31978074850509847, 0.135718923879824, 0.4606784372563973, 0.10167004758255663, 0.22785791580941755, 0.2002888710506271, 0.18895822727087214, 0.03619461291836472, 0.21282181520007226, 0.15168161914443776, 0.07986794657083786, 0.40018831344219896]
Iteration 62: [0.24768471818418686, 0.1254938713764411, 0.2803096167322069, 0.6335350803765366, 0.31794647231807815, 0.15924212257174925, 0.15461395423958335, 0.5177019975278179, 0.31978074850509847, 0.135718923879824, 0.4606784372563973, 0.10167004758255663, 0.22785791580941755, 0.2002888710506271, 0.18895822727087214, 0.03619461291836472, 0.21282181520007226, 0.15168161914443776, 0.07986794657083786, 0.40018831344219896]
Iteration 63: [0.2955168519049429, 0.1254938713764411, 0.2803096167322069, 0.6335350803765366, 0.31794647231807815, 0.15924212257174925, 0.15934615291338816, 0.5177019975278179, 0.31978074850509847, 0.135718923879824, 0.4606784372563973, 0.10167004758255663, 0.22785791580941755, 0.2002888710506271, 0.18895822727087214, 0.03619461291836472, 0.21282181520007226, 0.15168161914443776, 0.07986794657083786, 0.40018831344219896]
Iteration 64: [0.2955168519049429, 0.1254938713764411, 0.37965712152020337, 0.6335350803765366, 0.31794647231807815, 0.15924212257174925, 0.15934615291338816, 0.5177019975278179, 0.31978074850509847, 0.135718923879824, 0.4363824571575418, 0.10167004758255663, 0.22785791580941755, 0.2002888710506271, 0.18895822727087214, 0.03619461291836472, 0.21282181520007226, 0.15168161914443776, 0.07986794657083786, 0.40018831344219896]
Iteration 65: [0.2955168519049429, 0.1254938713764411, 0.37965712152020337, 0.6335350803765366, 0.31794647231807815, 0.15924212257174925, 0.15934615291338816, 0.5177019975278179, 0.31978074850509847, 0.135718923879824, 0.4363824571575418, 0.10167004758255663, 0.22785791580941755, 0.2002888710506271, 0.12668181993948668, 0.03619461291836472, 0.21282181520007226, 0.15168161914443776, 0.328863191010432, 0.40018831344219896]
Iteration 66: [0.2955168519049429, 0.1254938713764411, 0.37965712152020337, 0.6335350803765366, 0.31794647231807815, 0.15924212257174925, 0.15934615291338816, 0.6208759150880057, 0.31978074850509847, 0.135718923879824, 0.4363824571575418, 0.12350493401385565, 0.22785791580941755, 0.2002888710506271, 0.12668181993948668, 0.03619461291836472, 0.21282181520007226, 0.15168161914443776, 0.328863191010432, 0.40018831344219896]
Iteration 67: [0.2955168519049429, 0.1254938713764411, 0.37965712152020337, 0.6335350803765366, 0.31794647231807815, 0.15924212257174925, 0.15934615291338816, 0.6208759150880057, 0.31978074850509847, 0.135718923879824, 0.4363824571575418, 0.12350493401385565, 0.22785791580941755, 0.2002888710506271, 0.12668181993948668, 0.1544513943855919, 0.21282181520007226, 0.15168161914443776, 0.328863191010432, 0.13154053970692217]
Iteration 68: [0.2955168519049429, 0.1254938713764411, 0.37965712152020337, 0.6335350803765366, 0.31794647231807815, 0.15924212257174925, 0.15934615291338816, 0.6208759150880057, 0.31978074850509847, 0.135718923879824, 0.4363824571575418, 0.12350493401385565, 0.22785791580941755, 0.2002888710506271, 0.18907150092257197, 0.1544513943855919, 0.21282181520007226, 0.2596523284348936, 0.328863191010432, 0.13154053970692217]
Iteration 69: [0.2955168519049429, 0.1254938713764411, 0.37965712152020337, 0.6335350803765366, 0.31794647231807815, 0.13739199051626869, 0.15934615291338816, 0.5959544428020845, 0.31978074850509847, 0.135718923879824, 0.4363824571575418, 0.12350493401385565, 0.22785791580941755, 0.2002888710506271, 0.18907150092257197, 0.1544513943855919, 0.21282181520007226, 0.2596523284348936, 0.328863191010432, 0.13154053970692217]
Iteration 70: [0.2955168519049429, 0.1254938713764411, 0.37965712152020337, 0.6335350803765366, 0.25486274216939303, 0.13739199051626869, 0.15934615291338816, 0.5959544428020845, 0.31978074850509847, 0.135718923879824, 0.4363824571575418, 0.09255901222738039, 0.22785791580941755, 0.2002888710506271, 0.18907150092257197, 0.1544513943855919, 0.21282181520007226, 0.2596523284348936, 0.328863191010432, 0.13154053970692217]
Iteration 71: [0.11091968829965936, 0.1254938713764411, 0.37965712152020337, 0.6335350803765366, 0.25486274216939303, 0.13739199051626869, 0.15934615291338816, 0.5959544428020845, 0.31978074850509847, 0.135718923879824, 0.4363824571575418, 0.08926819888582242, 0.22785791580941755, 0.2002888710506271, 0.18907150092257197, 0.1544513943855919, 0.21282181520007226, 0.2596523284348936, 0.328863191010432, 0.13154053970692217]
Iteration 72: [0.11091968829965936, 0.1254938713764411, 0.37965712152020337, 0.6335350803765366, 0.25486274216939303, 0.13739199051626869, 0.15934615291338816, 0.5862417238209682, 0.31978074850509847, 0.135718923879824, 0.4363824571575418, 0.08926819888582242, 0.22785791580941755, 0.2002888710506271, 0.12398187682516565, 0.1544513943855919, 0.21282181520007226, 0.2596523284348936, 0.328863191010432, 0.13154053970692217]
Iteration 73: [0.11091968829965936, 0.1254938713764411, 0.37965712152020337, 0.6335350803765366, 0.25486274216939303, 0.13739199051626869, 0.15934615291338816, 0.6316033284097945, 0.31978074850509847, 0.135718923879824, 0.421260640613175, 0.08926819888582242, 0.22785791580941755, 0.2002888710506271, 0.12398187682516565, 0.1544513943855919, 0.21282181520007226, 0.2596523284348936, 0.328863191010432, 0.13154053970692217]
Iteration 74: [0.11091968829965936, 0.10751826775927462, 0.37965712152020337, 0.6335350803765366, 0.25486274216939303, 0.12985902517841214, 0.15934615291338816, 0.6316033284097945, 0.31978074850509847, 0.135718923879824, 0.421260640613175, 0.08926819888582242, 0.22785791580941755, 0.2002888710506271, 0.12398187682516565, 0.1544513943855919, 0.21282181520007226, 0.2596523284348936, 0.328863191010432, 0.13154053970692217]
Iteration 75: [0.11091968829965936, 0.10751826775927462, 0.37965712152020337, 0.6335350803765366, 0.25486274216939303, 0.1535194756980083, 0.15934615291338816, 0.6316033284097945, 0.31978074850509847, 0.135718923879824, 0.421260640613175, 0.08926819888582242, 0.22785791580941755, 0.2002888710506271, 0.12398187682516565, 0.1544513943855919, 0.21282181520007226, 0.2596523284348936, 0.328863191010432, 0.13154053970692217]
Iteration 76: [0.11091968829965936, 0.10751826775927462, 0.37965712152020337, 0.6335350803765366, 0.25486274216939303, 0.1535194756980083, 0.15934615291338816, 0.6316033284097945, 0.31978074850509847, 0.135718923879824, 0.421260640613175, 0.13236128267287808, 0.22785791580941755, 0.2002888710506271, 0.12398187682516565, 0.1544513943855919, 0.21282181520007226, 0.2596523284348936, 0.14704032992169133, 0.13154053970692217]
Iteration 77: [0.11091968829965936, 0.16602747618445263, 0.37965712152020337, 0.6335350803765366, 0.25486274216939303, 0.1535194756980083, 0.15934615291338816, 0.6316033284097945, 0.31978074850509847, 0.17513980673987, 0.421260640613175, 0.13236128267287808, 0.22785791580941755, 0.2002888710506271, 0.12398187682516565, 0.1544513943855919, 0.21282181520007226, 0.2596523284348936, 0.14704032992169133, 0.13154053970692217]
Iteration 78: [0.11091968829965936, 0.16602747618445263, 0.37965712152020337, 0.6335350803765366, 0.25486274216939303, 0.1535194756980083, 0.15934615291338816, 0.6316033284097945, 0.31978074850509847, 0.17513980673987, 0.421260640613175, 0.13236128267287808, 0.22785791580941755, 0.2002888710506271, 0.13096349202565144, 0.1544513943855919, 0.21282181520007226, 0.2596523284348936, 0.14704032992169133, 0.13154053970692217]
Iteration 79: [0.11091968829965936, 0.16602747618445263, 0.37965712152020337, 0.6335350803765366, 0.25486274216939303, 0.1535194756980083, 0.15934615291338816, 0.6316033284097945, 0.31978074850509847, 0.17513980673987, 0.421260640613175, 0.13236128267287808, 0.22785791580941755, 0.2002888710506271, 0.13096349202565144, 0.1936165830962588, 0.21282181520007226, 0.2596523284348936, 0.14704032992169133, 0.1394884682969914]
Iteration 80: [0.11091968829965936, 0.16602747618445263, 0.37965712152020337, 0.6335350803765366, 0.25486274216939303, 0.1535194756980083, 0.15934615291338816, 0.6316033284097945, 0.31978074850509847, 0.17513980673987, 0.421260640613175, 0.13236128267287808, 0.302780520655749, 0.2002888710506271, 0.13096349202565144, 0.1936165830962588, 0.21282181520007226, 0.5286246780676084, 0.14704032992169133, 0.1394884682969914]
Iteration 81: [0.11091968829965936, 0.1658306338975746, 0.37965712152020337, 0.6335350803765366, 0.25486274216939303, 0.1535194756980083, 0.15934615291338816, 0.6316033284097945, 0.31978074850509847, 0.17513980673987, 0.421260640613175, 0.13236128267287808, 0.302780520655749, 0.2002888710506271, 0.13096349202565144, 0.1936165830962588, 0.21282181520007226, 0.5286246780676084, 0.14704032992169133, 0.1394884682969914]
Iteration 82: [0.11091968829965936, 0.1658306338975746, 0.37965712152020337, 0.6335350803765366, 0.25486274216939303, 0.1498022212677543, 0.15934615291338816, 0.6316033284097945, 0.31978074850509847, 0.17513980673987, 0.421260640613175, 0.13236128267287808, 0.302780520655749, 0.2002888710506271, 0.13096349202565144, 0.1936165830962588, 0.21282181520007226, 0.5286246780676084, 0.1584442529520073, 0.1394884682969914]
Iteration 83: [0.11091968829965936, 0.1658306338975746, 0.37965712152020337, 0.6335350803765366, 0.25486274216939303, 0.1498022212677543, 0.15934615291338816, 0.6328198233831556, 0.31978074850509847, 0.17513980673987, 0.421260640613175, 0.13236128267287808, 0.302780520655749, 0.2002888710506271, 0.1877931831823326, 0.1936165830962588, 0.21282181520007226, 0.5286246780676084, 0.1584442529520073, 0.1394884682969914]
Iteration 84: [0.11091968829965936, 0.1658306338975746, 0.37965712152020337, 0.6335350803765366, 0.25486274216939303, 0.1498022212677543, 0.15934615291338816, 0.6328198233831556, 0.4336262013410567, 0.17513980673987, 0.22501291097102954, 0.13236128267287808, 0.302780520655749, 0.2002888710506271, 0.1877931831823326, 0.1936165830962588, 0.21282181520007226, 0.5286246780676084, 0.1584442529520073, 0.1394884682969914]
Iteration 85: [0.11091968829965936, 0.1658306338975746, 0.37965712152020337, 0.6335350803765366, 0.25486274216939303, 0.1498022212677543, 0.1619557922743456, 0.6328198233831556, 0.4336262013410567, 0.17513980673987, 0.22501291097102954, 0.13236128267287808, 0.302780520655749, 0.2002888710506271, 0.1877931831823326, 0.1936165830962588, 0.21282181520007226, 0.5286246780676084, 0.20746015192615877, 0.1394884682969914]
Iteration 86: [0.11091968829965936, 0.1658306338975746, 0.37965712152020337, 0.6335350803765366, 0.25486274216939303, 0.1498022212677543, 0.1798937311104767, 0.6328198233831556, 0.4336262013410567, 0.17513980673987, 0.22501291097102954, 0.13236128267287808, 0.302780520655749, 0.2002888710506271, 0.1877931831823326, 0.1936165830962588, 0.21282181520007226, 0.26274232361388106, 0.20746015192615877, 0.1394884682969914]
Iteration 87: [0.11091968829965936, 0.1658306338975746, 0.37965712152020337, 0.6335350803765366, 0.25486274216939303, 0.1498022212677543, 0.1798937311104767, 0.6328198233831556, 0.4336262013410567, 0.17513980673987, 0.22501291097102954, 0.17383507840502987, 0.302780520655749, 0.2002888710506271, 0.1877931831823326, 0.1936165830962588, 0.21282181520007226, 0.26274232361388106, 0.20746015192615877, 0.1394884682969914]
Iteration 88: [0.11091968829965936, 0.12723325592837634, 0.37965712152020337, 0.6335350803765366, 0.3416308361662818, 0.1498022212677543, 0.1798937311104767, 0.6328198233831556, 0.4336262013410567, 0.17513980673987, 0.22501291097102954, 0.17383507840502987, 0.302780520655749, 0.2002888710506271, 0.1877931831823326, 0.1936165830962588, 0.21282181520007226, 0.26274232361388106, 0.20746015192615877, 0.1394884682969914]
Iteration 89: [0.11091968829965936, 0.12723325592837634, 0.4588043923622796, 0.6335350803765366, 0.3416308361662818, 0.1498022212677543, 0.1798937311104767, 0.6328198233831556, 0.4336262013410567, 0.17513980673987, 0.22501291097102954, 0.17383507840502987, 0.2311397377947769, 0.2002888710506271, 0.1877931831823326, 0.1936165830962588, 0.21282181520007226, 0.26274232361388106, 0.20746015192615877, 0.1394884682969914]
Iteration 90: [0.11091968829965936, 0.13452573320461533, 0.4588043923622796, 0.6335350803765366, 0.3416308361662818, 0.1498022212677543, 0.1798937311104767, 0.6328198233831556, 0.4336262013410567, 0.17513980673987, 0.3180694999703972, 0.17383507840502987, 0.2311397377947769, 0.2002888710506271, 0.1877931831823326, 0.1936165830962588, 0.21282181520007226, 0.26274232361388106, 0.20746015192615877, 0.1394884682969914]
Iteration 91: [0.11091968829965936, 0.13452573320461533, 0.4588043923622796, 0.6335350803765366, 0.39738574802771, 0.1498022212677543, 0.1798937311104767, 0.6328198233831556, 0.4336262013410567, 0.17513980673987, 0.3180694999703972, 0.17383507840502987, 0.2311397377947769, 0.2002888710506271, 0.1877931831823326, 0.1936165830962588, 0.2203862187058854, 0.26274232361388106, 0.20746015192615877, 0.1394884682969914]
Iteration 92: [0.11091968829965936, 0.13452573320461533, 0.4588043923622796, 0.37795169317154725, 0.39738574802771, 0.1498022212677543, 0.1798937311104767, 0.6328198233831556, 0.4336262013410567, 0.17513980673987, 0.3180694999703972, 0.17383507840502987, 0.2311397377947769, 0.2002888710506271, 0.1877931831823326, 0.1936165830962588, 0.2203862187058854, 0.26274232361388106, 0.20746015192615877, 0.1394884682969914]
Iteration 93: [0.11091968829965936, 0.13452573320461533, 0.4588043923622796, 0.37795169317154725, 0.39738574802771, 0.1498022212677543, 0.24536974090806649, 0.6328198233831556, 0.4336262013410567, 0.17513980673987, 0.3180694999703972, 0.17383507840502987, 0.2311397377947769, 0.2002888710506271, 0.1877931831823326, 0.1936165830962588, 0.2203862187058854, 0.26274232361388106, 0.20746015192615877, 0.1394884682969914]
Iteration 94: [0.11091968829965936, 0.13452573320461533, 0.4588043923622796, 0.37795169317154725, 0.39738574802771, 0.1498022212677543, 0.24536974090806649, 0.6328198233831556, 0.12588611030862634, 0.17513980673987, 0.3180694999703972, 0.17383507840502987, 0.2311397377947769, 0.0019910534052292894, 0.1877931831823326, 0.1936165830962588, 0.2203862187058854, 0.26274232361388106, 0.20746015192615877, 0.1394884682969914]
Iteration 95: [0.11091968829965936, 0.13452573320461533, 0.4588043923622796, 0.37795169317154725, 0.39738574802771, 0.1498022212677543, 0.24536974090806649, 0.6328198233831556, 0.12588611030862634, 0.17513980673987, 0.2254292689653078, 0.17383507840502987, 0.2311397377947769, 0.0019910534052292894, 0.1877931831823326, 0.1936165830962588, 0.2203862187058854, 0.26274232361388106, 0.20746015192615877, 0.1394884682969914]
Iteration 96: [0.18608543774722472, 0.13452573320461533, 0.4588043923622796, 0.31925428507300885, 0.39738574802771, 0.1498022212677543, 0.24536974090806649, 0.6328198233831556, 0.12588611030862634, 0.17513980673987, 0.2254292689653078, 0.17383507840502987, 0.2311397377947769, 0.0019910534052292894, 0.1877931831823326, 0.1936165830962588, 0.2203862187058854, 0.26274232361388106, 0.20746015192615877, 0.1394884682969914]
Iteration 97: [0.18608543774722472, 0.13452573320461533, 0.543011089889242, 0.6142107072134259, 0.39738574802771, 0.1498022212677543, 0.24536974090806649, 0.6328198233831556, 0.12588611030862634, 0.17513980673987, 0.2254292689653078, 0.17383507840502987, 0.2311397377947769, 0.0019910534052292894, 0.1877931831823326, 0.1936165830962588, 0.2203862187058854, 0.26274232361388106, 0.20746015192615877, 0.1394884682969914]
Iteration 98: [0.18608543774722472, 0.13452573320461533, 0.543011089889242, 0.6142107072134259, 0.39738574802771, 0.1498022212677543, 0.24536974090806649, 0.6328198233831556, 0.12588611030862634, 0.17513980673987, 0.2254292689653078, 0.17383507840502987, 0.23167158283610537, 0.0019910534052292894, 0.1877931831823326, 0.1936165830962588, 0.2203862187058854, 0.26274232361388106, 0.12307123718710475, 0.1394884682969914]
Iteration 99: [0.18608543774722472, 0.13452573320461533, 0.543011089889242, 0.24902213971356094, 0.39738574802771, 0.1498022212677543, 0.24536974090806649, 0.6328198233831556, 0.12588611030862634, 0.17513980673987, 0.19825275812386223, 0.17383507840502987, 0.23167158283610537, 0.0019910534052292894, 0.1877931831823326, 0.1936165830962588, 0.2203862187058854, 0.26274232361388106, 0.12307123718710475, 0.1394884682969914]
Iteration 100: [0.18608543774722472, 0.13452573320461533, 0.543011089889242, 0.24902213971356094, 0.39738574802771, 0.1498022212677543, 0.24536974090806649, 0.6328198233831556, 0.12588611030862634, 0.17513980673987, 0.19825275812386223, 0.17383507840502987, 0.23167158283610537, 0.002034902469902135, 0.1877931831823326, 0.1936165830962588, 0.2203862187058854, 0.2538118225338687, 0.12307123718710475, 0.1394884682969914]
Iteration 101: [0.18608543774722472, 0.13452573320461533, 0.543011089889242, 0.24902213971356094, 0.39738574802771, 0.1498022212677543, 0.24536974090806649, 0.6328198233831556, 0.12588611030862634, 0.17513980673987, 0.19825275812386223, 0.17383507840502987, 0.23167158283610537, 0.3425737530031666, 0.1877931831823326, 0.18281676384179346, 0.2203862187058854, 0.2538118225338687, 0.12307123718710475, 0.1394884682969914]
Iteration 102: [0.18608543774722472, 0.13452573320461533, 0.543011089889242, 0.24902213971356094, 0.39738574802771, 0.1498022212677543, 0.24536974090806649, 0.6328198233831556, 0.12588611030862634, 0.17513980673987, 0.19825275812386223, 0.17383507840502987, 0.23167158283610537, 0.3425737530031666, 0.11211029535365548, 0.18281676384179346, 0.2203862187058854, 0.26893737185955946, 0.12307123718710475, 0.1394884682969914]
Iteration 103: [0.18608543774722472, 0.13452573320461533, 0.543011089889242, 0.24902213971356094, 0.39738574802771, 0.1498022212677543, 0.24536974090806649, 0.6328198233831556, 0.12588611030862634, 0.17513980673987, 0.19825275812386223, 0.17383507840502987, 0.23167158283610537, 0.33183084862942264, 0.11211029535365548, 0.18281676384179346, 0.2203862187058854, 0.26893737185955946, 0.12307123718710475, 0.1394884682969914]
Iteration 104: [0.18608543774722472, 0.13452573320461533, 0.543011089889242, 0.24902213971356094, 0.39738574802771, 0.1498022212677543, 0.2758310680005826, 0.6328198233831556, 0.12588611030862634, 0.17513980673987, 0.19825275812386223, 0.17383507840502987, 0.23167158283610537, 0.33183084862942264, 0.11211029535365548, 0.18281676384179346, 0.2203862187058854, 0.2820657570352486, 0.12307123718710475, 0.1394884682969914]
Iteration 105: [0.18608543774722472, 0.13452573320461533, 0.543011089889242, 0.24902213971356094, 0.39738574802771, 0.1498022212677543, 0.2758310680005826, 0.6328198233831556, 0.12588611030862634, 0.17513980673987, 0.19825275812386223, 0.22865245280356528, 0.23167158283610537, 0.33183084862942264, 0.11211029535365548, 0.18281676384179346, 0.2203862187058854, 0.2820657570352486, 0.12307123718710475, 0.34501476421959126]
Iteration 106: [0.18608543774722472, 0.13452573320461533, 0.543011089889242, 0.24902213971356094, 0.39738574802771, 0.1498022212677543, 0.2758310680005826, 0.5859869222321465, 0.12588611030862634, 0.17513980673987, 0.19825275812386223, 0.22865245280356528, 0.23167158283610537, 0.33183084862942264, 0.11211029535365548, 0.18281676384179346, 0.2203862187058854, 0.26028005860622117, 0.12307123718710475, 0.34501476421959126]
Iteration 107: [0.18608543774722472, 0.13452573320461533, 0.543011089889242, 0.24902213971356094, 0.39738574802771, 0.1498022212677543, 0.2758310680005826, 0.5859869222321465, 0.12588611030862634, 0.17513980673987, 0.1264399906937699, 0.22865245280356528, 0.23167158283610537, 0.33183084862942264, 0.11211029535365548, 0.5137915561685846, 0.2203862187058854, 0.26028005860622117, 0.12307123718710475, 0.34501476421959126]
Iteration 108: [0.18608543774722472, 0.13452573320461533, 0.543011089889242, 0.24902213971356094, 0.11258342433921065, 0.1498022212677543, 0.2758310680005826, 0.5859869222321465, 0.9899449875442174, 0.17513980673987, 0.1264399906937699, 0.22865245280356528, 0.23167158283610537, 0.33183084862942264, 0.11211029535365548, 0.5137915561685846, 0.2203862187058854, 0.26028005860622117, 0.12307123718710475, 0.34501476421959126]
Iteration 109: [0.18608543774722472, 0.13452573320461533, 0.543011089889242, 0.24902213971356094, 0.11258342433921065, 0.1498022212677543, 0.2758310680005826, 0.5859869222321465, 0.9899449875442174, 0.17513980673987, 0.1264399906937699, 0.23890625688798398, 0.23167158283610537, 0.33183084862942264, 0.11211029535365548, 0.5137915561685846, 0.2203862187058854, 0.26028005860622117, 0.12307123718710475, 0.34501476421959126]
Iteration 110: [0.18608543774722472, 0.13452573320461533, 0.18485603623112937, 0.24902213971356094, 0.11258342433921065, 0.1498022212677543, 0.2758310680005826, 0.5859869222321465, 0.9899449875442174, 0.17513980673987, 0.1264399906937699, 0.23890625688798398, 0.23167158283610537, 0.33183084862942264, 0.11211029535365548, 0.5137915561685846, 0.2203862187058854, 0.26028005860622117, 0.12307123718710475, 0.34501476421959126]
Iteration 111: [0.1561367398886527, 0.13452573320461533, 0.18485603623112937, 0.24902213971356094, 0.11258342433921065, 0.1498022212677543, 0.2758310680005826, 0.5859869222321465, 0.9899449875442174, 0.17513980673987, 0.1264399906937699, 0.23890625688798398, 0.23167158283610537, 0.33183084862942264, 0.1658797602687651, 0.5137915561685846, 0.2203862187058854, 0.26028005860622117, 0.12307123718710475, 0.34501476421959126]
Iteration 112: [0.1561367398886527, 0.13452573320461533, 0.18485603623112937, 0.24902213971356094, 0.11258342433921065, 0.1498022212677543, 0.2758310680005826, 0.5859869222321465, 0.9899449875442174, 0.17513980673987, 0.1264399906937699, 0.23890625688798398, 0.23167158283610537, 0.33183084862942264, 0.1658797602687651, 0.5137915561685846, 0.2203862187058854, 0.25014181635528715, 0.13755167171484217, 0.34501476421959126]
Iteration 113: [0.1561367398886527, 0.13452573320461533, 0.20369364655062455, 0.24902213971356094, 0.11258342433921065, 0.14033170337246656, 0.2758310680005826, 0.5859869222321465, 0.9899449875442174, 0.17513980673987, 0.1264399906937699, 0.23890625688798398, 0.23167158283610537, 0.33183084862942264, 0.1658797602687651, 0.5137915561685846, 0.2203862187058854, 0.25014181635528715, 0.13755167171484217, 0.34501476421959126]
Iteration 114: [0.1561367398886527, 0.13452573320461533, 0.20369364655062455, 0.24902213971356094, 0.11258342433921065, 0.14033170337246656, 0.2758310680005826, 0.5859869222321465, 0.23462312042477426, 0.17513980673987, 0.1264399906937699, 0.23890625688798398, 0.23167158283610537, 0.33183084862942264, 0.1658797602687651, 0.5137915561685846, 0.2203862187058854, 0.25116361009200405, 0.13755167171484217, 0.34501476421959126]
Iteration 115: [0.1561367398886527, 0.13452573320461533, 0.20369364655062455, 0.24902213971356094, 0.11258342433921065, 0.14033170337246656, 0.2758310680005826, 0.5859869222321465, 0.23462312042477426, 0.17513980673987, 0.1264399906937699, 0.23890625688798398, 0.19714950565215505, 0.33183084862942264, 0.1658797602687651, 0.5137915561685846, 0.2203862187058854, 0.25116361009200405, 0.13755167171484217, 0.34501476421959126]
Iteration 116: [0.1561367398886527, 0.13452573320461533, 0.20369364655062455, 0.24902213971356094, 0.11258342433921065, 0.14033170337246656, 0.10899817927108905, 0.5859869222321465, 0.23462312042477426, 0.17513980673987, 0.1264399906937699, 0.23890625688798398, 0.19714950565215505, 0.33183084862942264, 0.1658797602687651, 0.5137915561685846, 0.22499404298830553, 0.25116361009200405, 0.13755167171484217, 0.34501476421959126]
Iteration 117: [0.1561367398886527, 0.13452573320461533, 0.20369364655062455, 0.24902213971356094, 0.11258342433921065, 0.14033170337246656, 0.10899817927108905, 0.5859869222321465, 0.23462312042477426, 0.17513980673987, 0.1264399906937699, 0.23890625688798398, 0.19714950565215505, 0.33183084862942264, 0.1658797602687651, 0.5137915561685846, 0.22499404298830553, 0.25116361009200405, 0.11994053846970323, 0.34501476421959126]
Iteration 118: [0.1561367398886527, 0.13452573320461533, 0.9918169903658902, 0.24902213971356094, 0.11258342433921065, 0.14033170337246656, 0.10899817927108905, 0.5859869222321465, 0.23462312042477426, 0.17513980673987, 0.1264399906937699, 0.22308312732704508, 0.19714950565215505, 0.33183084862942264, 0.1658797602687651, 0.5137915561685846, 0.22499404298830553, 0.25116361009200405, 0.11994053846970323, 0.34501476421959126]
Iteration 119: [0.1561367398886527, 0.13452573320461533, 0.9918169903658902, 0.24902213971356094, 0.11258342433921065, 0.14033170337246656, 0.10899817927108905, 0.5859869222321465, 0.21629215363756102, 0.17513980673987, 0.1264399906937699, 0.22308312732704508, 0.19714950565215505, 0.33183084862942264, 0.1658797602687651, 0.5137915561685846, 0.22499404298830553, 0.25116361009200405, 0.11994053846970323, 0.34501476421959126]
Iteration 120: [0.1561367398886527, 0.13452573320461533, 0.9918169903658902, 0.24902213971356094, 0.11258342433921065, 0.14033170337246656, 0.10899817927108905, 0.5859869222321465, 0.21629215363756102, 0.17513980673987, 0.10920208794611852, 0.22308312732704508, 0.19714950565215505, 0.33183084862942264, 0.1658797602687651, 0.20398704128127598, 0.22499404298830553, 0.25116361009200405, 0.11994053846970323, 0.34501476421959126]
Iteration 121: [0.1561367398886527, 0.13452573320461533, 0.9918169903658902, 0.21452563517626094, 0.11258342433921065, 0.14033170337246656, 0.10899817927108905, 0.5859869222321465, 0.21629215363756102, 0.17513980673987, 0.10920208794611852, 0.22308312732704508, 0.19484411356425235, 0.33183084862942264, 0.1658797602687651, 0.20398704128127598, 0.22499404298830553, 0.25116361009200405, 0.11994053846970323, 0.34501476421959126]
Iteration 122: [0.1561367398886527, 0.13452573320461533, 0.9918169903658902, 0.21452563517626094, 0.11258342433921065, 0.14033170337246656, 0.10899817927108905, 0.5859869222321465, 0.21629215363756102, 0.1746776127245298, 0.10920208794611852, 0.22308312732704508, 0.19484411356425235, 0.33183084862942264, 0.1658797602687651, 0.20398704128127598, 0.22499404298830553, 0.25116361009200405, 0.11994053846970323, 0.34501476421959126]
Iteration 123: [0.1561367398886527, 0.13452573320461533, 0.9918169903658902, 0.21452563517626094, 0.11258342433921065, 0.14033170337246656, 0.10899817927108905, 0.5859869222321465, 0.21629215363756102, 0.1746776127245298, 0.10920208794611852, 0.14934163709604129, 0.19484411356425235, 0.33183084862942264, 0.1658797602687651, 0.20398704128127598, 0.22499404298830553, 0.25116361009200405, 0.11994053846970323, 0.34501476421959126]
Iteration 124: [0.1561367398886527, 0.13452573320461533, 0.9918169903658902, 0.21452563517626094, 0.11258342433921065, 0.14033170337246656, 0.10899817927108905, 0.5859869222321465, 0.21629215363756102, 0.1746776127245298, 0.10920208794611852, 0.14934163709604129, 0.18425899688712102, 0.33183084862942264, 0.1658797602687651, 0.20398704128127598, 0.22499404298830553, 0.25116361009200405, 0.11994053846970323, 0.3695737796768461]
Iteration 125: [0.1561367398886527, 0.13452573320461533, 0.9918169903658902, 0.21452563517626094, 0.11258342433921065, 0.14033170337246656, 0.10899817927108905, 0.5859869222321465, 0.21629215363756102, 0.1746776127245298, 0.10920208794611852, 0.14934163709604129, 0.18425899688712102, 0.33183084862942264, 0.10783510675653467, 0.20398704128127598, 0.22499404298830553, 0.25116361009200405, 0.11994053846970323, 0.42380916166382454]
Iteration 126: [0.1561367398886527, 0.13452573320461533, 0.9918169903658902, 0.21452563517626094, 0.11258342433921065, 0.14033170337246656, 0.10899817927108905, 0.5859869222321465, 0.21629215363756102, 0.1746776127245298, 0.10920208794611852, 0.13793766248728703, 0.18425899688712102, 0.1896577705230933, 0.10783510675653467, 0.20398704128127598, 0.22499404298830553, 0.25116361009200405, 0.11994053846970323, 0.42380916166382454]
Iteration 127: [0.1561367398886527, 0.19175964863940143, 0.9918169903658902, 0.21452563517626094, 0.11258342433921065, 0.14033170337246656, 0.10899817927108905, 0.5859869222321465, 0.6168119432625189, 0.1746776127245298, 0.10920208794611852, 0.13793766248728703, 0.18425899688712102, 0.1896577705230933, 0.10783510675653467, 0.20398704128127598, 0.22499404298830553, 0.25116361009200405, 0.11994053846970323, 0.42380916166382454]
Iteration 128: [0.1561367398886527, 0.19175964863940143, 0.9918169903658902, 0.21452563517626094, 0.4913380964695833, 0.14033170337246656, 0.10899817927108905, 0.5859869222321465, 0.6168119432625189, 0.1746776127245298, 0.10920208794611852, 0.13793766248728703, 0.18425899688712102, 0.1896577705230933, 0.10783510675653467, 0.20398704128127598, 0.22499404298830553, 0.25116361009200405, 0.11994053846970323, 0.42380916166382454]
Iteration 129: [0.1561367398886527, 0.1857535529742721, 0.9918169903658902, 0.21452563517626094, 0.4913380964695833, 0.14033170337246656, 0.10899817927108905, 0.5859869222321465, 0.6168119432625189, 0.1746776127245298, 0.10920208794611852, 0.13793766248728703, 0.18425899688712102, 0.1896577705230933, 0.10783510675653467, 0.20398704128127598, 0.22499404298830553, 0.25116361009200405, 0.11994053846970323, 0.42380916166382454]
Iteration 130: [0.1561367398886527, 0.1857535529742721, 0.9918169903658902, 0.21452563517626094, 0.4913380964695833, 0.14033170337246656, 0.10899817927108905, 0.5859869222321465, 0.6168119432625189, 0.1746776127245298, 0.10920208794611852, 0.13793766248728703, 0.18425899688712102, 0.1896577705230933, 0.10783510675653467, 0.20398704128127598, 0.22499404298830553, 0.25116361009200405, 0.27664600817594814, 0.42380916166382454]
Iteration 131: [0.1561367398886527, 0.1857535529742721, 0.9918169903658902, 0.21452563517626094, 0.4913380964695833, 0.14033170337246656, 0.10899817927108905, 0.5859869222321465, 0.6168119432625189, 0.1746776127245298, 0.10920208794611852, 0.13793766248728703, 0.18425899688712102, 0.1896577705230933, 0.10783510675653467, 0.260560645770879, 0.22485076820220976, 0.25116361009200405, 0.27664600817594814, 0.42380916166382454]
Iteration 132: [0.1561367398886527, 0.1857535529742721, 0.9918169903658902, 0.21452563517626094, 0.4913380964695833, 0.1784836699290116, 0.10899817927108905, 0.5859869222321465, 0.6168119432625189, 0.1746776127245298, 0.161786350623651, 0.13793766248728703, 0.18425899688712102, 0.1896577705230933, 0.10783510675653467, 0.260560645770879, 0.22485076820220976, 0.25116361009200405, 0.27664600817594814, 0.42380916166382454]
Iteration 133: [0.1561367398886527, 0.1857535529742721, 0.9918169903658902, 0.21452563517626094, 0.4913380964695833, 0.1784836699290116, 0.10899817927108905, 0.5859869222321465, 0.6168119432625189, 0.1746776127245298, 0.161786350623651, 0.13793766248728703, 0.18425899688712102, 0.1896577705230933, 0.10783510675653467, 0.260560645770879, 0.22485076820220976, 0.24059142347325632, 0.27664600817594814, 0.474722262759907]
Iteration 134: [0.1561367398886527, 0.1857535529742721, 0.9918169903658902, 0.21452563517626094, 0.4913380964695833, 0.19970990288700383, 0.10899817927108905, 0.5859869222321465, 0.6168119432625189, 0.1746776127245298, 0.161786350623651, 0.13793766248728703, 0.18425899688712102, 0.1896577705230933, 0.10783510675653467, 0.260560645770879, 0.22485076820220976, 0.24059142347325632, 0.24618251960922788, 0.474722262759907]
Iteration 135: [0.1561367398886527, 0.1857535529742721, 0.9918169903658902, 0.21452563517626094, 0.4913380964695833, 0.19970990288700383, 0.10899817927108905, 0.5859869222321465, 0.6168119432625189, 0.1746776127245298, 0.161786350623651, 0.13793766248728703, 0.2575251220186271, 0.1896577705230933, 0.10783510675653467, 0.28278157941614473, 0.22485076820220976, 0.24059142347325632, 0.24618251960922788, 0.474722262759907]
Iteration 136: [0.1561367398886527, 0.1857535529742721, 0.9918169903658902, 0.21452563517626094, 0.4913380964695833, 0.19970990288700383, 0.10899817927108905, 0.5859869222321465, 0.6168119432625189, 0.1746776127245298, 0.161786350623651, 0.13793766248728703, 0.2575251220186271, 0.29067857473464387, 0.10783510675653467, 0.28278157941614473, 0.22485076820220976, 0.2724030339008958, 0.24618251960922788, 0.474722262759907]
Iteration 137: [0.1561367398886527, 0.1857535529742721, 0.9918169903658902, 0.21452563517626094, 0.4913380964695833, 0.19970990288700383, 0.10899817927108905, 0.6510787257764353, 0.6168119432625189, 0.1746776127245298, 0.161786350623651, 0.13793766248728703, 0.2575251220186271, 0.29067857473464387, 0.10783510675653467, 0.24432583736728972, 0.22485076820220976, 0.2724030339008958, 0.24618251960922788, 0.474722262759907]
Iteration 138: [0.1561367398886527, 0.1857535529742721, 0.9918169903658902, 0.21452563517626094, 0.4913380964695833, 0.19970990288700383, 0.34403545706436817, 0.6255898512131564, 0.6168119432625189, 0.1746776127245298, 0.161786350623651, 0.13793766248728703, 0.2575251220186271, 0.29067857473464387, 0.10783510675653467, 0.24432583736728972, 0.22485076820220976, 0.2724030339008958, 0.24618251960922788, 0.474722262759907]
Iteration 139: [0.1561367398886527, 0.20156388314539198, 0.9918169903658902, 0.21452563517626094, 0.4913380964695833, 0.19970990288700383, 0.34403545706436817, 0.6255898512131564, 0.6168119432625189, 0.1746776127245298, 0.161786350623651, 0.13793766248728703, 0.2575251220186271, 0.29067857473464387, 0.10783510675653467, 0.24432583736728972, 0.20515269164721545, 0.2724030339008958, 0.24618251960922788, 0.474722262759907]
Iteration 140: [0.1561367398886527, 0.20156388314539198, 0.9918169903658902, 0.21452563517626094, 0.4913380964695833, 0.19970990288700383, 0.34403545706436817, 0.6255898512131564, 0.6168119432625189, 0.1746776127245298, 0.161786350623651, 0.13793766248728703, 0.2575251220186271, 0.29067857473464387, 0.10783510675653467, 0.24432583736728972, 0.20515269164721545, 0.3109296311147863, 0.24618251960922788, 0.5244362823443073]
Iteration 141: [0.1561367398886527, 0.20156388314539198, 0.9918169903658902, 0.21452563517626094, 0.4913380964695833, 0.19970990288700383, 0.34403545706436817, 0.6255898512131564, 0.6168119432625189, 0.18293322651674504, 0.14018490508503534, 0.13793766248728703, 0.2575251220186271, 0.29067857473464387, 0.10783510675653467, 0.24432583736728972, 0.20515269164721545, 0.3109296311147863, 0.24618251960922788, 0.5244362823443073]
Iteration 142: [0.1561367398886527, 0.20156388314539198, 0.54996407181483, 0.21452563517626094, 0.4913380964695833, 0.19970990288700383, 0.34403545706436817, 0.6255898512131564, 0.6168119432625189, 0.18293322651674504, 0.14018490508503534, 0.13793766248728703, 0.2575251220186271, 0.29067857473464387, 0.10783510675653467, 0.24432583736728972, 0.20515269164721545, 0.2620548270575188, 0.24618251960922788, 0.5244362823443073]
Iteration 143: [0.1561367398886527, 0.20156388314539198, 0.54996407181483, 0.21452563517626094, 0.4913380964695833, 0.20631173489810867, 0.34403545706436817, 0.6255898512131564, 0.6168119432625189, 0.18293322651674504, 0.1470440540470191, 0.13793766248728703, 0.2575251220186271, 0.29067857473464387, 0.10783510675653467, 0.24432583736728972, 0.20515269164721545, 0.2620548270575188, 0.24618251960922788, 0.5244362823443073]
Iteration 144: [0.1561367398886527, 0.20156388314539198, 0.54996407181483, 0.21452563517626094, 0.4913380964695833, 0.20631173489810867, 0.34403545706436817, 0.6255898512131564, 0.6168119432625189, 0.18293322651674504, 0.1470440540470191, 0.13793766248728703, 0.2575251220186271, 0.29067857473464387, 0.10783510675653467, 0.2543320328655775, 0.20515269164721545, 0.2620548270575188, 0.24618251960922788, 0.5244362823443073]
Iteration 145: [0.1561367398886527, 0.20156388314539198, 0.23085097061272242, 0.21452563517626094, 0.4913380964695833, 0.20631173489810867, 0.34403545706436817, 0.6255898512131564, 0.6168119432625189, 0.18293322651674504, 0.1470440540470191, 0.13793766248728703, 0.2575251220186271, 0.29067857473464387, 0.10783510675653467, 0.2543320328655775, 0.20515269164721545, 0.2620548270575188, 0.24618251960922788, 0.5997697211142312]
Iteration 146: [0.1561367398886527, 0.20156388314539198, 0.22536891049061208, 0.21452563517626094, 0.4913380964695833, 0.20631173489810867, 0.34403545706436817, 0.6255898512131564, 0.6168119432625189, 0.18293322651674504, 0.1470440540470191, 0.13793766248728703, 0.2575251220186271, 0.29067857473464387, 0.10783510675653467, 0.2543320328655775, 0.20515269164721545, 0.2620548270575188, 0.24618251960922788, 0.5997697211142312]
Iteration 147: [0.1561367398886527, 0.20156388314539198, 0.22536891049061208, 0.21452563517626094, 0.4913380964695833, 0.20631173489810867, 0.34403545706436817, 0.6255898512131564, 0.6168119432625189, 0.18293322651674504, 0.1470440540470191, 0.13793766248728703, 0.6504829702765195, 0.29067857473464387, 0.10783510675653467, 0.2543320328655775, 0.20515269164721545, 0.2620548270575188, 0.24618251960922788, 0.6382021286943828]
Iteration 148: [0.1561367398886527, 0.1990091120502853, 0.22536891049061208, 0.21452563517626094, 0.4913380964695833, 0.20631173489810867, 0.34403545706436817, 0.6255898512131564, 0.18225616519760116, 0.18293322651674504, 0.1470440540470191, 0.13793766248728703, 0.6504829702765195, 0.29067857473464387, 0.10783510675653467, 0.2543320328655775, 0.20515269164721545, 0.2620548270575188, 0.24618251960922788, 0.6382021286943828]
Iteration 149: [0.1561367398886527, 0.1990091120502853, 0.22536891049061208, 0.21452563517626094, 0.4913380964695833, 0.20631173489810867, 0.34403545706436817, 0.6255898512131564, 0.18225616519760116, 0.18293322651674504, 0.1470440540470191, 0.13793766248728703, 0.6504829702765195, 0.6882842058568283, 0.10783510675653467, 0.2543320328655775, 0.20515269164721545, 0.2620548270575188, 0.24618251960922788, 0.5560877883859163]
Iteration 150: [0.21078855065984145, 0.1990091120502853, 0.22536891049061208, 0.21452563517626094, 0.4913380964695833, 0.20631173489810867, 0.34403545706436817, 0.6255898512131564, 0.18225616519760116, 0.18293322651674504, 0.1470440540470191, 0.13793766248728703, 0.6504829702765195, 0.6882842058568283, 0.10783510675653467, 0.2543320328655775, 0.19751676933340043, 0.2620548270575188, 0.24618251960922788, 0.5560877883859163]
