There are 16 agents who believe in con
There are 3 agents who believe in pro
There are 1 agents who are neutral 

Iteration 1: [0.6143770401103259, 0.4148192277927126, 0.33485142544327495, 0.27479191725564905, 0.5944557042435907, 0.5211615076658446, 0.4221690207419384, 0.28604623855891337, 0.66838975576991, 0.5659258297336105, 0.471566922315652, 0.6182720508388183, 0.28996365216806425, 0.40326256130597893, 0.5091533410570824, 0.4889079862635845, 0.236961951847658, 0.6258024417718914, 0.5164764288846105, 0.46485677206865783]
Iteration 2: [0.6143770401103259, 0.4148192277927126, 0.33485142544327495, 0.2840240034622548, 0.5944557042435907, 0.5211615076658446, 0.4221690207419384, 0.28604623855891337, 0.66838975576991, 0.5659258297336105, 0.471566922315652, 0.6182720508388183, 0.28996365216806425, 0.40326256130597893, 0.5091533410570824, 0.4889079862635845, 0.236961951847658, 0.6258024417718914, 0.5164764288846105, 0.4045601325849413]
Iteration 3: [0.6143770401103259, 0.4148192277927126, 0.33485142544327495, 0.2840240034622548, 0.5944557042435907, 0.5211615076658446, 0.4221690207419384, 0.28604623855891337, 0.702749474590482, 0.5659258297336105, 0.471566922315652, 0.6182720508388183, 0.28996365216806425, 0.40326256130597893, 0.5091533410570824, 0.5520149496481965, 0.236961951847658, 0.6258024417718914, 0.5164764288846105, 0.4045601325849413]
Iteration 4: [0.6143770401103259, 0.4148192277927126, 0.33485142544327495, 0.5206172203309333, 0.5944557042435907, 0.5211615076658446, 0.4221690207419384, 0.28604623855891337, 0.702749474590482, 0.5659258297336105, 0.471566922315652, 0.6182720508388183, 0.28996365216806425, 0.40326256130597893, 0.1590589746580424, 0.5520149496481965, 0.236961951847658, 0.6258024417718914, 0.5164764288846105, 0.4045601325849413]
Iteration 5: [0.6143770401103259, 0.4148192277927126, 0.33485142544327495, 0.209934027000163, 0.5944557042435907, 0.5211615076658446, 0.4221690207419384, 0.28604623855891337, 0.702749474590482, 0.5211501398551783, 0.471566922315652, 0.6182720508388183, 0.28996365216806425, 0.40326256130597893, 0.1590589746580424, 0.5520149496481965, 0.236961951847658, 0.6258024417718914, 0.5164764288846105, 0.4045601325849413]
Iteration 6: [0.6143770401103259, 0.4148192277927126, 0.3361114658903909, 0.209934027000163, 0.5944557042435907, 0.4462279880018547, 0.4221690207419384, 0.28604623855891337, 0.702749474590482, 0.5211501398551783, 0.471566922315652, 0.6182720508388183, 0.28996365216806425, 0.40326256130597893, 0.1590589746580424, 0.5520149496481965, 0.236961951847658, 0.6258024417718914, 0.5164764288846105, 0.4045601325849413]
Iteration 7: [0.6143770401103259, 0.4148192277927126, 0.3361114658903909, 0.209934027000163, 0.5885186665962723, 0.4462279880018547, 0.4221690207419384, 0.28604623855891337, 0.702749474590482, 0.5211501398551783, 0.471566922315652, 0.6182720508388183, 0.28996365216806425, 0.40326256130597893, 0.1590589746580424, 0.5520149496481965, 0.236961951847658, 0.6258024417718914, 0.5164764288846105, 0.4045601325849413]
Iteration 8: [0.6143770401103259, 0.4148192277927126, 0.08742730538253758, 0.209934027000163, 0.5885186665962723, 0.4462279880018547, 0.4221690207419384, 0.28604623855891337, 0.702749474590482, 0.645564713779141, 0.471566922315652, 0.6182720508388183, 0.28996365216806425, 0.40326256130597893, 0.1590589746580424, 0.5520149496481965, 0.236961951847658, 0.6258024417718914, 0.5164764288846105, 0.4045601325849413]
Iteration 9: [0.7501939619503006, 0.4148192277927126, 0.08742730538253758, 0.209934027000163, 0.5885186665962723, 0.4462279880018547, 0.4221690207419384, 0.28604623855891337, 0.702749474590482, 0.645564713779141, 0.4876861951480002, 0.6182720508388183, 0.28996365216806425, 0.40326256130597893, 0.1590589746580424, 0.5520149496481965, 0.236961951847658, 0.6258024417718914, 0.5164764288846105, 0.4045601325849413]
Iteration 10: [0.7501939619503006, 0.4148192277927126, 0.08742730538253758, 0.209934027000163, 0.5885186665962723, 0.4462279880018547, 0.4221690207419384, 0.28604623855891337, 0.702749474590482, 0.645564713779141, 0.4876861951480002, 0.6182720508388183, 0.28996365216806425, 0.40326256130597893, 0.1590589746580424, 0.5520149496481965, 0.236961951847658, 0.5087637728890552, 0.5164764288846105, 0.07833913067838717]
Iteration 11: [0.7501939619503006, 0.4148192277927126, 0.08742730538253758, 0.209934027000163, 0.5885186665962723, 0.4462279880018547, 0.4221690207419384, 0.28604623855891337, 0.702749474590482, 0.25358980590532987, 0.15247718403781998, 0.6182720508388183, 0.28996365216806425, 0.40326256130597893, 0.1590589746580424, 0.5520149496481965, 0.236961951847658, 0.5087637728890552, 0.5164764288846105, 0.07833913067838717]
Iteration 12: [0.7501939619503006, 0.4148192277927126, 0.08742730538253758, 0.209934027000163, 0.308445761438701, 0.44635797350470047, 0.4221690207419384, 0.28604623855891337, 0.702749474590482, 0.25358980590532987, 0.15247718403781998, 0.6182720508388183, 0.28996365216806425, 0.40326256130597893, 0.1590589746580424, 0.5520149496481965, 0.236961951847658, 0.5087637728890552, 0.5164764288846105, 0.07833913067838717]
Iteration 13: [0.7501939619503006, 0.39319179278706673, 0.28750103201546556, 0.209934027000163, 0.308445761438701, 0.44635797350470047, 0.4221690207419384, 0.28604623855891337, 0.702749474590482, 0.25358980590532987, 0.15247718403781998, 0.6182720508388183, 0.28996365216806425, 0.40326256130597893, 0.1590589746580424, 0.5520149496481965, 0.236961951847658, 0.5087637728890552, 0.5164764288846105, 0.07833913067838717]
Iteration 14: [0.7501939619503006, 0.39319179278706673, 0.28750103201546556, 0.209934027000163, 0.308445761438701, 0.44635797350470047, 0.4221690207419384, 0.2069483203330134, 0.702749474590482, 0.25358980590532987, 0.15247718403781998, 0.6182720508388183, 0.28996365216806425, 0.40326256130597893, 0.1535652848307692, 0.5520149496481965, 0.236961951847658, 0.5087637728890552, 0.5164764288846105, 0.07833913067838717]
Iteration 15: [0.7501939619503006, 0.39319179278706673, 0.28750103201546556, 0.209934027000163, 0.308445761438701, 0.39336884525699617, 0.4221690207419384, 0.2069483203330134, 0.702749474590482, 0.25358980590532987, 0.15247718403781998, 0.6182720508388183, 0.37294994096277045, 0.40326256130597893, 0.1535652848307692, 0.5520149496481965, 0.236961951847658, 0.5087637728890552, 0.5164764288846105, 0.07833913067838717]
Iteration 16: [0.7501939619503006, 0.39319179278706673, 0.28750103201546556, 0.209934027000163, 0.38593027895008164, 0.39336884525699617, 0.4221690207419384, 0.2069483203330134, 0.702749474590482, 0.25358980590532987, 0.15247718403781998, 0.6182720508388183, 0.42137514551395217, 0.40326256130597893, 0.1535652848307692, 0.5520149496481965, 0.236961951847658, 0.5087637728890552, 0.5164764288846105, 0.07833913067838717]
Iteration 17: [0.7501939619503006, 0.39319179278706673, 0.28750103201546556, 0.209934027000163, 0.38593027895008164, 0.39336884525699617, 0.4221690207419384, 0.2069483203330134, 0.6826040118182553, 0.25358980590532987, 0.15247718403781998, 0.6182720508388183, 0.42137514551395217, 0.40326256130597893, 0.1535652848307692, 0.5520149496481965, 0.2926617254315885, 0.5087637728890552, 0.5164764288846105, 0.07833913067838717]
Iteration 18: [0.32534406071388106, 0.39319179278706673, 0.28750103201546556, 0.209934027000163, 0.38593027895008164, 0.39336884525699617, 0.4221690207419384, 0.2069483203330134, 0.6826040118182553, 0.25358980590532987, 0.15247718403781998, 0.6182720508388183, 0.42137514551395217, 0.40326256130597893, 0.1535652848307692, 0.15257254077767432, 0.2926617254315885, 0.5087637728890552, 0.5164764288846105, 0.07833913067838717]
Iteration 19: [0.32534406071388106, 0.39319179278706673, 0.28750103201546556, 0.209934027000163, 0.38593027895008164, 0.39336884525699617, 0.4221690207419384, 0.2069483203330134, 0.6826040118182553, 0.25358980590532987, 0.15247718403781998, 0.6182720508388183, 0.42137514551395217, 0.40326256130597893, 0.1535652848307692, 0.15257254077767432, 0.2841926826382367, 0.5087637728890552, 0.5164764288846105, 0.12438467308200793]
Iteration 20: [0.32534406071388106, 0.39319179278706673, 0.28750103201546556, 0.209934027000163, 0.38593027895008164, 0.39336884525699617, 0.4221690207419384, 0.2069483203330134, 0.6826040118182553, 0.25358980590532987, 0.15247718403781998, 0.6182720508388183, 0.1269860761128012, 0.40326256130597893, 0.1535652848307692, 0.15257254077767432, 0.2841926826382367, 0.5087637728890552, 0.5164764288846105, 0.12040495144558983]
Iteration 21: [0.32534406071388106, 0.39319179278706673, 0.28750103201546556, 0.209934027000163, 0.38593027895008164, 0.08132258463992226, 0.4221690207419384, 0.2069483203330134, 0.6826040118182553, 0.25358980590532987, 0.15247718403781998, 0.6182720508388183, 0.1269860761128012, 0.40326256130597893, 0.1535652848307692, 0.15257254077767432, 0.2841926826382367, 0.5570870855981443, 0.5164764288846105, 0.12040495144558983]
Iteration 22: [0.32534406071388106, 0.39319179278706673, 0.28750103201546556, 0.209934027000163, 0.38593027895008164, 0.08132258463992226, 0.4221690207419384, 0.2069483203330134, 0.6826040118182553, 0.25358980590532987, 0.15247718403781998, 0.6182720508388183, 0.1269860761128012, 0.40326256130597893, 0.1535652848307692, 0.5066466451103718, 0.2841926826382367, 0.5738193327841852, 0.5164764288846105, 0.12040495144558983]
Iteration 23: [0.32534406071388106, 0.39319179278706673, 0.28750103201546556, 0.209934027000163, 0.12837879493260193, 0.08132258463992226, 0.4221690207419384, 0.2069483203330134, 0.6826040118182553, 0.25358980590532987, 0.15247718403781998, 0.6182720508388183, 0.1269860761128012, 0.40326256130597893, 0.1535652848307692, 0.5066466451103718, 0.2841926826382367, 0.6366262275359078, 0.5164764288846105, 0.12040495144558983]
Iteration 24: [0.32534406071388106, 0.39319179278706673, 0.28750103201546556, 0.209934027000163, 0.12837879493260193, 0.08132258463992226, 0.4221690207419384, 0.2069483203330134, 0.6151595379919276, 0.25358980590532987, 0.15247718403781998, 0.6182720508388183, 0.1269860761128012, 0.40326256130597893, 0.1535652848307692, 0.5066466451103718, 0.2841926826382367, 0.6366262275359078, 0.5164764288846105, 0.12040495144558983]
Iteration 25: [0.32534406071388106, 0.39319179278706673, 0.28750103201546556, 0.209934027000163, 0.12837879493260193, 0.08132258463992226, 0.4221690207419384, 0.5653610047560331, 0.6151595379919276, 0.25358980590532987, 0.15247718403781998, 0.6182720508388183, 0.1269860761128012, 0.40326256130597893, 0.1535652848307692, 0.48251017524074297, 0.2841926826382367, 0.6366262275359078, 0.5164764288846105, 0.12040495144558983]
Iteration 26: [0.32534406071388106, 0.39319179278706673, 0.28750103201546556, 0.209934027000163, 0.12837879493260193, 0.08132258463992226, 0.4221690207419384, 0.5653610047560331, 0.6151595379919276, 0.25358980590532987, 0.15247718403781998, 0.6182720508388183, 0.1269860761128012, 0.0014112596817882552, 0.1535652848307692, 0.48251017524074297, 0.2841926826382367, 0.6366262275359078, 0.5164764288846105, 0.12040495144558983]
Iteration 27: [0.32534406071388106, 0.39319179278706673, 0.28750103201546556, 0.209934027000163, 0.12837879493260193, 0.08132258463992226, 0.4526050184733785, 0.5653610047560331, 0.6151595379919276, 0.26237263228105073, 0.15247718403781998, 0.6182720508388183, 0.1269860761128012, 0.0014112596817882552, 0.1535652848307692, 0.48251017524074297, 0.2841926826382367, 0.6366262275359078, 0.5164764288846105, 0.12040495144558983]
Iteration 28: [0.32534406071388106, 0.39319179278706673, 0.28750103201546556, 0.209934027000163, 0.12837879493260193, 0.06537656261241243, 0.4526050184733785, 0.5653610047560331, 0.6151595379919276, 0.26237263228105073, 0.15247718403781998, 0.6182720508388183, 0.1269860761128012, 0.0014112596817882552, 0.1535652848307692, 0.48251017524074297, 0.2841926826382367, 0.540023223652685, 0.5164764288846105, 0.12040495144558983]
Iteration 29: [0.32534406071388106, 0.39319179278706673, 0.28750103201546556, 0.209934027000163, 0.12837879493260193, 0.06537656261241243, 0.4526050184733785, 0.5653610047560331, 0.607671324099894, 0.26237263228105073, 0.15247718403781998, 0.6182720508388183, 0.1269860761128012, 0.0014112596817882552, 0.1535652848307692, 0.4784882752462788, 0.2841926826382367, 0.540023223652685, 0.5164764288846105, 0.12040495144558983]
Iteration 30: [0.32534406071388106, 0.39319179278706673, 0.28750103201546556, 0.209934027000163, 0.12837879493260193, 0.06537656261241243, 0.4526050184733785, 0.5653610047560331, 0.607671324099894, 0.26237263228105073, 0.15247718403781998, 0.6182720508388183, 0.1269860761128012, 0.11407235662722576, 0.1535652848307692, 0.4784882752462788, 0.2841926826382367, 0.540023223652685, 0.2083722861457849, 0.12040495144558983]
Iteration 31: [0.32534406071388106, 0.39319179278706673, 0.28750103201546556, 0.4828037867109137, 0.12837879493260193, 0.06537656261241243, 0.4526050184733785, 0.5653610047560331, 0.607671324099894, 0.26237263228105073, 0.15247718403781998, 0.6182720508388183, 0.1269860761128012, 0.11407235662722576, 0.1535652848307692, 0.4784882752462788, 0.2841926826382367, 0.540023223652685, 0.2083722861457849, 0.12040495144558983]
Iteration 32: [0.32534406071388106, 0.39319179278706673, 0.28750103201546556, 0.4828037867109137, 0.12837879493260193, 0.06537656261241243, 0.4526050184733785, 0.5653610047560331, 0.607671324099894, 0.26237263228105073, 0.15247718403781998, 0.6182720508388183, 0.10217514284713793, 0.11407235662722576, 0.1535652848307692, 0.4784882752462788, 0.2841926826382367, 0.540023223652685, 0.2707940695846529, 0.12040495144558983]
Iteration 33: [0.32534406071388106, 0.39319179278706673, 0.28750103201546556, 0.4828037867109137, 0.12837879493260193, 0.06537656261241243, 0.4526050184733785, 0.5653610047560331, 0.607671324099894, 0.2750826248267449, 0.15247718403781998, 0.6182720508388183, 0.10217514284713793, 0.11407235662722576, 0.1535652848307692, 0.4784882752462788, 0.2841926826382367, 0.540023223652685, 0.2707940695846529, 0.12040495144558983]
Iteration 34: [0.6607978840350587, 0.39319179278706673, 0.28750103201546556, 0.4828037867109137, 0.12837879493260193, 0.06537656261241243, 0.4526050184733785, 0.5653610047560331, 0.607671324099894, 0.2750826248267449, 0.15247718403781998, 0.6182720508388183, 0.10217514284713793, 0.11407235662722576, 0.1535652848307692, 0.4784882752462788, 0.2841926826382367, 0.540023223652685, 0.2707940695846529, 0.12040495144558983]
Iteration 35: [0.351683633423837, 0.39319179278706673, 0.28750103201546556, 0.4828037867109137, 0.12837879493260193, 0.06537656261241243, 0.4526050184733785, 0.5653610047560331, 0.607671324099894, 0.2750826248267449, 0.15247718403781998, 0.6182720508388183, 0.10217514284713793, 0.11407235662722576, 0.1535652848307692, 0.4784882752462788, 0.2841926826382367, 0.540023223652685, 0.2707940695846529, 0.12040495144558983]
Iteration 36: [0.351683633423837, 0.39319179278706673, 0.28750103201546556, 0.4828037867109137, 0.12837879493260193, 0.06537656261241243, 0.4526050184733785, 0.5653610047560331, 0.607671324099894, 0.2750826248267449, 0.136941928681231, 0.6182720508388183, 0.10217514284713793, 0.11407235662722576, 0.1535652848307692, 0.4784882752462788, 0.2841926826382367, 0.5159874801354439, 0.2707940695846529, 0.12040495144558983]
Iteration 37: [0.351683633423837, 0.39319179278706673, 0.1665856251609655, 0.4828037867109137, 0.12837879493260193, 0.06537656261241243, 0.4526050184733785, 0.5653610047560331, 0.607671324099894, 0.2750826248267449, 0.136941928681231, 0.5620528862859557, 0.10217514284713793, 0.11407235662722576, 0.1535652848307692, 0.4784882752462788, 0.2841926826382367, 0.5159874801354439, 0.2707940695846529, 0.12040495144558983]
Iteration 38: [0.351683633423837, 0.39319179278706673, 0.1665856251609655, 0.4828037867109137, 0.12837879493260193, 0.10484046889015419, 0.4526050184733785, 0.5653610047560331, 0.607671324099894, 0.2750826248267449, 0.136941928681231, 0.5620528862859557, 0.10217514284713793, 0.11407235662722576, 0.1535652848307692, 0.5543021033466056, 0.2841926826382367, 0.5159874801354439, 0.2707940695846529, 0.12040495144558983]
Iteration 39: [0.351683633423837, 0.39319179278706673, 0.1665856251609655, 0.4828037867109137, 0.12837879493260193, 0.10484046889015419, 0.4526050184733785, 0.3239592482026263, 0.607671324099894, 0.2750826248267449, 0.136941928681231, 0.5620528862859557, 0.10217514284713793, 0.44318703548757377, 0.1535652848307692, 0.5543021033466056, 0.2841926826382367, 0.5159874801354439, 0.2707940695846529, 0.12040495144558983]
Iteration 40: [0.351683633423837, 0.39319179278706673, 0.1665856251609655, 0.4828037867109137, 0.14939550985041583, 0.10484046889015419, 0.4526050184733785, 0.3239592482026263, 0.607671324099894, 0.2750826248267449, 0.136941928681231, 0.5620528862859557, 0.10217514284713793, 0.44318703548757377, 0.13287985378683845, 0.5543021033466056, 0.2841926826382367, 0.5159874801354439, 0.2707940695846529, 0.12040495144558983]
Iteration 41: [0.351683633423837, 0.39319179278706673, 0.1665856251609655, 0.1618172613452137, 0.14939550985041583, 0.10484046889015419, 0.4526050184733785, 0.3239592482026263, 0.607671324099894, 0.2750826248267449, 0.24516911962369722, 0.5620528862859557, 0.10217514284713793, 0.44318703548757377, 0.13287985378683845, 0.5543021033466056, 0.2841926826382367, 0.5159874801354439, 0.2707940695846529, 0.12040495144558983]
Iteration 42: [0.6680400299642604, 0.39319179278706673, 0.1665856251609655, 0.1618172613452137, 0.14939550985041583, 0.10484046889015419, 0.4526050184733785, 0.3239592482026263, 0.607671324099894, 0.2750826248267449, 0.24516911962369722, 0.5620528862859557, 0.10217514284713793, 0.44318703548757377, 0.13287985378683845, 0.5543021033466056, 0.2841926826382367, 0.5752437688099128, 0.2707940695846529, 0.12040495144558983]
Iteration 43: [0.6680400299642604, 0.39319179278706673, 0.1665856251609655, 0.1618172613452137, 0.14939550985041583, 0.10484046889015419, 0.4526050184733785, 0.3239592482026263, 0.607671324099894, 0.2750826248267449, 0.27137748052247834, 0.5620528862859557, 0.10217514284713793, 0.44318703548757377, 0.13287985378683845, 0.5543021033466056, 0.2841926826382367, 0.5752437688099128, 0.2707940695846529, 0.12040495144558983]
Iteration 44: [0.6680400299642604, 0.5267931816686169, 0.1665856251609655, 0.1618172613452137, 0.14939550985041583, 0.10484046889015419, 0.4526050184733785, 0.3239592482026263, 0.607671324099894, 0.2750826248267449, 0.27137748052247834, 0.5620528862859557, 0.10217514284713793, 0.44318703548757377, 0.13287985378683845, 0.5543021033466056, 0.2841926826382367, 0.5752437688099128, 0.2707940695846529, 0.12040495144558983]
Iteration 45: [0.6680400299642604, 0.5267931816686169, 0.1665856251609655, 0.1618172613452137, 0.14939550985041583, 0.19449226002320263, 0.4526050184733785, 0.3239592482026263, 0.607671324099894, 0.2750826248267449, 0.27137748052247834, 0.5620528862859557, 0.10217514284713793, 0.37457193619674667, 0.13287985378683845, 0.5543021033466056, 0.2841926826382367, 0.5752437688099128, 0.2707940695846529, 0.12040495144558983]
Iteration 46: [0.6680400299642604, 0.3650377519301258, 0.1665856251609655, 0.1618172613452137, 0.14939550985041583, 0.19449226002320263, 0.4526050184733785, 0.3239592482026263, 0.607671324099894, 0.2750826248267449, 0.27137748052247834, 0.5620528862859557, 0.10217514284713793, 0.10968050839077406, 0.13287985378683845, 0.5543021033466056, 0.2841926826382367, 0.5752437688099128, 0.2707940695846529, 0.12040495144558983]
Iteration 47: [0.6680400299642604, 0.3650377519301258, 0.1665856251609655, 0.1618172613452137, 0.14939550985041583, 0.19449226002320263, 0.4526050184733785, 0.3239592482026263, 0.607671324099894, 0.1990102023207246, 0.27137748052247834, 0.5620528862859557, 0.10217514284713793, 0.10968050839077406, 0.13287985378683845, 0.5543021033466056, 0.2643299632002217, 0.5752437688099128, 0.2707940695846529, 0.12040495144558983]
Iteration 48: [0.6680400299642604, 0.3650377519301258, 0.1665856251609655, 0.23748225287230376, 0.4283245897348754, 0.19449226002320263, 0.4526050184733785, 0.3239592482026263, 0.607671324099894, 0.1990102023207246, 0.27137748052247834, 0.5620528862859557, 0.10217514284713793, 0.10968050839077406, 0.13287985378683845, 0.5543021033466056, 0.2643299632002217, 0.5752437688099128, 0.2707940695846529, 0.12040495144558983]
Iteration 49: [0.6680400299642604, 0.3650377519301258, 0.1737735904656104, 0.23748225287230376, 0.4283245897348754, 0.19449226002320263, 0.4526050184733785, 0.3239592482026263, 0.607671324099894, 0.1990102023207246, 0.27137748052247834, 0.5620528862859557, 0.10217514284713793, 0.10968050839077406, 0.13287985378683845, 0.5543021033466056, 0.2643299632002217, 0.5752437688099128, 0.2707940695846529, 0.12040495144558983]
Iteration 50: [0.6680400299642604, 0.3650377519301258, 0.1737735904656104, 0.23748225287230376, 0.41453537873602025, 0.19449226002320263, 0.4526050184733785, 0.5228311786803818, 0.607671324099894, 0.1990102023207246, 0.27137748052247834, 0.5620528862859557, 0.10217514284713793, 0.10968050839077406, 0.13287985378683845, 0.5543021033466056, 0.2643299632002217, 0.5752437688099128, 0.2707940695846529, 0.12040495144558983]
Iteration 51: [0.6680400299642604, 0.3650377519301258, 0.1737735904656104, 0.23748225287230376, 0.41453537873602025, 0.19449226002320263, 0.4526050184733785, 0.5228311786803818, 0.5386465485814066, 0.1990102023207246, 0.27137748052247834, 0.5620528862859557, 0.12233775615842268, 0.10968050839077406, 0.13287985378683845, 0.5543021033466056, 0.2643299632002217, 0.5752437688099128, 0.2707940695846529, 0.12040495144558983]
Iteration 52: [0.6680400299642604, 0.3650377519301258, 0.1737735904656104, 0.23748225287230376, 0.41453537873602025, 0.19449226002320263, 0.5745078055266326, 0.5228311786803818, 0.5386465485814066, 0.1990102023207246, 0.23476992414949446, 0.5620528862859557, 0.12233775615842268, 0.10968050839077406, 0.13287985378683845, 0.5543021033466056, 0.2643299632002217, 0.5752437688099128, 0.2707940695846529, 0.12040495144558983]
Iteration 53: [0.6680400299642604, 0.15697393155241265, 0.1737735904656104, 0.23748225287230376, 0.41453537873602025, 0.19449226002320263, 0.5745078055266326, 0.5228311786803818, 0.5386465485814066, 0.1990102023207246, 0.23476992414949446, 0.5620528862859557, 0.12233775615842268, 0.10968050839077406, 0.13287985378683845, 0.5543021033466056, 0.2643299632002217, 0.5752437688099128, 0.2707940695846529, 0.12040495144558983]
Iteration 54: [0.6680400299642604, 0.15697393155241265, 0.1737735904656104, 0.23748225287230376, 0.41453537873602025, 0.19449226002320263, 0.5745078055266326, 0.30412823790884974, 0.5386465485814066, 0.1990102023207246, 0.23476992414949446, 0.5620528862859557, 0.12233775615842268, 0.10968050839077406, 0.13287985378683845, 0.5543021033466056, 0.2643299632002217, 0.5752437688099128, 0.2707940695846529, 0.12040495144558983]
Iteration 55: [0.6680400299642604, 0.15697393155241265, 0.1737735904656104, 0.23748225287230376, 0.41453537873602025, 0.19449226002320263, 0.5745078055266326, 0.30412823790884974, 0.68035126067031, 0.1990102023207246, 0.23476992414949446, 0.5620528862859557, 0.12233775615842268, 0.10968050839077406, 0.13287985378683845, 0.5543021033466056, 0.2643299632002217, 0.5752437688099128, 0.19533862304295055, 0.12040495144558983]
Iteration 56: [0.6680400299642604, 0.15697393155241265, 0.1737735904656104, 0.23748225287230376, 0.41453537873602025, 0.19449226002320263, 0.5745078055266326, 0.30412823790884974, 0.68035126067031, 0.3079194417372691, 0.23476992414949446, 0.5620528862859557, 0.12233775615842268, 0.10868214707767625, 0.13287985378683845, 0.5543021033466056, 0.2643299632002217, 0.5752437688099128, 0.19533862304295055, 0.12040495144558983]
Iteration 57: [0.6680400299642604, 0.15697393155241265, 0.1737735904656104, 0.23748225287230376, 0.41453537873602025, 0.19449226002320263, 0.5745078055266326, 0.30412823790884974, 0.68035126067031, 0.3079194417372691, 0.23476992414949446, 0.5620528862859557, 0.12233775615842268, 0.10868214707767625, 0.5178275797648509, 0.5543021033466056, 0.2643299632002217, 0.5264618108874959, 0.19533862304295055, 0.12040495144558983]
Iteration 58: [0.6680400299642604, 0.15950112073857983, 0.1737735904656104, 0.23748225287230376, 0.41453537873602025, 0.19449226002320263, 0.5745078055266326, 0.30412823790884974, 0.68035126067031, 0.3079194417372691, 0.23476992414949446, 0.5620528862859557, 0.12233775615842268, 0.42561047772591054, 0.5178275797648509, 0.5543021033466056, 0.2643299632002217, 0.5264618108874959, 0.19533862304295055, 0.12040495144558983]
Iteration 59: [0.6680400299642604, 0.15950112073857983, 0.1737735904656104, 0.23748225287230376, 0.41453537873602025, 0.19449226002320263, 0.5745078055266326, 0.33689119028369036, 0.68035126067031, 0.3079194417372691, 0.23476992414949446, 0.5620528862859557, 0.1282429182908529, 0.42561047772591054, 0.5178275797648509, 0.5543021033466056, 0.2643299632002217, 0.5264618108874959, 0.19533862304295055, 0.12040495144558983]
Iteration 60: [0.6680400299642604, 0.15950112073857983, 0.1737735904656104, 0.21811860405230768, 0.41453537873602025, 0.19449226002320263, 0.5745078055266326, 0.33689119028369036, 0.68035126067031, 0.3079194417372691, 0.24011582896807185, 0.5620528862859557, 0.1282429182908529, 0.42561047772591054, 0.5178275797648509, 0.5543021033466056, 0.2643299632002217, 0.5264618108874959, 0.19533862304295055, 0.12040495144558983]
Iteration 61: [0.6680400299642604, 0.42726241179834, 0.1737735904656104, 0.2248291882144267, 0.41453537873602025, 0.19449226002320263, 0.5745078055266326, 0.33689119028369036, 0.68035126067031, 0.3079194417372691, 0.24011582896807185, 0.5620528862859557, 0.1282429182908529, 0.42561047772591054, 0.5178275797648509, 0.5543021033466056, 0.2643299632002217, 0.5264618108874959, 0.19533862304295055, 0.12040495144558983]
Iteration 62: [0.6680400299642604, 0.42726241179834, 0.1737735904656104, 0.2248291882144267, 0.41453537873602025, 0.24047750866123668, 0.5745078055266326, 0.33689119028369036, 0.68035126067031, 0.3079194417372691, 0.24011582896807185, 0.5620528862859557, 0.1282429182908529, 0.42561047772591054, 0.12829969289077614, 0.5543021033466056, 0.2643299632002217, 0.5264618108874959, 0.19533862304295055, 0.12040495144558983]
Iteration 63: [0.6680400299642604, 0.42726241179834, 0.1737735904656104, 0.2248291882144267, 0.41453537873602025, 0.24047750866123668, 0.5745078055266326, 0.33689119028369036, 0.68035126067031, 0.3079194417372691, 0.24011582896807185, 0.6946289682255882, 0.1282429182908529, 0.42561047772591054, 0.12829969289077614, 0.47520454469089873, 0.2643299632002217, 0.5264618108874959, 0.19533862304295055, 0.12040495144558983]
Iteration 64: [0.6680400299642604, 0.42726241179834, 0.1737735904656104, 0.2248291882144267, 0.41453537873602025, 0.24047750866123668, 0.6201678915439358, 0.33689119028369036, 0.68035126067031, 0.3079194417372691, 0.24011582896807185, 0.6946289682255882, 0.1282429182908529, 0.42561047772591054, 0.12829969289077614, 0.47520454469089873, 0.3215761790860245, 0.5264618108874959, 0.19533862304295055, 0.12040495144558983]
Iteration 65: [0.6680400299642604, 0.42726241179834, 0.1737735904656104, 0.2248291882144267, 0.41453537873602025, 0.24047750866123668, 0.6201678915439358, 0.33689119028369036, 0.68035126067031, 0.3079194417372691, 0.24011582896807185, 0.6636002280383515, 0.1282429182908529, 0.42561047772591054, 0.12829969289077614, 0.47520454469089873, 0.3215761790860245, 0.5264618108874959, 0.19533862304295055, 0.12040495144558983]
Iteration 66: [0.6680400299642604, 0.42726241179834, 0.1737735904656104, 0.2248291882144267, 0.41453537873602025, 0.24047750866123668, 0.6201678915439358, 0.33689119028369036, 0.68035126067031, 0.3079194417372691, 0.2536023010203105, 0.6636002280383515, 0.1282429182908529, 0.42561047772591054, 0.12829969289077614, 0.47520454469089873, 0.3215761790860245, 0.5264618108874959, 0.19533862304295055, 0.12040495144558983]
Iteration 67: [0.6680400299642604, 0.42726241179834, 0.1737735904656104, 0.2248291882144267, 0.41453537873602025, 0.24047750866123668, 0.6201678915439358, 0.33689119028369036, 0.68035126067031, 0.3079194417372691, 0.2536023010203105, 0.6636002280383515, 0.11871195148669987, 0.42561047772591054, 0.1656810781567808, 0.47520454469089873, 0.3215761790860245, 0.5264618108874959, 0.19533862304295055, 0.12040495144558983]
Iteration 68: [0.6304627383290659, 0.42726241179834, 0.1737735904656104, 0.2248291882144267, 0.41453537873602025, 0.24047750866123668, 0.6201678915439358, 0.33689119028369036, 0.68035126067031, 0.3079194417372691, 0.2536023010203105, 0.6636002280383515, 0.11871195148669987, 0.42561047772591054, 0.1656810781567808, 0.47520454469089873, 0.3215761790860245, 0.5264618108874959, 0.19533862304295055, 0.12040495144558983]
Iteration 69: [0.6304627383290659, 0.6541741435979034, 0.1737735904656104, 0.2248291882144267, 0.41453537873602025, 0.24047750866123668, 0.6201678915439358, 0.33689119028369036, 0.68035126067031, 0.3079194417372691, 0.2536023010203105, 0.6636002280383515, 0.11871195148669987, 0.42561047772591054, 0.1656810781567808, 0.47520454469089873, 0.3215761790860245, 0.5264618108874959, 0.19533862304295055, 0.12040495144558983]
Iteration 70: [0.5618012320049531, 0.6541741435979034, 0.1737735904656104, 0.2248291882144267, 0.41453537873602025, 0.24047750866123668, 0.6201678915439358, 0.33689119028369036, 0.68035126067031, 0.3079194417372691, 0.2536023010203105, 0.6636002280383515, 0.11871195148669987, 0.42561047772591054, 0.1656810781567808, 0.47520454469089873, 0.3215761790860245, 0.5264618108874959, 0.19533862304295055, 0.12040495144558983]
Iteration 71: [0.5618012320049531, 0.6541741435979034, 0.1737735904656104, 0.2248291882144267, 0.41453537873602025, 0.24047750866123668, 0.6201678915439358, 0.33689119028369036, 0.68035126067031, 0.3079194417372691, 0.2536023010203105, 0.6636002280383515, 0.11871195148669987, 0.470941506046079, 0.1656810781567808, 0.47520454469089873, 0.3215761790860245, 0.5607756557056833, 0.19533862304295055, 0.12040495144558983]
Iteration 72: [0.5618012320049531, 0.6791945956971248, 0.1737735904656104, 0.2248291882144267, 0.41453537873602025, 0.24047750866123668, 0.6201678915439358, 0.33689119028369036, 0.68035126067031, 0.3079194417372691, 0.2536023010203105, 0.6636002280383515, 0.11871195148669987, 0.470941506046079, 0.1656810781567808, 0.47520454469089873, 0.3215761790860245, 0.5607756557056833, 0.19533862304295055, 0.12040495144558983]
Iteration 73: [0.5618012320049531, 0.6791945956971248, 0.1737735904656104, 0.2096532407573321, 0.41453537873602025, 0.24047750866123668, 0.6201678915439358, 0.33689119028369036, 0.68035126067031, 0.3079194417372691, 0.2536023010203105, 0.6636002280383515, 0.11871195148669987, 0.470941506046079, 0.1656810781567808, 0.47520454469089873, 0.3215761790860245, 0.5926585994389294, 0.19533862304295055, 0.12040495144558983]
Iteration 74: [0.5618012320049531, 0.6791945956971248, 0.1737735904656104, 0.24364929286258707, 0.41453537873602025, 0.24047750866123668, 0.6201678915439358, 0.33689119028369036, 0.6393875680210173, 0.3079194417372691, 0.2536023010203105, 0.6636002280383515, 0.11871195148669987, 0.470941506046079, 0.1656810781567808, 0.47520454469089873, 0.3215761790860245, 0.5926585994389294, 0.19533862304295055, 0.12040495144558983]
Iteration 75: [0.5618012320049531, 0.6791945956971248, 0.23354835457296602, 0.24364929286258707, 0.41453537873602025, 0.24047750866123668, 0.6201678915439358, 0.33689119028369036, 0.6393875680210173, 0.3079194417372691, 0.2536023010203105, 0.6636002280383515, 0.11871195148669987, 0.470941506046079, 0.1656810781567808, 0.47520454469089873, 0.3215761790860245, 0.5926585994389294, 0.19533862304295055, 0.12040495144558983]
Iteration 76: [0.5618012320049531, 0.6791945956971248, 0.23354835457296602, 0.24364929286258707, 0.41453537873602025, 0.24047750866123668, 0.6201678915439358, 0.33689119028369036, 0.6393875680210173, 0.3079194417372691, 0.2536023010203105, 0.6636002280383515, 0.11871195148669987, 0.470941506046079, 0.14048562822484278, 0.47520454469089873, 0.3215761790860245, 0.5926585994389294, 0.19533862304295055, 0.12040495144558983]
Iteration 77: [0.6705166803096803, 0.6791945956971248, 0.23354835457296602, 0.24364929286258707, 0.41453537873602025, 0.24047750866123668, 0.6201678915439358, 0.33689119028369036, 0.6393875680210173, 0.3079194417372691, 0.2536023010203105, 0.6636002280383515, 0.11871195148669987, 0.470941506046079, 0.14048562822484278, 0.47520454469089873, 0.3215761790860245, 0.5474390884819361, 0.19533862304295055, 0.12040495144558983]
Iteration 78: [0.6705166803096803, 0.6791945956971248, 0.23354835457296602, 0.24364929286258707, 0.41453537873602025, 0.24047750866123668, 0.6201678915439358, 0.33689119028369036, 0.6570771563595209, 0.3079194417372691, 0.2536023010203105, 0.6636002280383515, 0.11871195148669987, 0.470941506046079, 0.14048562822484278, 0.47520454469089873, 0.3215761790860245, 0.5474390884819361, 0.23286924268948753, 0.12040495144558983]
Iteration 79: [0.6705166803096803, 0.6791945956971248, 0.23354835457296602, 0.24364929286258707, 0.41453537873602025, 0.24047750866123668, 0.6201678915439358, 0.3608300231236332, 0.6570771563595209, 0.3079194417372691, 0.2536023010203105, 0.6636002280383515, 0.11871195148669987, 0.470941506046079, 0.14048562822484278, 0.47520454469089873, 0.3215761790860245, 0.5474390884819361, 0.23286924268948753, 0.12040495144558983]
Iteration 80: [0.6705166803096803, 0.6791945956971248, 0.23354835457296602, 0.24364929286258707, 0.41453537873602025, 0.24047750866123668, 0.6201678915439358, 0.17169637036599808, 0.6570771563595209, 0.25335287059077843, 0.2536023010203105, 0.6636002280383515, 0.11871195148669987, 0.470941506046079, 0.14048562822484278, 0.47520454469089873, 0.3215761790860245, 0.5474390884819361, 0.23286924268948753, 0.12040495144558983]
Iteration 81: [0.6705166803096803, 0.5223543445146518, 0.23354835457296602, 0.24364929286258707, 0.41453537873602025, 0.24047750866123668, 0.6201678915439358, 0.17169637036599808, 0.6570771563595209, 0.25335287059077843, 0.31188530600886627, 0.6636002280383515, 0.11871195148669987, 0.470941506046079, 0.14048562822484278, 0.47520454469089873, 0.3215761790860245, 0.5474390884819361, 0.23286924268948753, 0.12040495144558983]
Iteration 82: [0.6705166803096803, 0.5223543445146518, 0.23354835457296602, 0.24364929286258707, 0.41453537873602025, 0.24047750866123668, 0.6857531464489891, 0.17169637036599808, 0.6570771563595209, 0.25335287059077843, 0.31188530600886627, 0.6636002280383515, 0.11871195148669987, 0.470941506046079, 0.14048562822484278, 0.47520454469089873, 0.3215761790860245, 0.31458607156938645, 0.23286924268948753, 0.12040495144558983]
Iteration 83: [0.6705166803096803, 0.5223543445146518, 0.23354835457296602, 0.24364929286258707, 0.41453537873602025, 0.24047750866123668, 0.6857531464489891, 0.17169637036599808, 0.6570771563595209, 0.25335287059077843, 0.31188530600886627, 0.6636002280383515, 0.11871195148669987, 0.470941506046079, 0.14048562822484278, 0.47520454469089873, 0.3215761790860245, 0.74045312773055, 0.23286924268948753, 0.12040495144558983]
Iteration 84: [0.6705166803096803, 0.5223543445146518, 0.23354835457296602, 0.24364929286258707, 0.41453537873602025, 0.9871472339248979, 0.6857531464489891, 0.17169637036599808, 0.6570771563595209, 0.25335287059077843, 0.31188530600886627, 0.6636002280383515, 0.47482051610570464, 0.470941506046079, 0.14048562822484278, 0.47520454469089873, 0.3215761790860245, 0.74045312773055, 0.23286924268948753, 0.12040495144558983]
Iteration 85: [0.6705166803096803, 0.5223543445146518, 0.23354835457296602, 0.24364929286258707, 0.41453537873602025, 0.9871472339248979, 0.6857531464489891, 0.17169637036599808, 0.6570771563595209, 0.25335287059077843, 0.31188530600886627, 0.6636002280383515, 0.47482051610570464, 0.470941506046079, 0.14048562822484278, 0.47520454469089873, 0.34993257970917213, 0.74045312773055, 0.23286924268948753, 0.12040495144558983]
Iteration 86: [0.6705166803096803, 0.5223543445146518, 0.23354835457296602, 0.24364929286258707, 0.41453537873602025, 0.9871472339248979, 0.6857531464489891, 0.17169637036599808, 0.6570771563595209, 0.25335287059077843, 0.31188530600886627, 0.49259977874138583, 0.47482051610570464, 0.470941506046079, 0.14048562822484278, 0.47520454469089873, 0.34993257970917213, 0.74045312773055, 0.265117493577182, 0.12040495144558983]
Iteration 87: [0.6705166803096803, 0.5223543445146518, 0.23354835457296602, 0.24364929286258707, 0.41453537873602025, 0.9871472339248979, 0.6857531464489891, 0.17169637036599808, 0.2615259914392347, 0.25335287059077843, 0.31188530600886627, 0.49259977874138583, 0.47482051610570464, 0.470941506046079, 0.14048562822484278, 0.47520454469089873, 0.34993257970917213, 0.74045312773055, 0.23902678543064934, 0.12040495144558983]
Iteration 88: [0.6671065320909033, 0.5223543445146518, 0.23354835457296602, 0.24364929286258707, 0.48198750117642025, 0.9871472339248979, 0.6857531464489891, 0.17169637036599808, 0.2615259914392347, 0.25335287059077843, 0.31188530600886627, 0.49259977874138583, 0.47482051610570464, 0.470941506046079, 0.14048562822484278, 0.47520454469089873, 0.34993257970917213, 0.74045312773055, 0.23902678543064934, 0.12040495144558983]
Iteration 89: [0.6671065320909033, 0.5223543445146518, 0.23354835457296602, 0.24364929286258707, 0.48198750117642025, 0.9871472339248979, 0.6857531464489891, 0.17169637036599808, 0.2615259914392347, 0.25335287059077843, 0.31188530600886627, 0.49259977874138583, 0.47482051610570464, 0.470941506046079, 0.14048562822484278, 0.47520454469089873, 0.34993257970917213, 0.74045312773055, 0.23902678543064934, 0.12040495144558983]
Iteration 90: [0.6671065320909033, 0.5223543445146518, 0.23354835457296602, 0.24364929286258707, 0.48198750117642025, 0.9871472339248979, 0.6857531464489891, 0.19602965734704522, 0.2615259914392347, 0.25335287059077843, 0.31188530600886627, 0.49259977874138583, 0.47482051610570464, 0.470941506046079, 0.14048562822484278, 0.47520454469089873, 0.34993257970917213, 0.74045312773055, 0.23902678543064934, 0.12040495144558983]
Iteration 91: [0.6671065320909033, 0.5223543445146518, 0.23354835457296602, 0.24364929286258707, 0.48198750117642025, 0.9871472339248979, 0.6857531464489891, 0.19602965734704522, 0.2615259914392347, 0.25335287059077843, 0.31188530600886627, 0.49259977874138583, 0.47482051610570464, 0.470941506046079, 0.14048562822484278, 0.47520454469089873, 0.34993257970917213, 0.74045312773055, 0.23902678543064934, 0.12040495144558983]
Iteration 92: [0.6671065320909033, 0.5223543445146518, 0.23354835457296602, 0.24364929286258707, 0.48198750117642025, 0.9871472339248979, 0.6548931551405639, 0.19602965734704522, 0.2615259914392347, 0.25335287059077843, 0.31188530600886627, 0.6096740586491425, 0.47482051610570464, 0.470941506046079, 0.14048562822484278, 0.47520454469089873, 0.34993257970917213, 0.74045312773055, 0.23902678543064934, 0.12040495144558983]
Iteration 93: [0.6671065320909033, 0.5223543445146518, 0.23354835457296602, 0.24364929286258707, 0.48198750117642025, 0.22695247247345202, 0.6548931551405639, 0.19602965734704522, 0.0025154968522929848, 0.25335287059077843, 0.31188530600886627, 0.6096740586491425, 0.47482051610570464, 0.470941506046079, 0.14048562822484278, 0.47520454469089873, 0.34993257970917213, 0.74045312773055, 0.23902678543064934, 0.12040495144558983]
Iteration 94: [0.6671065320909033, 0.5223543445146518, 0.23354835457296602, 0.24364929286258707, 0.48198750117642025, 0.22695247247345202, 0.6648362746356, 0.19602965734704522, 0.0025154968522929848, 0.25335287059077843, 0.31188530600886627, 0.6096740586491425, 0.47482051610570464, 0.470941506046079, 0.14048562822484278, 0.47520454469089873, 0.34993257970917213, 0.74045312773055, 0.23902678543064934, 0.12040495144558983]
Iteration 95: [0.6671065320909033, 0.6076155549485562, 0.23354835457296602, 0.24364929286258707, 0.48198750117642025, 0.22695247247345202, 0.6648362746356, 0.19602965734704522, 0.0025154968522929848, 0.25335287059077843, 0.31188530600886627, 0.6096740586491425, 0.47482051610570464, 0.470941506046079, 0.14048562822484278, 0.47520454469089873, 0.3316929638011611, 0.74045312773055, 0.23902678543064934, 0.12040495144558983]
Iteration 96: [0.6671065320909033, 0.6076155549485562, 0.23354835457296602, 0.24364929286258707, 0.48198750117642025, 0.22695247247345202, 0.6648362746356, 0.24848015522448322, 0.0025154968522929848, 0.1752343745388969, 0.31188530600886627, 0.6096740586491425, 0.47482051610570464, 0.470941506046079, 0.14048562822484278, 0.47520454469089873, 0.3316929638011611, 0.74045312773055, 0.23902678543064934, 0.12040495144558983]
Iteration 97: [0.6671065320909033, 0.6076155549485562, 0.23354835457296602, 0.9927472801403088, 0.48198750117642025, 0.6045111740351263, 0.6648362746356, 0.24848015522448322, 0.0025154968522929848, 0.1752343745388969, 0.31188530600886627, 0.6096740586491425, 0.47482051610570464, 0.470941506046079, 0.14048562822484278, 0.47520454469089873, 0.3316929638011611, 0.74045312773055, 0.23902678543064934, 0.12040495144558983]
Iteration 98: [0.6671065320909033, 0.6076155549485562, 0.23354835457296602, 0.9927472801403088, 0.48198750117642025, 0.6045111740351263, 0.6648362746356, 0.24848015522448322, 0.0025154968522929848, 0.1752343745388969, 0.31188530600886627, 0.6096740586491425, 0.47482051610570464, 0.5238946218567742, 0.14048562822484278, 0.2174207230849764, 0.3316929638011611, 0.74045312773055, 0.23902678543064934, 0.12040495144558983]
Iteration 99: [0.6671065320909033, 0.6076155549485562, 0.23354835457296602, 0.6970490614376945, 0.48198750117642025, 0.6045111740351263, 0.6648362746356, 0.24848015522448322, 0.0025154968522929848, 0.1752343745388969, 0.31188530600886627, 0.6096740586491425, 0.47613163104990963, 0.5238946218567742, 0.14048562822484278, 0.2174207230849764, 0.3316929638011611, 0.74045312773055, 0.23902678543064934, 0.12040495144558983]
Iteration 100: [0.6671065320909033, 0.6076155549485562, 0.23354835457296602, 0.6970490614376945, 0.48198750117642025, 0.25297099961230674, 0.6648362746356, 0.24848015522448322, 0.0025154968522929848, 0.1752343745388969, 0.31188530600886627, 0.6096740586491425, 0.47613163104990963, 0.5238946218567742, 0.14048562822484278, 0.2174207230849764, 0.3316929638011611, 0.74045312773055, 0.23902678543064934, 0.12040495144558983]
Iteration 101: [0.6671065320909033, 0.6076155549485562, 0.23354835457296602, 0.6970490614376945, 0.48198750117642025, 0.25297099961230674, 0.6648362746356, 0.24848015522448322, 0.0025154968522929848, 0.1752343745388969, 0.31188530600886627, 0.6096740586491425, 0.47613163104990963, 0.5238946218567742, 0.14048562822484278, 0.2174207230849764, 0.3316929638011611, 0.74045312773055, 0.27426572111939646, 0.14618043718115914]
Iteration 102: [0.6671065320909033, 0.6076155549485562, 0.23354835457296602, 0.6970490614376945, 0.48198750117642025, 0.25297099961230674, 0.6648362746356, 0.24848015522448322, 0.0025154968522929848, 0.1752343745388969, 0.31188530600886627, 0.6096740586491425, 0.47613163104990963, 0.5238946218567742, 0.19855858493198145, 0.20891272069735348, 0.3316929638011611, 0.74045312773055, 0.27426572111939646, 0.14618043718115914]
Iteration 103: [0.6671065320909033, 0.6076155549485562, 0.23354835457296602, 0.6970490614376945, 0.48198750117642025, 0.25297099961230674, 0.6648362746356, 0.588685572650373, 0.0025154968522929848, 0.1752343745388969, 0.31188530600886627, 0.6096740586491425, 0.47613163104990963, 0.5707944396207415, 0.19855858493198145, 0.20891272069735348, 0.3316929638011611, 0.74045312773055, 0.27426572111939646, 0.14618043718115914]
Iteration 104: [0.6671065320909033, 0.6076155549485562, 0.23354835457296602, 0.6970490614376945, 0.48198750117642025, 0.25297099961230674, 0.5898989198509751, 0.588685572650373, 0.0025154968522929848, 0.1752343745388969, 0.31188530600886627, 0.6096740586491425, 0.47613163104990963, 0.5707944396207415, 0.19855858493198145, 0.20891272069735348, 0.3316929638011611, 0.74045312773055, 0.2523855029904624, 0.14618043718115914]
Iteration 105: [0.6671065320909033, 0.6076155549485562, 0.23354835457296602, 0.5773503918446823, 0.4684833218931869, 0.25297099961230674, 0.5898989198509751, 0.588685572650373, 0.0025154968522929848, 0.1752343745388969, 0.31188530600886627, 0.6096740586491425, 0.47613163104990963, 0.5707944396207415, 0.19855858493198145, 0.20891272069735348, 0.3316929638011611, 0.74045312773055, 0.2523855029904624, 0.14618043718115914]
Iteration 106: [0.6671065320909033, 0.6076155549485562, 0.23354835457296602, 0.5773503918446823, 0.5269623188768617, 0.25297099961230674, 0.5898989198509751, 0.26645273949789344, 0.0025154968522929848, 0.1752343745388969, 0.31188530600886627, 0.6096740586491425, 0.47613163104990963, 0.5707944396207415, 0.19855858493198145, 0.20891272069735348, 0.3316929638011611, 0.74045312773055, 0.2523855029904624, 0.14618043718115914]
Iteration 107: [0.6671065320909033, 0.6076155549485562, 0.23354835457296602, 0.5773503918446823, 0.5269623188768617, 0.25297099961230674, 0.5898989198509751, 0.26645273949789344, 0.16864460514770085, 0.1752343745388969, 0.31188530600886627, 0.6096740586491425, 0.47613163104990963, 0.5707944396207415, 0.19855858493198145, 0.2580972359289179, 0.3316929638011611, 0.74045312773055, 0.2523855029904624, 0.14618043718115914]
Iteration 108: [0.6671065320909033, 0.6076155549485562, 0.23354835457296602, 0.5773503918446823, 0.5269623188768617, 0.628659933652885, 0.5898989198509751, 0.26645273949789344, 0.16864460514770085, 0.1752343745388969, 0.31188530600886627, 0.6096740586491425, 0.47613163104990963, 0.5707944396207415, 0.2008476085973196, 0.2580972359289179, 0.3316929638011611, 0.74045312773055, 0.2523855029904624, 0.14618043718115914]
Iteration 109: [0.6671065320909033, 0.6076155549485562, 0.23354835457296602, 0.5773503918446823, 0.5269623188768617, 0.628659933652885, 0.2171268799579184, 0.26645273949789344, 0.16864460514770085, 0.1752343745388969, 0.26560214173857294, 0.6096740586491425, 0.47613163104990963, 0.5707944396207415, 0.2008476085973196, 0.2580972359289179, 0.3316929638011611, 0.74045312773055, 0.2523855029904624, 0.14618043718115914]
Iteration 110: [0.6671065320909033, 0.992090374318534, 0.23354835457296602, 0.5773503918446823, 0.5269623188768617, 0.628659933652885, 0.2171268799579184, 0.5281559990560318, 0.16864460514770085, 0.1752343745388969, 0.26560214173857294, 0.6096740586491425, 0.47613163104990963, 0.5707944396207415, 0.2008476085973196, 0.2580972359289179, 0.3316929638011611, 0.74045312773055, 0.2523855029904624, 0.14618043718115914]
Iteration 111: [0.6671065320909033, 0.992090374318534, 0.23354835457296602, 0.5773503918446823, 0.5321993609829673, 0.628659933652885, 0.2171268799579184, 0.5281559990560318, 0.16864460514770085, 0.1752343745388969, 0.26560214173857294, 0.6096740586491425, 0.47613163104990963, 0.5707944396207415, 0.2008476085973196, 0.2580972359289179, 0.3316929638011611, 0.74045312773055, 0.2523855029904624, 0.14618043718115914]
Iteration 112: [0.6671065320909033, 0.992090374318534, 0.23354835457296602, 0.5773503918446823, 0.5321993609829673, 0.628659933652885, 0.24108252120976378, 0.5281559990560318, 0.16864460514770085, 0.1752343745388969, 0.26560214173857294, 0.6096740586491425, 0.47613163104990963, 0.5707944396207415, 0.2008476085973196, 0.2580972359289179, 0.3316929638011611, 0.74045312773055, 0.2523855029904624, 0.14618043718115914]
Iteration 113: [0.6671065320909033, 0.992090374318534, 0.23354835457296602, 0.5773503918446823, 0.22438850394051887, 0.628659933652885, 0.24108252120976378, 0.5281559990560318, 0.16864460514770085, 0.1752343745388969, 0.26560214173857294, 0.6096740586491425, 0.47613163104990963, 0.5707944396207415, 0.2008476085973196, 0.26689202387372785, 0.3316929638011611, 0.74045312773055, 0.2523855029904624, 0.14618043718115914]
Iteration 114: [0.6671065320909033, 0.992090374318534, 0.23354835457296602, 0.5773503918446823, 0.22438850394051887, 0.628659933652885, 0.24108252120976378, 0.5281559990560318, 0.16864460514770085, 0.1752343745388969, 0.2521403586230806, 0.6096740586491425, 0.47613163104990963, 0.5749206264016387, 0.2008476085973196, 0.26689202387372785, 0.3316929638011611, 0.74045312773055, 0.2523855029904624, 0.14618043718115914]
Iteration 115: [0.6305203707349489, 0.992090374318534, 0.23354835457296602, 0.5773503918446823, 0.22438850394051887, 0.628659933652885, 0.24108252120976378, 0.5281559990560318, 0.16864460514770085, 0.1752343745388969, 0.2521403586230806, 0.6096740586491425, 0.47613163104990963, 0.5749206264016387, 0.2008476085973196, 0.26689202387372785, 0.3316929638011611, 0.6965659278248848, 0.2523855029904624, 0.14618043718115914]
Iteration 116: [0.6305203707349489, 0.7251586736357608, 0.23354835457296602, 0.5773503918446823, 0.22438850394051887, 0.628659933652885, 0.24108252120976378, 0.5281559990560318, 0.16864460514770085, 0.1752343745388969, 0.2521403586230806, 0.6096740586491425, 0.47613163104990963, 0.5749206264016387, 0.21216730347312404, 0.26689202387372785, 0.3316929638011611, 0.6965659278248848, 0.2523855029904624, 0.14618043718115914]
Iteration 117: [0.6400105874659522, 0.7251586736357608, 0.23354835457296602, 0.5773503918446823, 0.22438850394051887, 0.628659933652885, 0.24108252120976378, 0.5281559990560318, 0.16864460514770085, 0.1752343745388969, 0.2521403586230806, 0.6096740586491425, 0.47613163104990963, 0.5749206264016387, 0.21216730347312404, 0.26689202387372785, 0.3316929638011611, 0.6965659278248848, 0.2523855029904624, 0.14618043718115914]
Iteration 118: [0.6400105874659522, 0.7251586736357608, 0.23354835457296602, 0.5773503918446823, 0.22438850394051887, 0.628659933652885, 0.24108252120976378, 0.5281559990560318, 0.16864460514770085, 0.1752343745388969, 0.2521403586230806, 0.6096740586491425, 0.47613163104990963, 0.5749206264016387, 0.21216730347312404, 0.26689202387372785, 0.3316929638011611, 0.6965659278248848, 0.2523855029904624, 0.16578671246728105]
Iteration 119: [0.6400105874659522, 0.7251586736357608, 0.23354835457296602, 0.5773503918446823, 0.22438850394051887, 0.628659933652885, 0.24108252120976378, 0.28430529341045346, 0.16864460514770085, 0.1752343745388969, 0.2521403586230806, 0.6096740586491425, 0.47613163104990963, 0.5749206264016387, 0.21216730347312404, 0.26689202387372785, 0.3316929638011611, 0.6965659278248848, 0.2523855029904624, 0.16578671246728105]
Iteration 120: [0.6400105874659522, 0.6986684930846762, 0.23354835457296602, 0.5773503918446823, 0.22438850394051887, 0.628659933652885, 0.24108252120976378, 0.28430529341045346, 0.16864460514770085, 0.1752343745388969, 0.23264743301544505, 0.6096740586491425, 0.47613163104990963, 0.5749206264016387, 0.21216730347312404, 0.26689202387372785, 0.3316929638011611, 0.6965659278248848, 0.2523855029904624, 0.16578671246728105]
Iteration 121: [0.6400105874659522, 0.6986684930846762, 0.23354835457296602, 0.5773503918446823, 0.22438850394051887, 0.628659933652885, 0.24108252120976378, 0.28430529341045346, 0.16864460514770085, 0.1752343745388969, 0.23264743301544505, 0.5897424152838767, 0.1695506419342164, 0.5749206264016387, 0.21216730347312404, 0.26689202387372785, 0.3316929638011611, 0.6965659278248848, 0.2523855029904624, 0.16578671246728105]
Iteration 122: [0.6400105874659522, 0.6986684930846762, 0.23354835457296602, 0.5773503918446823, 0.22438850394051887, 0.18154462650547434, 0.24108252120976378, 0.28430529341045346, 0.16864460514770085, 0.1752343745388969, 0.23264743301544505, 0.5897424152838767, 0.1695506419342164, 0.5749206264016387, 0.21216730347312404, 0.26689202387372785, 0.2364956999913716, 0.6965659278248848, 0.2523855029904624, 0.16578671246728105]
Iteration 123: [0.6400105874659522, 0.6986684930846762, 0.23354835457296602, 0.5773503918446823, 0.22438850394051887, 0.18154462650547434, 0.28402782750738337, 0.28430529341045346, 0.16864460514770085, 0.18955964894649055, 0.23264743301544505, 0.5897424152838767, 0.1695506419342164, 0.5749206264016387, 0.21216730347312404, 0.26689202387372785, 0.2364956999913716, 0.6965659278248848, 0.2523855029904624, 0.16578671246728105]
Iteration 124: [0.6400105874659522, 0.6986684930846762, 0.23354835457296602, 0.5773503918446823, 0.2548554109438547, 0.18154462650547434, 0.28402782750738337, 0.28430529341045346, 0.16864460514770085, 0.18955964894649055, 0.23264743301544505, 0.5897424152838767, 0.1695506419342164, 0.5749206264016387, 0.21216730347312404, 0.26689202387372785, 0.2364956999913716, 0.6965659278248848, 0.2523855029904624, 0.16578671246728105]
Iteration 125: [0.6400105874659522, 0.6986684930846762, 0.23354835457296602, 0.5773503918446823, 0.2548554109438547, 0.18154462650547434, 0.28402782750738337, 0.28430529341045346, 0.16864460514770085, 0.18955964894649055, 0.23264743301544505, 0.5897424152838767, 0.1695506419342164, 0.5749206264016387, 0.21216730347312404, 0.26689202387372785, 0.35838387754061884, 0.6965659278248848, 0.2523855029904624, 0.16578671246728105]
Iteration 126: [0.6400105874659522, 0.6986684930846762, 0.23354835457296602, 0.5773503918446823, 0.2548554109438547, 0.18154462650547434, 0.28402782750738337, 0.28430529341045346, 0.16864460514770085, 0.18955964894649055, 0.22129690372249405, 0.5897424152838767, 0.1695506419342164, 0.5749206264016387, 0.21216730347312404, 0.26689202387372785, 0.2513352230360955, 0.6965659278248848, 0.2523855029904624, 0.16578671246728105]
Iteration 127: [0.6400105874659522, 0.6986684930846762, 0.42837459277192685, 0.5773503918446823, 0.2548554109438547, 0.18154462650547434, 0.28402782750738337, 0.28430529341045346, 0.16864460514770085, 0.18955964894649055, 0.22129690372249405, 0.7116241706492255, 0.1695506419342164, 0.5749206264016387, 0.21216730347312404, 0.26689202387372785, 0.2513352230360955, 0.6965659278248848, 0.2523855029904624, 0.16578671246728105]
Iteration 128: [0.6400105874659522, 0.6986684930846762, 0.42837459277192685, 0.5773503918446823, 0.2548554109438547, 0.18154462650547434, 0.28402782750738337, 0.28430529341045346, 0.16864460514770085, 0.17369916716972938, 0.22129690372249405, 0.7116241706492255, 0.11726929909728874, 0.5749206264016387, 0.21216730347312404, 0.26689202387372785, 0.2513352230360955, 0.6965659278248848, 0.2523855029904624, 0.16578671246728105]
Iteration 129: [0.6400105874659522, 0.6986684930846762, 0.42837459277192685, 0.5773503918446823, 0.23782997420195975, 0.18154462650547434, 0.28402782750738337, 0.28430529341045346, 0.16864460514770085, 0.17369916716972938, 0.22129690372249405, 0.30263723005823295, 0.11726929909728874, 0.5749206264016387, 0.21216730347312404, 0.26689202387372785, 0.2513352230360955, 0.6965659278248848, 0.2523855029904624, 0.16578671246728105]
Iteration 130: [0.6409248840246335, 0.6986684930846762, 0.42837459277192685, 0.5773503918446823, 0.23782997420195975, 0.18154462650547434, 0.28402782750738337, 0.28430529341045346, 0.16864460514770085, 0.17369916716972938, 0.22129690372249405, 0.30263723005823295, 0.11726929909728874, 0.5749206264016387, 0.1668295802209718, 0.26689202387372785, 0.2513352230360955, 0.6965659278248848, 0.2523855029904624, 0.16578671246728105]
Iteration 131: [0.6409248840246335, 0.6986684930846762, 0.42837459277192685, 0.5773503918446823, 0.23782997420195975, 0.18154462650547434, 0.213543808573165, 0.28430529341045346, 0.16864460514770085, 0.17369916716972938, 0.22129690372249405, 0.30263723005823295, 0.11726929909728874, 0.5749206264016387, 0.1668295802209718, 0.26689202387372785, 0.2513352230360955, 0.5075164188540556, 0.2523855029904624, 0.16578671246728105]
Iteration 132: [0.6409248840246335, 0.6986684930846762, 0.42837459277192685, 0.5773503918446823, 0.23782997420195975, 0.18154462650547434, 0.213543808573165, 0.28430529341045346, 0.16864460514770085, 0.17369916716972938, 0.22129690372249405, 0.30263723005823295, 0.11726929909728874, 0.5749206264016387, 0.1668295802209718, 0.26689202387372785, 0.2513352230360955, 0.5075164188540556, 0.2523855029904624, 0.16578671246728105]
Iteration 133: [0.6409248840246335, 0.6986684930846762, 0.42837459277192685, 0.5773503918446823, 0.23782997420195975, 0.18154462650547434, 0.213543808573165, 0.28430529341045346, 0.16864460514770085, 0.6263156788057872, 0.22129690372249405, 0.30263723005823295, 0.11726929909728874, 0.6762272438431286, 0.1668295802209718, 0.26689202387372785, 0.2513352230360955, 0.5075164188540556, 0.2523855029904624, 0.16578671246728105]
Iteration 134: [0.6409248840246335, 0.6986684930846762, 0.42837459277192685, 0.5773503918446823, 0.26496046039826854, 0.18154462650547434, 0.213543808573165, 0.28430529341045346, 0.16864460514770085, 0.6263156788057872, 0.22129690372249405, 0.30263723005823295, 0.11726929909728874, 0.6762272438431286, 0.1668295802209718, 0.26689202387372785, 0.2513352230360955, 0.5075164188540556, 0.2523855029904624, 0.16578671246728105]
Iteration 135: [0.6409248840246335, 0.6986684930846762, 0.42837459277192685, 0.5773503918446823, 0.2716132338106196, 0.18154462650547434, 0.213543808573165, 0.28430529341045346, 0.16864460514770085, 0.6263156788057872, 0.22129690372249405, 0.30263723005823295, 0.11726929909728874, 0.6762272438431286, 0.1668295802209718, 0.26689202387372785, 0.2513352230360955, 0.5075164188540556, 0.2523855029904624, 0.16578671246728105]
Iteration 136: [0.6409248840246335, 0.6986684930846762, 0.42837459277192685, 0.5773503918446823, 0.2716132338106196, 0.18154462650547434, 0.213543808573165, 0.27862079740503054, 0.16864460514770085, 0.6263156788057872, 0.22129690372249405, 0.30263723005823295, 0.1354062904704822, 0.6762272438431286, 0.1668295802209718, 0.26689202387372785, 0.2513352230360955, 0.5075164188540556, 0.2523855029904624, 0.16578671246728105]
Iteration 137: [0.6409248840246335, 0.6986684930846762, 0.42837459277192685, 0.5773503918446823, 0.2716132338106196, 0.18154462650547434, 0.213543808573165, 0.27862079740503054, 0.16864460514770085, 0.6263156788057872, 0.21487613187988158, 0.30263723005823295, 0.1354062904704822, 0.6762272438431286, 0.19150806921481758, 0.26689202387372785, 0.2513352230360955, 0.5075164188540556, 0.2523855029904624, 0.16578671246728105]
Iteration 138: [0.6409248840246335, 0.6986684930846762, 0.42837459277192685, 0.5773503918446823, 0.2477729983904234, 0.18154462650547434, 0.213543808573165, 0.27862079740503054, 0.16864460514770085, 0.6263156788057872, 0.21487613187988158, 0.30263723005823295, 0.1354062904704822, 0.6762272438431286, 0.19150806921481758, 0.26689202387372785, 0.2513352230360955, 0.5075164188540556, 0.2523855029904624, 0.16578671246728105]
Iteration 139: [0.2597437449120342, 0.6986684930846762, 0.42837459277192685, 0.5773503918446823, 0.2477729983904234, 0.18154462650547434, 0.213543808573165, 0.27862079740503054, 0.16864460514770085, 0.6263156788057872, 0.21487613187988158, 0.30263723005823295, 0.1354062904704822, 0.6762272438431286, 0.19150806921481758, 0.26689202387372785, 0.2513352230360955, 0.5075164188540556, 0.2523855029904624, 0.16578671246728105]
Iteration 140: [0.2597437449120342, 0.6986684930846762, 0.23836774239027655, 0.19598044783179364, 0.2477729983904234, 0.18154462650547434, 0.213543808573165, 0.27862079740503054, 0.16864460514770085, 0.6263156788057872, 0.21487613187988158, 0.30263723005823295, 0.1354062904704822, 0.6762272438431286, 0.19150806921481758, 0.26689202387372785, 0.2513352230360955, 0.5075164188540556, 0.2523855029904624, 0.16578671246728105]
Iteration 141: [0.2597437449120342, 0.6986684930846762, 0.23836774239027655, 0.19598044783179364, 0.2477729983904234, 0.18154462650547434, 0.213543808573165, 0.27862079740503054, 0.16864460514770085, 0.6263156788057872, 0.21487613187988158, 0.30263723005823295, 0.1354062904704822, 0.6762272438431286, 0.20446218168911495, 0.2552716798029346, 0.2513352230360955, 0.5075164188540556, 0.2523855029904624, 0.16578671246728105]
Iteration 142: [0.2597437449120342, 0.6986684930846762, 0.23836774239027655, 0.19598044783179364, 0.2477729983904234, 0.18154462650547434, 0.26943796804750386, 0.27862079740503054, 0.16864460514770085, 0.6263156788057872, 0.21487613187988158, 0.30263723005823295, 0.1354062904704822, 0.6762272438431286, 0.20446218168911495, 0.2552716798029346, 0.2513352230360955, 0.5075164188540556, 0.2523855029904624, 0.16613742978147766]
Iteration 143: [0.2597437449120342, 0.6986684930846762, 0.23836774239027655, 0.19598044783179364, 0.2477729983904234, 0.18154462650547434, 0.26943796804750386, 0.27862079740503054, 0.16864460514770085, 0.6495277709353617, 0.21487613187988158, 0.30263723005823295, 0.1354062904704822, 0.6762272438431286, 0.20446218168911495, 0.22069623638223318, 0.2513352230360955, 0.5075164188540556, 0.2523855029904624, 0.16613742978147766]
Iteration 144: [0.2597437449120342, 0.6986684930846762, 0.23836774239027655, 0.19598044783179364, 0.2477729983904234, 0.18154462650547434, 0.26943796804750386, 0.27862079740503054, 0.16864460514770085, 0.6495277709353617, 0.24810692335873516, 0.30263723005823295, 0.1354062904704822, 0.6762272438431286, 0.2443103245322615, 0.22069623638223318, 0.2513352230360955, 0.5075164188540556, 0.2523855029904624, 0.16613742978147766]
Iteration 145: [0.2597437449120342, 0.6986684930846762, 0.23836774239027655, 0.19598044783179364, 0.2477729983904234, 0.18154462650547434, 0.26943796804750386, 0.27862079740503054, 0.16864460514770085, 0.613065075725773, 0.24810692335873516, 0.30263723005823295, 0.1354062904704822, 0.6762272438431286, 0.2443103245322615, 0.22069623638223318, 0.2513352230360955, 0.5075164188540556, 0.2523855029904624, 0.16613742978147766]
Iteration 146: [0.5721481310592785, 0.6986684930846762, 0.23836774239027655, 0.19598044783179364, 0.2477729983904234, 0.1896626561717089, 0.26943796804750386, 0.27862079740503054, 0.16864460514770085, 0.613065075725773, 0.24810692335873516, 0.30263723005823295, 0.1354062904704822, 0.6762272438431286, 0.2443103245322615, 0.22069623638223318, 0.2513352230360955, 0.5075164188540556, 0.2523855029904624, 0.16613742978147766]
Iteration 147: [0.5721481310592785, 0.6986684930846762, 0.23836774239027655, 0.19598044783179364, 0.2477729983904234, 0.1896626561717089, 0.26943796804750386, 0.27862079740503054, 0.16864460514770085, 0.613065075725773, 0.24810692335873516, 0.30263723005823295, 0.1354062904704822, 0.6762272438431286, 0.2443103245322615, 0.22069623638223318, 0.24180096404918, 0.5075164188540556, 0.2523855029904624, 0.16613742978147766]
Iteration 148: [0.5721481310592785, 0.6986684930846762, 0.23836774239027655, 0.19598044783179364, 0.2477729983904234, 0.1896626561717089, 0.26943796804750386, 0.27862079740503054, 0.16864460514770085, 0.19941547584525274, 0.24810692335873516, 0.28339568991516456, 0.1354062904704822, 0.6762272438431286, 0.2443103245322615, 0.22069623638223318, 0.24180096404918, 0.5075164188540556, 0.2523855029904624, 0.16613742978147766]
Iteration 149: [0.5721481310592785, 0.6986684930846762, 0.23836774239027655, 0.19598044783179364, 0.2477729983904234, 0.1896626561717089, 0.26943796804750386, 0.27862079740503054, 0.16864460514770085, 0.19941547584525274, 0.24810692335873516, 0.28339568991516456, 0.1354062904704822, 0.6762272438431286, 0.2507001960181794, 0.22069623638223318, 0.24180096404918, 0.5075164188540556, 0.2523855029904624, 0.16613742978147766]
Iteration 150: [0.5721481310592785, 0.6986684930846762, 0.23836774239027655, 0.19598044783179364, 0.2477729983904234, 0.1896626561717089, 0.26943796804750386, 0.27862079740503054, 0.16864460514770085, 0.19941547584525274, 0.24810692335873516, 0.28339568991516456, 0.1354062904704822, 0.6762272438431286, 0.2507001960181794, 0.22069623638223318, 0.24180096404918, 0.5075164188540556, 0.2416323426061917, 0.16613742978147766]
