There are 14 agents who believe in con
There are 3 agents who believe in pro
There are 3 agents who are neutral 

Iteration 1: [0.5230011247404803, 0.40564196536606906, 0.4564454274873049, 0.2749116234182963, 0.42737838933192956, 0.4284372092648084, 0.3890811653987375, 0.6339234199463779, 0.1278222873065491, 0.642081994522837, 0.5012298350217677, 0.4497464754221073, 0.3940964954216415, 0.46075493681066715, 0.36594583304277767, 0.5819878021675639, 0.4919573411946557, 0.573336047649572, 0.38220826819754244, 0.6960384361909929]
Iteration 2: [0.5230011247404803, 0.40564196536606906, 0.4564454274873049, 0.2749116234182963, 0.42737838933192956, 0.4284372092648084, 0.3890811653987375, 0.6339234199463779, 0.1278222873065491, 0.642081994522837, 0.5012298350217677, 0.4497464754221073, 0.3940964954216415, 0.46075493681066715, 0.43796480714053077, 0.5819878021675639, 0.48043532485244045, 0.573336047649572, 0.38220826819754244, 0.6960384361909929]
Iteration 3: [0.5230011247404803, 0.40564196536606906, 0.4564454274873049, 0.2749116234182963, 0.42737838933192956, 0.4284372092648084, 0.3890811653987375, 0.6339234199463779, 0.1278222873065491, 0.642081994522837, 0.5012298350217677, 0.4497464754221073, 0.3940964954216415, 0.46075493681066715, 0.43796480714053077, 0.7463872186751972, 0.5478544270801282, 0.573336047649572, 0.38220826819754244, 0.6960384361909929]
Iteration 4: [0.5230011247404803, 0.40564196536606906, 0.4564454274873049, 0.2749116234182963, 0.406755829130874, 0.4284372092648084, 0.3890811653987375, 0.47734997948150887, 0.1278222873065491, 0.642081994522837, 0.5012298350217677, 0.4497464754221073, 0.3940964954216415, 0.46075493681066715, 0.43796480714053077, 0.7463872186751972, 0.5478544270801282, 0.573336047649572, 0.38220826819754244, 0.6960384361909929]
Iteration 5: [0.5230011247404803, 0.40564196536606906, 0.5159251289199501, 0.2749116234182963, 0.406755829130874, 0.4284372092648084, 0.3890811653987375, 0.47734997948150887, 0.1278222873065491, 0.642081994522837, 0.5012298350217677, 0.4497464754221073, 0.3940964954216415, 0.46075493681066715, 0.5190352594520449, 0.7463872186751972, 0.5478544270801282, 0.573336047649572, 0.38220826819754244, 0.6960384361909929]
Iteration 6: [0.5230011247404803, 0.40564196536606906, 0.5159251289199501, 0.2749116234182963, 0.406755829130874, 0.4284372092648084, 0.3890811653987375, 0.47734997948150887, 0.1278222873065491, 0.642081994522837, 0.5012298350217677, 0.4497464754221073, 0.3940964954216415, 0.46075493681066715, 0.2927837121463265, 0.7463872186751972, 0.5478544270801282, 0.573336047649572, 0.38220826819754244, 0.6960384361909929]
Iteration 7: [0.5574712955094996, 0.40564196536606906, 0.5159251289199501, 0.2749116234182963, 0.406755829130874, 0.4284372092648084, 0.3890811653987375, 0.47734997948150887, 0.11933901290276427, 0.642081994522837, 0.5012298350217677, 0.4497464754221073, 0.3940964954216415, 0.46075493681066715, 0.2927837121463265, 0.7463872186751972, 0.5478544270801282, 0.573336047649572, 0.38220826819754244, 0.6960384361909929]
Iteration 8: [0.5574712955094996, 0.46640655371298284, 0.5159251289199501, 0.2749116234182963, 0.25940112351128236, 0.4284372092648084, 0.3890811653987375, 0.47734997948150887, 0.11933901290276427, 0.642081994522837, 0.5012298350217677, 0.4497464754221073, 0.3940964954216415, 0.46075493681066715, 0.2927837121463265, 0.7463872186751972, 0.5478544270801282, 0.573336047649572, 0.38220826819754244, 0.6960384361909929]
Iteration 9: [0.5574712955094996, 0.46640655371298284, 0.45684223741630126, 0.2749116234182963, 0.25940112351128236, 0.4284372092648084, 0.3890811653987375, 0.47734997948150887, 0.11933901290276427, 0.642081994522837, 0.5370474206584677, 0.4497464754221073, 0.3940964954216415, 0.46075493681066715, 0.2927837121463265, 0.7463872186751972, 0.5478544270801282, 0.573336047649572, 0.38220826819754244, 0.6960384361909929]
Iteration 10: [0.5574712955094996, 0.4170840429084387, 0.45684223741630126, 0.2749116234182963, 0.25940112351128236, 0.4284372092648084, 0.3890811653987375, 0.47734997948150887, 0.11933901290276427, 0.642081994522837, 0.5370474206584677, 0.49968228239137263, 0.3940964954216415, 0.46075493681066715, 0.2927837121463265, 0.7463872186751972, 0.5478544270801282, 0.573336047649572, 0.38220826819754244, 0.6960384361909929]
Iteration 11: [0.5574712955094996, 0.4170840429084387, 0.45684223741630126, 0.2749116234182963, 0.25940112351128236, 0.4284372092648084, 0.3890811653987375, 0.47734997948150887, 0.11933901290276427, 0.642081994522837, 0.5370474206584677, 0.49968228239137263, 0.3940964954216415, 0.46075493681066715, 0.21235347216809974, 0.7463872186751972, 0.5478544270801282, 0.573336047649572, 0.38220826819754244, 0.6873697670421397]
Iteration 12: [0.5574712955094996, 0.4170840429084387, 0.45684223741630126, 0.9882101996883857, 0.25940112351128236, 0.4284372092648084, 0.3890811653987375, 0.47734997948150887, 0.11933901290276427, 0.642081994522837, 0.5370474206584677, 0.49968228239137263, 0.3940964954216415, 0.46075493681066715, 0.21235347216809974, 0.7463872186751972, 0.9723097607901685, 0.573336047649572, 0.38220826819754244, 0.6873697670421397]
Iteration 13: [0.5574712955094996, 0.4170840429084387, 0.45684223741630126, 0.9882101996883857, 0.25940112351128236, 0.4284372092648084, 0.3890811653987375, 0.47734997948150887, 0.11933901290276427, 0.642081994522837, 0.5370474206584677, 0.49968228239137263, 0.3940964954216415, 0.46075493681066715, 0.21235347216809974, 0.6884417933456332, 0.9723097607901685, 0.573336047649572, 0.38220826819754244, 0.6873697670421397]
Iteration 14: [0.5574712955094996, 0.3942584498234775, 0.45684223741630126, 0.9882101996883857, 0.25940112351128236, 0.4284372092648084, 0.3890811653987375, 0.47734997948150887, 0.11933901290276427, 0.642081994522837, 0.5370474206584677, 0.49968228239137263, 0.3940964954216415, 0.42399066437390276, 0.21235347216809974, 0.6884417933456332, 0.9723097607901685, 0.573336047649572, 0.38220826819754244, 0.6873697670421397]
Iteration 15: [0.5574712955094996, 0.3942584498234775, 0.45684223741630126, 0.9882101996883857, 0.25940112351128236, 0.4284372092648084, 0.3890811653987375, 0.47734997948150887, 0.11933901290276427, 0.6313086727654055, 0.5370474206584677, 0.49968228239137263, 0.3940964954216415, 0.42399066437390276, 0.2780720357673996, 0.6884417933456332, 0.9723097607901685, 0.573336047649572, 0.38220826819754244, 0.6873697670421397]
Iteration 16: [0.5574712955094996, 0.3942584498234775, 0.45684223741630126, 0.39756489830974984, 0.25940112351128236, 0.4284372092648084, 0.3890811653987375, 0.47734997948150887, 0.11933901290276427, 0.6313086727654055, 0.5370474206584677, 0.49968228239137263, 0.3940964954216415, 0.42399066437390276, 0.2780720357673996, 0.6884417933456332, 0.9723097607901685, 0.6318354028096764, 0.38220826819754244, 0.6873697670421397]
Iteration 17: [0.5574712955094996, 0.3942584498234775, 0.45684223741630126, 0.03592032549564786, 0.25940112351128236, 0.4284372092648084, 0.3890811653987375, 0.47734997948150887, 0.11933901290276427, 0.6735001746548991, 0.5370474206584677, 0.49968228239137263, 0.3940964954216415, 0.42399066437390276, 0.2780720357673996, 0.6884417933456332, 0.9723097607901685, 0.6318354028096764, 0.38220826819754244, 0.6873697670421397]
Iteration 18: [0.5574712955094996, 0.3942584498234775, 0.45684223741630126, 0.03592032549564786, 0.25940112351128236, 0.4284372092648084, 0.3890811653987375, 0.47734997948150887, 0.11933901290276427, 0.6735001746548991, 0.5370474206584677, 0.45959737183254945, 0.3940964954216415, 0.42399066437390276, 0.2780720357673996, 0.7304248986317884, 0.9723097607901685, 0.6318354028096764, 0.38220826819754244, 0.6873697670421397]
Iteration 19: [0.5574712955094996, 0.3942584498234775, 0.45684223741630126, 0.03592032549564786, 0.25940112351128236, 0.4284372092648084, 0.3890811653987375, 0.47734997948150887, 0.11933901290276427, 0.6735001746548991, 0.5370474206584677, 0.45959737183254945, 0.3940964954216415, 0.42399066437390276, 0.20898918021566495, 0.7304248986317884, 0.6118431391603893, 0.6318354028096764, 0.38220826819754244, 0.6873697670421397]
Iteration 20: [0.5574712955094996, 0.3942584498234775, 0.40999386858214537, 0.03592032549564786, 0.25940112351128236, 0.4284372092648084, 0.3890811653987375, 0.47734997948150887, 0.11933901290276427, 0.6039689223388501, 0.5370474206584677, 0.45959737183254945, 0.3940964954216415, 0.42399066437390276, 0.20898918021566495, 0.7304248986317884, 0.6118431391603893, 0.6318354028096764, 0.38220826819754244, 0.6873697670421397]
Iteration 21: [0.5574712955094996, 0.3942584498234775, 0.40999386858214537, 0.03592032549564786, 0.25940112351128236, 0.4284372092648084, 0.14158910525642535, 0.47734997948150887, 0.11933901290276427, 0.6039689223388501, 0.5370474206584677, 0.45959737183254945, 0.0010726717200561682, 0.42399066437390276, 0.20898918021566495, 0.7304248986317884, 0.6118431391603893, 0.6318354028096764, 0.38220826819754244, 0.6873697670421397]
Iteration 22: [0.5574712955094996, 0.3942584498234775, 0.40999386858214537, 0.03592032549564786, 0.25940112351128236, 0.3833295556065489, 0.14158910525642535, 0.47734997948150887, 0.11933901290276427, 0.6039689223388501, 0.5370474206584677, 0.45959737183254945, 0.0010726717200561682, 0.42399066437390276, 0.20898918021566495, 0.7304248986317884, 0.6118431391603893, 0.6318354028096764, 0.38220826819754244, 0.21585787375119733]
Iteration 23: [0.5574712955094996, 0.3942584498234775, 0.40487264474419876, 0.03592032549564786, 0.25940112351128236, 0.3833295556065489, 0.14158910525642535, 0.47734997948150887, 0.11933901290276427, 0.6039689223388501, 0.5370474206584677, 0.45959737183254945, 0.0010726717200561682, 0.42399066437390276, 0.20898918021566495, 0.7304248986317884, 0.6118431391603893, 0.651888403837085, 0.38220826819754244, 0.21585787375119733]
Iteration 24: [0.5574712955094996, 0.3942584498234775, 0.40487264474419876, 0.03592032549564786, 0.25940112351128236, 0.3833295556065489, 0.14158910525642535, 0.47734997948150887, 0.10527949016703579, 0.6039689223388501, 0.5370474206584677, 0.45959737183254945, 0.0010726717200561682, 0.42399066437390276, 0.20898918021566495, 0.7304248986317884, 0.6118431391603893, 0.651888403837085, 0.38220826819754244, 0.47081192645094466]
Iteration 25: [0.5574712955094996, 0.3942584498234775, 0.40487264474419876, 0.03592032549564786, 0.25940112351128236, 0.3833295556065489, 0.14158910525642535, 0.47734997948150887, 0.10527949016703579, 0.6039689223388501, 0.36962085164798797, 0.45959737183254945, 0.0010726717200561682, 0.42399066437390276, 0.181673382792828, 0.7304248986317884, 0.6118431391603893, 0.651888403837085, 0.38220826819754244, 0.47081192645094466]
Iteration 26: [0.5574712955094996, 0.3942584498234775, 0.40487264474419876, 0.03592032549564786, 0.25940112351128236, 0.3833295556065489, 0.14158910525642535, 0.47734997948150887, 0.1351833064725079, 0.6039689223388501, 0.36962085164798797, 0.45959737183254945, 0.0010726717200561682, 0.42399066437390276, 0.181673382792828, 0.7304248986317884, 0.6118431391603893, 0.702046222265284, 0.38220826819754244, 0.47081192645094466]
Iteration 27: [0.5574712955094996, 0.3942584498234775, 0.40487264474419876, 0.03592032549564786, 0.142934448643609, 0.3833295556065489, 0.14158910525642535, 0.47734997948150887, 0.1351833064725079, 0.6039689223388501, 0.36962085164798797, 0.45959737183254945, 0.0010726717200561682, 0.42399066437390276, 0.181673382792828, 0.7304248986317884, 0.6118431391603893, 0.702046222265284, 0.3361502820196493, 0.47081192645094466]
Iteration 28: [0.5574712955094996, 0.3942584498234775, 0.40487264474419876, 0.03592032549564786, 0.142934448643609, 0.3833295556065489, 0.14158910525642535, 0.47734997948150887, 0.1351833064725079, 0.6039689223388501, 0.36962085164798797, 0.45959737183254945, 0.0010726717200561682, 0.42399066437390276, 0.181673382792828, 0.7304248986317884, 0.6118431391603893, 0.6521493191098335, 0.3361502820196493, 0.47081192645094466]
Iteration 29: [0.5574712955094996, 0.3942584498234775, 0.40487264474419876, 0.03592032549564786, 0.142934448643609, 0.3833295556065489, 0.14158910525642535, 0.47734997948150887, 0.1351833064725079, 0.6039689223388501, 0.4305965078738113, 0.45959737183254945, 0.0010726717200561682, 0.42399066437390276, 0.181673382792828, 0.7304248986317884, 0.6118431391603893, 0.6521493191098335, 0.3361502820196493, 0.5530335344709737]
Iteration 30: [0.5574712955094996, 0.3942584498234775, 0.40487264474419876, 0.03592032549564786, 0.142934448643609, 0.3932634959813572, 0.13957576987161477, 0.47734997948150887, 0.1351833064725079, 0.6039689223388501, 0.4305965078738113, 0.45959737183254945, 0.0010726717200561682, 0.42399066437390276, 0.181673382792828, 0.7304248986317884, 0.6118431391603893, 0.6521493191098335, 0.3361502820196493, 0.5530335344709737]
Iteration 31: [0.5574712955094996, 0.3942584498234775, 0.40487264474419876, 0.03592032549564786, 0.142934448643609, 0.3932634959813572, 0.13957576987161477, 0.47734997948150887, 0.1351833064725079, 0.6539212184871194, 0.4305965078738113, 0.45959737183254945, 0.0010726717200561682, 0.3344140401637068, 0.181673382792828, 0.7304248986317884, 0.6118431391603893, 0.6521493191098335, 0.3361502820196493, 0.5530335344709737]
Iteration 32: [0.5574712955094996, 0.3942584498234775, 0.40487264474419876, 0.03592032549564786, 0.142934448643609, 0.3932634959813572, 0.16154588603318978, 0.47734997948150887, 0.1351833064725079, 0.6539212184871194, 0.4305965078738113, 0.45959737183254945, 0.0010726717200561682, 0.5540549559514474, 0.181673382792828, 0.7304248986317884, 0.6118431391603893, 0.6521493191098335, 0.3361502820196493, 0.5530335344709737]
Iteration 33: [0.5574712955094996, 0.3942584498234775, 0.9935515062400352, 0.03592032549564786, 0.142934448643609, 0.3932634959813572, 0.16154588603318978, 0.47734997948150887, 0.1351833064725079, 0.6539212184871194, 0.4305965078738113, 0.45959737183254945, 0.0010726717200561682, 0.5540549559514474, 0.181673382792828, 0.6468694833080539, 0.6118431391603893, 0.6521493191098335, 0.3361502820196493, 0.5530335344709737]
Iteration 34: [0.5574712955094996, 0.3942584498234775, 0.2777057105641354, 0.03592032549564786, 0.1688176947994332, 0.3932634959813572, 0.16154588603318978, 0.47734997948150887, 0.1351833064725079, 0.6539212184871194, 0.4305965078738113, 0.45959737183254945, 0.0010726717200561682, 0.5540549559514474, 0.181673382792828, 0.6468694833080539, 0.6118431391603893, 0.6521493191098335, 0.3361502820196493, 0.5530335344709737]
Iteration 35: [0.5574712955094996, 0.3942584498234775, 0.2777057105641354, 0.03592032549564786, 0.1688176947994332, 0.3932634959813572, 0.18148096118065057, 0.47734997948150887, 0.1351833064725079, 0.6539212184871194, 0.3530624310270853, 0.45959737183254945, 0.0010726717200561682, 0.5540549559514474, 0.181673382792828, 0.6468694833080539, 0.6118431391603893, 0.6521493191098335, 0.3361502820196493, 0.5530335344709737]
Iteration 36: [0.5574712955094996, 0.12300096469170768, 0.2777057105641354, 0.03592032549564786, 0.1688176947994332, 0.3932634959813572, 0.4726012895557147, 0.47734997948150887, 0.1351833064725079, 0.6539212184871194, 0.3530624310270853, 0.45959737183254945, 0.0010726717200561682, 0.5540549559514474, 0.181673382792828, 0.6468694833080539, 0.6118431391603893, 0.6521493191098335, 0.3361502820196493, 0.5530335344709737]
Iteration 37: [0.5574712955094996, 0.12300096469170768, 0.2777057105641354, 0.03592032549564786, 0.1688176947994332, 0.3932634959813572, 0.4726012895557147, 0.47734997948150887, 0.1351833064725079, 0.6539212184871194, 0.4234506756419839, 0.45959737183254945, 0.0010726717200561682, 0.5540549559514474, 0.181673382792828, 0.6468694833080539, 0.6118431391603893, 0.6521493191098335, 0.3361502820196493, 0.5530335344709737]
Iteration 38: [0.5574712955094996, 0.12300096469170768, 0.2777057105641354, 0.03592032549564786, 0.1688176947994332, 0.4131197932187146, 0.4726012895557147, 0.47734997948150887, 0.1351833064725079, 0.6539212184871194, 0.4234506756419839, 0.45959737183254945, 0.0010726717200561682, 0.5540549559514474, 0.181673382792828, 0.6468694833080539, 0.6118431391603893, 0.6521493191098335, 0.3361502820196493, 0.15628111211380427]
Iteration 39: [0.5574712955094996, 0.12300096469170768, 0.2777057105641354, 0.032994244788924314, 0.1688176947994332, 0.4131197932187146, 0.4726012895557147, 0.47734997948150887, 0.1351833064725079, 0.6539212184871194, 0.4234506756419839, 0.45959737183254945, 0.0010726717200561682, 0.5540549559514474, 0.181673382792828, 0.6468694833080539, 0.6118431391603893, 0.6521493191098335, 0.3361502820196493, 0.4520423096671629]
Iteration 40: [0.3857532262246709, 0.12300096469170768, 0.2777057105641354, 0.032994244788924314, 0.1688176947994332, 0.4131197932187146, 0.4726012895557147, 0.47734997948150887, 0.1351833064725079, 0.6539212184871194, 0.4234506756419839, 0.45959737183254945, 0.0010726717200561682, 0.5540549559514474, 0.181673382792828, 0.6468694833080539, 0.6118431391603893, 0.6521493191098335, 0.07900952994999817, 0.4520423096671629]
Iteration 41: [0.3857532262246709, 0.12300096469170768, 0.2777057105641354, 0.032994244788924314, 0.1688176947994332, 0.9701072675096978, 0.4726012895557147, 0.47734997948150887, 0.1351833064725079, 0.6539212184871194, 0.4234506756419839, 0.45959737183254945, 0.0010726717200561682, 0.4990581098507404, 0.181673382792828, 0.6468694833080539, 0.6118431391603893, 0.6521493191098335, 0.07900952994999817, 0.4520423096671629]
Iteration 42: [0.3857532262246709, 0.12300096469170768, 0.2777057105641354, 0.032994244788924314, 0.13610412360398852, 0.9701072675096978, 0.4726012895557147, 0.12933020726354977, 0.1351833064725079, 0.6539212184871194, 0.4234506756419839, 0.45959737183254945, 0.0010726717200561682, 0.4990581098507404, 0.181673382792828, 0.6468694833080539, 0.6118431391603893, 0.6521493191098335, 0.07900952994999817, 0.4520423096671629]
Iteration 43: [0.11425742095098188, 0.12300096469170768, 0.2777057105641354, 0.032994244788924314, 0.13610412360398852, 0.9701072675096978, 0.4726012895557147, 0.12933020726354977, 0.1351833064725079, 0.6539212184871194, 0.4234506756419839, 0.5354219623514326, 0.0010726717200561682, 0.4990581098507404, 0.181673382792828, 0.6468694833080539, 0.6118431391603893, 0.6521493191098335, 0.07900952994999817, 0.4520423096671629]
Iteration 44: [0.11425742095098188, 0.12300096469170768, 0.2777057105641354, 0.032994244788924314, 0.13610412360398852, 0.9701072675096978, 0.4726012895557147, 0.12933020726354977, 0.1351833064725079, 0.6539212184871194, 0.4234506756419839, 0.5354219623514326, 0.0010726717200561682, 0.4990581098507404, 0.18381194811181378, 0.6468694833080539, 0.6118431391603893, 0.6521493191098335, 0.07900952994999817, 0.4520423096671629]
Iteration 45: [0.11425742095098188, 0.12300096469170768, 0.2777057105641354, 0.032994244788924314, 0.13610412360398852, 0.9701072675096978, 0.4726012895557147, 0.12933020726354977, 0.1351833064725079, 0.6539212184871194, 0.4234506756419839, 0.5354219623514326, 0.0010726717200561682, 0.3344140401637068, 0.18381194811181378, 0.6468694833080539, 0.5508495362924832, 0.6521493191098335, 0.07900952994999817, 0.4520423096671629]
Iteration 46: [0.10227440752385362, 0.12300096469170768, 0.2777057105641354, 0.032994244788924314, 0.13610412360398852, 0.9701072675096978, 0.4726012895557147, 0.12933020726354977, 0.1351833064725079, 0.6539212184871194, 0.4234506756419839, 0.5354219623514326, 0.43873393723107346, 0.3344140401637068, 0.18381194811181378, 0.6468694833080539, 0.5508495362924832, 0.6521493191098335, 0.07900952994999817, 0.4520423096671629]
Iteration 47: [0.10227440752385362, 0.12300096469170768, 0.2777057105641354, 0.032994244788924314, 0.13610412360398852, 0.9701072675096978, 0.4726012895557147, 0.12933020726354977, 0.1351833064725079, 0.6539212184871194, 0.5271668843740236, 0.5354219623514326, 0.43873393723107346, 0.3344140401637068, 0.18381194811181378, 0.6468694833080539, 0.5508495362924832, 0.6521493191098335, 0.07900952994999817, 0.20361407577173674]
Iteration 48: [0.10227440752385362, 0.12300096469170768, 0.2777057105641354, 0.032994244788924314, 0.14355222066410012, 0.9701072675096978, 0.4726012895557147, 0.12933020726354977, 0.1351833064725079, 0.6539212184871194, 0.5271668843740236, 0.5354219623514326, 0.43873393723107346, 0.3344140401637068, 0.18381194811181378, 0.6468694833080539, 0.4401518122827906, 0.6521493191098335, 0.07900952994999817, 0.20361407577173674]
Iteration 49: [0.10227440752385362, 0.12300096469170768, 0.2777057105641354, 0.032994244788924314, 0.14355222066410012, 0.9701072675096978, 0.4726012895557147, 0.12933020726354977, 0.1351833064725079, 0.6539212184871194, 0.5271668843740236, 0.5317978068272197, 0.43873393723107346, 0.3344140401637068, 0.18381194811181378, 0.6366615863567634, 0.4401518122827906, 0.6521493191098335, 0.07900952994999817, 0.20361407577173674]
Iteration 50: [0.1169893123164467, 0.12404411715736315, 0.2777057105641354, 0.032994244788924314, 0.14355222066410012, 0.9701072675096978, 0.4726012895557147, 0.12933020726354977, 0.1351833064725079, 0.6539212184871194, 0.5271668843740236, 0.5317978068272197, 0.43873393723107346, 0.3344140401637068, 0.18381194811181378, 0.6366615863567634, 0.4401518122827906, 0.6521493191098335, 0.07900952994999817, 0.20361407577173674]
Iteration 51: [0.1169893123164467, 0.15108255616735497, 0.2777057105641354, 0.032994244788924314, 0.14355222066410012, 0.9701072675096978, 0.4726012895557147, 0.12933020726354977, 0.1351833064725079, 0.6539212184871194, 0.570809953410723, 0.5317978068272197, 0.43873393723107346, 0.3344140401637068, 0.18381194811181378, 0.6366615863567634, 0.4401518122827906, 0.6521493191098335, 0.07900952994999817, 0.20361407577173674]
Iteration 52: [0.1169893123164467, 0.15108255616735497, 0.2777057105641354, 0.032994244788924314, 0.14355222066410012, 0.9701072675096978, 0.5406661687410208, 0.12933020726354977, 0.1351833064725079, 0.6539212184871194, 0.570809953410723, 0.5317978068272197, 0.43873393723107346, 0.3344140401637068, 0.18381194811181378, 0.6366615863567634, 0.4401518122827906, 0.6521493191098335, 0.07900952994999817, 0.20361407577173674]
Iteration 53: [0.1169893123164467, 0.15108255616735497, 0.2777057105641354, 0.032994244788924314, 0.14355222066410012, 0.9701072675096978, 0.5406661687410208, 0.12933020726354977, 0.1351833064725079, 0.7109633620897237, 0.570809953410723, 0.5317978068272197, 0.1517384818987309, 0.3344140401637068, 0.18381194811181378, 0.6366615863567634, 0.4401518122827906, 0.6521493191098335, 0.07900952994999817, 0.20361407577173674]
Iteration 54: [0.1169893123164467, 0.15108255616735497, 0.2777057105641354, 0.032994244788924314, 0.12136014186306335, 0.9701072675096978, 0.5406661687410208, 0.12933020726354977, 0.1351833064725079, 0.7109633620897237, 0.5304773660173703, 0.5317978068272197, 0.1517384818987309, 0.3344140401637068, 0.18381194811181378, 0.6366615863567634, 0.4401518122827906, 0.6521493191098335, 0.07900952994999817, 0.20361407577173674]
Iteration 55: [0.1169893123164467, 0.15108255616735497, 0.2777057105641354, 0.032994244788924314, 0.12136014186306335, 0.9701072675096978, 0.5406661687410208, 0.12933020726354977, 0.1351833064725079, 0.7109633620897237, 0.5304773660173703, 0.5317978068272197, 0.1517384818987309, 0.21443405804989352, 0.18381194811181378, 0.6366615863567634, 0.4401518122827906, 0.6884404808194655, 0.07900952994999817, 0.20361407577173674]
Iteration 56: [0.1169893123164467, 0.15108255616735497, 0.2777057105641354, 0.032994244788924314, 0.12136014186306335, 0.9701072675096978, 0.5406661687410208, 0.12933020726354977, 0.1351833064725079, 0.7109633620897237, 0.15258216648574538, 0.5317978068272197, 0.4280835224985509, 0.21443405804989352, 0.18381194811181378, 0.6366615863567634, 0.4401518122827906, 0.6884404808194655, 0.07900952994999817, 0.20361407577173674]
Iteration 57: [0.1169893123164467, 0.15108255616735497, 0.2584917954013282, 0.032994244788924314, 0.12136014186306335, 0.9701072675096978, 0.5406661687410208, 0.12933020726354977, 0.1351833064725079, 0.7109633620897237, 0.15258216648574538, 0.5317978068272197, 0.4280835224985509, 0.21443405804989352, 0.18381194811181378, 0.6366615863567634, 0.4401518122827906, 0.6884404808194655, 0.07900952994999817, 0.20361407577173674]
Iteration 58: [0.1169893123164467, 0.15108255616735497, 0.2584917954013282, 0.032994244788924314, 0.12136014186306335, 0.9701072675096978, 0.5406661687410208, 0.12933020726354977, 0.1351833064725079, 0.7109633620897237, 0.15258216648574538, 0.6226336293409875, 0.4280835224985509, 0.21443405804989352, 0.18381194811181378, 0.6366615863567634, 0.24699550380196808, 0.6884404808194655, 0.07900952994999817, 0.20361407577173674]
Iteration 59: [0.1169893123164467, 0.15108255616735497, 0.2584917954013282, 0.032994244788924314, 0.12136014186306335, 0.9701072675096978, 0.5503563625644267, 0.12933020726354977, 0.1351833064725079, 0.7109633620897237, 0.15258216648574538, 0.6226336293409875, 0.4280835224985509, 0.21443405804989352, 0.18381194811181378, 0.6366615863567634, 0.24699550380196808, 0.6738976255013541, 0.07900952994999817, 0.20361407577173674]
Iteration 60: [0.1169893123164467, 0.15108255616735497, 0.2584917954013282, 0.032994244788924314, 0.12136014186306335, 0.9701072675096978, 0.5503563625644267, 0.12933020726354977, 0.15316555232670764, 0.7109633620897237, 0.15258216648574538, 0.6226336293409875, 0.4280835224985509, 0.21443405804989352, 0.18381194811181378, 0.6366615863567634, 0.23350670187891465, 0.6738976255013541, 0.07900952994999817, 0.20361407577173674]
Iteration 61: [0.1169893123164467, 0.15108255616735497, 0.2584917954013282, 0.032994244788924314, 0.12136014186306335, 0.9701072675096978, 0.5503563625644267, 0.12933020726354977, 0.1738468960881152, 0.7109633620897237, 0.15258216648574538, 0.6226336293409875, 0.4280835224985509, 0.21443405804989352, 0.18381194811181378, 0.6366615863567634, 0.23350670187891465, 0.5721060285059492, 0.07900952994999817, 0.20361407577173674]
Iteration 62: [0.1169893123164467, 0.15108255616735497, 0.2584917954013282, 0.032994244788924314, 0.12136014186306335, 0.9701072675096978, 0.5503563625644267, 0.12933020726354977, 0.1738468960881152, 0.7109633620897237, 0.15258216648574538, 0.6226336293409875, 0.5505104413267193, 0.21443405804989352, 0.18381194811181378, 0.6366615863567634, 0.23350670187891465, 0.5721060285059492, 0.07900952994999817, 0.20361407577173674]
Iteration 63: [0.1169893123164467, 0.1692818941129636, 0.2584917954013282, 0.032994244788924314, 0.12136014186306335, 0.9701072675096978, 0.5503563625644267, 0.12933020726354977, 0.15210234149514062, 0.7109633620897237, 0.15258216648574538, 0.6226336293409875, 0.5505104413267193, 0.21443405804989352, 0.18381194811181378, 0.6366615863567634, 0.23350670187891465, 0.5721060285059492, 0.07900952994999817, 0.20361407577173674]
Iteration 64: [0.1169893123164467, 0.1692818941129636, 0.2584917954013282, 0.032994244788924314, 0.12136014186306335, 0.1813673587272674, 0.5503563625644267, 0.12933020726354977, 0.15210234149514062, 0.7109633620897237, 0.15258216648574538, 0.6226336293409875, 0.24431681350418133, 0.21443405804989352, 0.18381194811181378, 0.6366615863567634, 0.23350670187891465, 0.5721060285059492, 0.07900952994999817, 0.20361407577173674]
Iteration 65: [0.1169893123164467, 0.1692818941129636, 0.2584917954013282, 0.032994244788924314, 0.12136014186306335, 0.1813673587272674, 0.5503563625644267, 0.12933020726354977, 0.16596614071644977, 0.7109633620897237, 0.15258216648574538, 0.6226336293409875, 0.24431681350418133, 0.21443405804989352, 0.18381194811181378, 0.6366615863567634, 0.23350670187891465, 0.5721060285059492, 0.262114245556488, 0.20361407577173674]
Iteration 66: [0.1169893123164467, 0.1692818941129636, 0.2584917954013282, 0.032994244788924314, 0.12136014186306335, 0.9369432489756845, 0.5503563625644267, 0.12933020726354977, 0.16596614071644977, 0.7109633620897237, 0.15258216648574538, 0.6226336293409875, 0.24431681350418133, 0.21443405804989352, 0.18381194811181378, 0.6366615863567634, 0.23350670187891465, 0.2537596388486694, 0.262114245556488, 0.20361407577173674]
Iteration 67: [0.1169893123164467, 0.1692818941129636, 0.2584917954013282, 0.032994244788924314, 0.12136014186306335, 0.9369432489756845, 0.5503563625644267, 0.12933020726354977, 0.16596614071644977, 0.7109633620897237, 0.15258216648574538, 0.6226336293409875, 0.24431681350418133, 0.21443405804989352, 0.15331325864121048, 0.6366615863567634, 0.23350670187891465, 0.2100853000660041, 0.262114245556488, 0.20361407577173674]
Iteration 68: [0.1169893123164467, 0.1692818941129636, 0.2584917954013282, 0.032994244788924314, 0.12136014186306335, 0.9369432489756845, 0.5503563625644267, 0.12933020726354977, 0.16596614071644977, 0.7109633620897237, 0.15258216648574538, 0.6226336293409875, 0.24431681350418133, 0.21443405804989352, 0.22724337037668685, 0.6366615863567634, 0.23350670187891465, 0.2100853000660041, 0.262114245556488, 0.20361407577173674]
Iteration 69: [0.1169893123164467, 0.1692818941129636, 0.2584917954013282, 0.16000512086837032, 0.12136014186306335, 0.9369432489756845, 0.5503563625644267, 0.12933020726354977, 0.16596614071644977, 0.7109633620897237, 0.15258216648574538, 0.6226336293409875, 0.24431681350418133, 0.21443405804989352, 0.22724337037668685, 0.6366615863567634, 0.23350670187891465, 0.2100853000660041, 0.262114245556488, 0.2136591267618503]
Iteration 70: [0.1169893123164467, 0.1692818941129636, 0.2584917954013282, 0.16000512086837032, 0.12136014186306335, 0.9369432489756845, 0.5503563625644267, 0.12933020726354977, 0.16596614071644977, 0.7014635007271948, 0.15258216648574538, 0.5998326299280181, 0.24431681350418133, 0.21443405804989352, 0.22724337037668685, 0.6366615863567634, 0.23350670187891465, 0.2100853000660041, 0.262114245556488, 0.2136591267618503]
Iteration 71: [0.1169893123164467, 0.1692818941129636, 0.2584917954013282, 0.16000512086837032, 0.12136014186306335, 0.9369432489756845, 0.5503563625644267, 0.12933020726354977, 0.1552710044398218, 0.7014635007271948, 0.15258216648574538, 0.5998326299280181, 0.24431681350418133, 0.21443405804989352, 0.22724337037668685, 0.6366615863567634, 0.23350670187891465, 0.2100853000660041, 0.11672483673489434, 0.2136591267618503]
Iteration 72: [0.1169893123164467, 0.1692818941129636, 0.2584917954013282, 0.16000512086837032, 0.12136014186306335, 0.9369432489756845, 0.5503563625644267, 0.12933020726354977, 0.22476424243340956, 0.7014635007271948, 0.15258216648574538, 0.5998326299280181, 0.24431681350418133, 0.21443405804989352, 0.22724337037668685, 0.6366615863567634, 0.23350670187891465, 0.2100853000660041, 0.11672483673489434, 0.2136591267618503]
Iteration 73: [0.19184063966101508, 0.17689864840272151, 0.2584917954013282, 0.16000512086837032, 0.12136014186306335, 0.9369432489756845, 0.5503563625644267, 0.12933020726354977, 0.22476424243340956, 0.7014635007271948, 0.15258216648574538, 0.5998326299280181, 0.24431681350418133, 0.21443405804989352, 0.22724337037668685, 0.6366615863567634, 0.23350670187891465, 0.2100853000660041, 0.11672483673489434, 0.2136591267618503]
Iteration 74: [0.19184063966101508, 0.17689864840272151, 0.2584917954013282, 0.16000512086837032, 0.12136014186306335, 0.9369432489756845, 0.5503563625644267, 0.12933020726354977, 0.22476424243340956, 0.7014635007271948, 0.15258216648574538, 0.5998326299280181, 0.24431681350418133, 0.21443405804989352, 0.22724337037668685, 0.6667475754504434, 0.23350670187891465, 0.2100853000660041, 0.11672483673489434, 0.2136591267618503]
Iteration 75: [0.19184063966101508, 0.2440915908349736, 0.2584917954013282, 0.16000512086837032, 0.12136014186306335, 0.9369432489756845, 0.24806234159999047, 0.12933020726354977, 0.22476424243340956, 0.7014635007271948, 0.15258216648574538, 0.5998326299280181, 0.24431681350418133, 0.21443405804989352, 0.22724337037668685, 0.6667475754504434, 0.23350670187891465, 0.2100853000660041, 0.11672483673489434, 0.2136591267618503]
Iteration 76: [0.19184063966101508, 0.2440915908349736, 0.2584917954013282, 0.20147205354700132, 0.12136014186306335, 0.9369432489756845, 0.24806234159999047, 0.12933020726354977, 0.22476424243340956, 0.7014635007271948, 0.15258216648574538, 0.35274772110807384, 0.24431681350418133, 0.21443405804989352, 0.22724337037668685, 0.6667475754504434, 0.23350670187891465, 0.2100853000660041, 0.11672483673489434, 0.2136591267618503]
Iteration 77: [0.19184063966101508, 0.2440915908349736, 0.2584917954013282, 0.20147205354700132, 0.1797892634882967, 0.9369432489756845, 0.24806234159999047, 0.12933020726354977, 0.22476424243340956, 0.7014635007271948, 0.15258216648574538, 0.35274772110807384, 0.24431681350418133, 0.21443405804989352, 0.22724337037668685, 0.6667475754504434, 0.23350670187891465, 0.2100853000660041, 0.12542844770043016, 0.2136591267618503]
Iteration 78: [0.19184063966101508, 0.2440915908349736, 0.2584917954013282, 0.20147205354700132, 0.1797892634882967, 0.9369432489756845, 0.24806234159999047, 0.12933020726354977, 0.22476424243340956, 0.7014635007271948, 0.15258216648574538, 0.35274772110807384, 0.24431681350418133, 0.21443405804989352, 0.23528436180490542, 0.6667475754504434, 0.3519364420492801, 0.2100853000660041, 0.12542844770043016, 0.2136591267618503]
Iteration 79: [0.19184063966101508, 0.2440915908349736, 0.2584917954013282, 0.20147205354700132, 0.1932381976189289, 0.9369432489756845, 0.24806234159999047, 0.12933020726354977, 0.22476424243340956, 0.7014635007271948, 0.15258216648574538, 0.35274772110807384, 0.24431681350418133, 0.21443405804989352, 0.26773870824693374, 0.6667475754504434, 0.3519364420492801, 0.2100853000660041, 0.12542844770043016, 0.2136591267618503]
Iteration 80: [0.200005194871668, 0.2440915908349736, 0.2584917954013282, 0.20147205354700132, 0.1932381976189289, 0.9369432489756845, 0.24806234159999047, 0.12933020726354977, 0.22476424243340956, 0.7014635007271948, 0.15258216648574538, 0.35274772110807384, 0.24431681350418133, 0.21443405804989352, 0.26773870824693374, 0.6889023417722396, 0.3519364420492801, 0.2100853000660041, 0.12542844770043016, 0.2136591267618503]
Iteration 81: [0.200005194871668, 0.2440915908349736, 0.2584917954013282, 0.20147205354700132, 0.21322696945753072, 0.9369432489756845, 0.24806234159999047, 0.12933020726354977, 0.22476424243340956, 0.7014635007271948, 0.1827389977658383, 0.35274772110807384, 0.24431681350418133, 0.21443405804989352, 0.26773870824693374, 0.6889023417722396, 0.3519364420492801, 0.2100853000660041, 0.12542844770043016, 0.2136591267618503]
Iteration 82: [0.200005194871668, 0.2440915908349736, 0.2584917954013282, 0.20147205354700132, 0.21322696945753072, 0.9369432489756845, 0.24806234159999047, 0.12933020726354977, 0.22476424243340956, 0.7014635007271948, 0.1827389977658383, 0.3413858163743697, 0.24431681350418133, 0.21443405804989352, 0.22651680702799537, 0.6889023417722396, 0.3519364420492801, 0.2100853000660041, 0.12542844770043016, 0.2136591267618503]
Iteration 83: [0.200005194871668, 0.2440915908349736, 0.2584917954013282, 0.20147205354700132, 0.21322696945753072, 0.9369432489756845, 0.24806234159999047, 0.12933020726354977, 0.22476424243340956, 0.7014635007271948, 0.1827389977658383, 0.4049059374468914, 0.24431681350418133, 0.21443405804989352, 0.22651680702799537, 0.6115832499976662, 0.3519364420492801, 0.2100853000660041, 0.12542844770043016, 0.2136591267618503]
Iteration 84: [0.200005194871668, 0.2440915908349736, 0.2584917954013282, 0.20147205354700132, 0.21322696945753072, 0.2148557449250949, 0.24806234159999047, 0.12933020726354977, 0.22476424243340956, 0.7014635007271948, 0.1827389977658383, 0.4049059374468914, 0.24431681350418133, 0.21443405804989352, 0.22651680702799537, 0.6115832499976662, 0.2902872588448242, 0.2100853000660041, 0.12542844770043016, 0.2136591267618503]
Iteration 85: [0.200005194871668, 0.2440915908349736, 0.2584917954013282, 0.20147205354700132, 0.21322696945753072, 0.2148557449250949, 0.24806234159999047, 0.12933020726354977, 0.22476424243340956, 0.7014635007271948, 0.1827389977658383, 0.4049059374468914, 0.24431681350418133, 0.21443405804989352, 0.2411374630970523, 0.6115832499976662, 0.2902872588448242, 0.2100853000660041, 0.12542844770043016, 0.2136591267618503]
Iteration 86: [0.200005194871668, 0.2440915908349736, 0.2584917954013282, 0.20147205354700132, 0.21322696945753072, 0.2148557449250949, 0.26526567788901095, 0.12933020726354977, 0.22476424243340956, 0.7014635007271948, 0.1827389977658383, 0.4049059374468914, 0.24431681350418133, 0.21443405804989352, 0.002397136563773383, 0.6115832499976662, 0.2902872588448242, 0.2100853000660041, 0.12542844770043016, 0.2136591267618503]
Iteration 87: [0.19753171108878592, 0.2440915908349736, 0.2584917954013282, 0.20147205354700132, 0.21322696945753072, 0.2148557449250949, 0.26526567788901095, 0.12933020726354977, 0.22476424243340956, 0.7014635007271948, 0.1827389977658383, 0.4049059374468914, 0.24431681350418133, 0.21443405804989352, 0.002397136563773383, 0.6115832499976662, 0.2902872588448242, 0.5444537962157255, 0.12542844770043016, 0.2136591267618503]
Iteration 88: [0.19753171108878592, 0.2440915908349736, 0.2584917954013282, 0.20147205354700132, 0.21322696945753072, 0.2148557449250949, 0.26526567788901095, 0.12933020726354977, 0.22476424243340956, 0.7014635007271948, 0.19403941765493815, 0.36526454141779885, 0.24431681350418133, 0.21443405804989352, 0.002397136563773383, 0.6115832499976662, 0.2902872588448242, 0.5444537962157255, 0.12542844770043016, 0.2136591267618503]
Iteration 89: [0.19753171108878592, 0.2440915908349736, 0.2584917954013282, 0.20147205354700132, 0.21322696945753072, 0.2148557449250949, 0.6356588564959235, 0.12933020726354977, 0.22476424243340956, 0.7014635007271948, 0.19403941765493815, 0.3304433793177361, 0.24431681350418133, 0.21443405804989352, 0.002397136563773383, 0.6115832499976662, 0.2902872588448242, 0.5444537962157255, 0.12542844770043016, 0.2136591267618503]
Iteration 90: [0.19753171108878592, 0.2440915908349736, 0.2584917954013282, 0.20147205354700132, 0.21322696945753072, 0.2148557449250949, 0.2551353180608109, 0.12933020726354977, 0.22476424243340956, 0.7014635007271948, 0.19403941765493815, 0.3304433793177361, 0.24431681350418133, 0.21443405804989352, 0.002397136563773383, 0.6115832499976662, 0.2902872588448242, 0.5444537962157255, 0.12542844770043016, 0.17048912502800068]
Iteration 91: [0.19753171108878592, 0.21053862340881158, 0.2584917954013282, 0.21847235787044805, 0.21322696945753072, 0.2148557449250949, 0.2551353180608109, 0.12933020726354977, 0.22476424243340956, 0.7014635007271948, 0.19403941765493815, 0.3304433793177361, 0.24431681350418133, 0.21443405804989352, 0.002397136563773383, 0.6115832499976662, 0.2902872588448242, 0.5444537962157255, 0.12542844770043016, 0.17048912502800068]
Iteration 92: [0.19753171108878592, 0.21053862340881158, 0.2584917954013282, 0.2191269886511627, 0.21322696945753072, 0.2148557449250949, 0.2551353180608109, 0.12933020726354977, 0.22476424243340956, 0.7014635007271948, 0.19403941765493815, 0.3304433793177361, 0.24431681350418133, 0.21443405804989352, 0.18775374295253963, 0.6115832499976662, 0.2902872588448242, 0.5444537962157255, 0.12542844770043016, 0.17048912502800068]
Iteration 93: [0.19753171108878592, 0.21053862340881158, 0.2693083986801761, 0.2191269886511627, 0.21322696945753072, 0.2148557449250949, 0.2551353180608109, 0.12933020726354977, 0.22476424243340956, 0.7014635007271948, 0.19403941765493815, 0.3304433793177361, 0.24431681350418133, 0.21443405804989352, 0.18775374295253963, 0.5901699288813655, 0.2902872588448242, 0.5444537962157255, 0.12542844770043016, 0.17048912502800068]
Iteration 94: [0.19753171108878592, 0.21053862340881158, 0.2693083986801761, 0.231820506333397, 0.21322696945753072, 0.2148557449250949, 0.2551353180608109, 0.12933020726354977, 0.22476424243340956, 0.7014635007271948, 0.19403941765493815, 0.3304433793177361, 0.24431681350418133, 0.21443405804989352, 0.18775374295253963, 0.5901699288813655, 0.2902872588448242, 0.1595672263245705, 0.12542844770043016, 0.17048912502800068]
Iteration 95: [0.19753171108878592, 0.21053862340881158, 0.2693083986801761, 0.231820506333397, 0.21322696945753072, 0.2148557449250949, 0.2551353180608109, 0.12933020726354977, 0.22476424243340956, 0.7014635007271948, 0.2542080852589835, 0.3304433793177361, 0.24431681350418133, 0.21443405804989352, 0.18775374295253963, 0.5901699288813655, 0.2902872588448242, 0.1595672263245705, 0.12542844770043016, 0.47542623154135627]
Iteration 96: [0.1918794347187269, 0.21053862340881158, 0.2693083986801761, 0.231820506333397, 0.21322696945753072, 0.2148557449250949, 0.2551353180608109, 0.12933020726354977, 0.22476424243340956, 0.7014635007271948, 0.2542080852589835, 0.27337567494272164, 0.24431681350418133, 0.21443405804989352, 0.18775374295253963, 0.5901699288813655, 0.2902872588448242, 0.1595672263245705, 0.12542844770043016, 0.47542623154135627]
Iteration 97: [0.1918794347187269, 0.21053862340881158, 0.2693083986801761, 0.231820506333397, 0.21322696945753072, 0.2148557449250949, 0.2551353180608109, 0.13728482016933577, 0.22476424243340956, 0.7014635007271948, 0.2542080852589835, 0.27337567494272164, 0.24431681350418133, 0.21443405804989352, 0.18775374295253963, 0.5901699288813655, 0.2902872588448242, 0.1595672263245705, 0.12542844770043016, 0.24102562339157907]
Iteration 98: [0.1918794347187269, 0.21053862340881158, 0.2693083986801761, 0.231820506333397, 0.21322696945753072, 0.2148557449250949, 0.2551353180608109, 0.13728482016933577, 0.22476424243340956, 0.7014635007271948, 0.2542080852589835, 0.27337567494272164, 0.24431681350418133, 0.21443405804989352, 0.18775374295253963, 0.5901699288813655, 0.2902872588448242, 0.1595672263245705, 0.12542844770043016, 0.4662074081939016]
Iteration 99: [0.1918794347187269, 0.21053862340881158, 0.2693083986801761, 0.231820506333397, 0.21322696945753072, 0.2148557449250949, 0.2551353180608109, 0.13728482016933577, 0.22476424243340956, 0.7014635007271948, 0.2542080852589835, 0.27337567494272164, 0.26400947957365917, 0.21443405804989352, 0.18775374295253963, 0.5901699288813655, 0.2902872588448242, 0.1595672263245705, 0.12542844770043016, 0.4662074081939016]
Iteration 100: [0.1918794347187269, 0.21053862340881158, 0.2693083986801761, 0.231820506333397, 0.21322696945753072, 0.2148557449250949, 0.2551353180608109, 0.13728482016933577, 0.24113743582940342, 0.7014635007271948, 0.2542080852589835, 0.27337567494272164, 0.26400947957365917, 0.21443405804989352, 0.18775374295253963, 0.5901699288813655, 0.35916676875961673, 0.1595672263245705, 0.12542844770043016, 0.4662074081939016]
Iteration 101: [0.1918794347187269, 0.21053862340881158, 0.2693083986801761, 0.231820506333397, 0.21322696945753072, 0.2148557449250949, 0.2551353180608109, 0.13728482016933577, 0.24113743582940342, 0.654445922561649, 0.2542080852589835, 0.27337567494272164, 0.26400947957365917, 0.21443405804989352, 0.18775374295253963, 0.5901699288813655, 0.35916676875961673, 0.1595672263245705, 0.12542844770043016, 0.5770892036084974]
Iteration 102: [0.1918794347187269, 0.21053862340881158, 0.2693083986801761, 0.25910669991410146, 0.21322696945753072, 0.2148557449250949, 0.2551353180608109, 0.13728482016933577, 0.24113743582940342, 0.654445922561649, 0.2542080852589835, 0.27337567494272164, 0.26400947957365917, 0.21443405804989352, 0.18775374295253963, 0.5901699288813655, 0.35916676875961673, 0.1595672263245705, 0.12542844770043016, 0.4763217166590104]
Iteration 103: [0.1918794347187269, 0.21053862340881158, 0.2693083986801761, 0.25910669991410146, 0.21322696945753072, 0.2148557449250949, 0.2551353180608109, 0.13728482016933577, 0.25022875353143575, 0.654445922561649, 0.22920290066234567, 0.27337567494272164, 0.26400947957365917, 0.21443405804989352, 0.18775374295253963, 0.5901699288813655, 0.35916676875961673, 0.1595672263245705, 0.12542844770043016, 0.4763217166590104]
Iteration 104: [0.1918794347187269, 0.21053862340881158, 0.2693083986801761, 0.25910669991410146, 0.21322696945753072, 0.2148557449250949, 0.2551353180608109, 0.13728482016933577, 0.25022875353143575, 0.6041488334372082, 0.22920290066234567, 0.27337567494272164, 0.26400947957365917, 0.21443405804989352, 0.18775374295253963, 0.5901699288813655, 0.35916676875961673, 0.1595672263245705, 0.15313468148338805, 0.4763217166590104]
Iteration 105: [0.1918794347187269, 0.21053862340881158, 0.2693083986801761, 0.25910669991410146, 0.21322696945753072, 0.2148557449250949, 0.2551353180608109, 0.13728482016933577, 0.22001380739942172, 0.6041488334372082, 0.22920290066234567, 0.27337567494272164, 0.26400947957365917, 0.21443405804989352, 0.04948797083980118, 0.5901699288813655, 0.35916676875961673, 0.1595672263245705, 0.15313468148338805, 0.4763217166590104]
Iteration 106: [0.1918794347187269, 0.21053862340881158, 0.2693083986801761, 0.25910669991410146, 0.21322696945753072, 0.2148557449250949, 0.2551353180608109, 0.13728482016933577, 0.22001380739942172, 0.5499178595981543, 0.22920290066234567, 0.23359319589249564, 0.26400947957365917, 0.21443405804989352, 0.04948797083980118, 0.5901699288813655, 0.35916676875961673, 0.1595672263245705, 0.15313468148338805, 0.4763217166590104]
Iteration 107: [0.1918794347187269, 0.21053862340881158, 0.2693083986801761, 0.25910669991410146, 0.21322696945753072, 0.2148557449250949, 0.2551353180608109, 0.13728482016933577, 0.22001380739942172, 0.6074399277850122, 0.22920290066234567, 0.6163667866818721, 0.26400947957365917, 0.21443405804989352, 0.04948797083980118, 0.5901699288813655, 0.35916676875961673, 0.1595672263245705, 0.15313468148338805, 0.4763217166590104]
Iteration 108: [0.21902376620583236, 0.21053862340881158, 0.2693083986801761, 0.25910669991410146, 0.21322696945753072, 0.2148557449250949, 0.2551353180608109, 0.11724629375528006, 0.22001380739942172, 0.6074399277850122, 0.22920290066234567, 0.6163667866818721, 0.26400947957365917, 0.21443405804989352, 0.04948797083980118, 0.5901699288813655, 0.35916676875961673, 0.1595672263245705, 0.15313468148338805, 0.4763217166590104]
Iteration 109: [0.21902376620583236, 0.21053862340881158, 0.2693083986801761, 0.25910669991410146, 0.2151179915738801, 0.2148557449250949, 0.2551353180608109, 0.1911740848695545, 0.22001380739942172, 0.6074399277850122, 0.22920290066234567, 0.6163667866818721, 0.26400947957365917, 0.21443405804989352, 0.04948797083980118, 0.5901699288813655, 0.35916676875961673, 0.1595672263245705, 0.15313468148338805, 0.4763217166590104]
Iteration 110: [0.2624126719766054, 0.21053862340881158, 0.2693083986801761, 0.25910669991410146, 0.2151179915738801, 0.2148557449250949, 0.2551353180608109, 0.1911740848695545, 0.22001380739942172, 0.6074399277850122, 0.22920290066234567, 0.6163667866818721, 0.26400947957365917, 0.21443405804989352, 0.04948797083980118, 0.5901699288813655, 0.35916676875961673, 0.1595672263245705, 0.21947950141625322, 0.4763217166590104]
Iteration 111: [0.2624126719766054, 0.21053862340881158, 0.32249136393821537, 0.25910669991410146, 0.2151179915738801, 0.2148557449250949, 0.2551353180608109, 0.1911740848695545, 0.22001380739942172, 0.6074399277850122, 0.22920290066234567, 0.6163667866818721, 0.26400947957365917, 0.21443405804989352, 0.04948797083980118, 0.5901699288813655, 0.35916676875961673, 0.1595672263245705, 0.21947950141625322, 0.4763217166590104]
Iteration 112: [0.2624126719766054, 0.21053862340881158, 0.32249136393821537, 0.25910669991410146, 0.2151179915738801, 0.2148557449250949, 0.6023215517323907, 0.1911740848695545, 0.22001380739942172, 0.6074399277850122, 0.22920290066234567, 0.6163667866818721, 0.26400947957365917, 0.21443405804989352, 0.04948797083980118, 0.5901699288813655, 0.35916676875961673, 0.1595672263245705, 0.21947950141625322, 0.22211288908750637]
Iteration 113: [0.2624126719766054, 0.21053862340881158, 0.27348691552868537, 0.25910669991410146, 0.2151179915738801, 0.2148557449250949, 0.6023215517323907, 0.1911740848695545, 0.22001380739942172, 0.6074399277850122, 0.22920290066234567, 0.6163667866818721, 0.26400947957365917, 0.21443405804989352, 0.04948797083980118, 0.5901699288813655, 0.3396097974992419, 0.1595672263245705, 0.21947950141625322, 0.22211288908750637]
Iteration 114: [0.2624126719766054, 0.21053862340881158, 0.28073709879854447, 0.25910669991410146, 0.2151179915738801, 0.2148557449250949, 0.6023215517323907, 0.1911740848695545, 0.22001380739942172, 0.6074399277850122, 0.22920290066234567, 0.2527056432060297, 0.26400947957365917, 0.21443405804989352, 0.04948797083980118, 0.5901699288813655, 0.3396097974992419, 0.1595672263245705, 0.21947950141625322, 0.22211288908750637]
Iteration 115: [0.2624126719766054, 0.21053862340881158, 0.6669863891141965, 0.25910669991410146, 0.22508625246716932, 0.2148557449250949, 0.6023215517323907, 0.1911740848695545, 0.22001380739942172, 0.6074399277850122, 0.22920290066234567, 0.2527056432060297, 0.26400947957365917, 0.21443405804989352, 0.04948797083980118, 0.5901699288813655, 0.3396097974992419, 0.1595672263245705, 0.21947950141625322, 0.22211288908750637]
Iteration 116: [0.2624126719766054, 0.21053862340881158, 0.6669863891141965, 0.25910669991410146, 0.22903135824581186, 0.2148557449250949, 0.6023215517323907, 0.1911740848695545, 0.22001380739942172, 0.6074399277850122, 0.22920290066234567, 0.2527056432060297, 0.26400947957365917, 0.21443405804989352, 0.04948797083980118, 0.5901699288813655, 0.3396097974992419, 0.15971476348641422, 0.21947950141625322, 0.22211288908750637]
Iteration 117: [0.2624126719766054, 0.21053862340881158, 0.6669863891141965, 0.25910669991410146, 0.22903135824581186, 0.2148557449250949, 0.6023215517323907, 0.1911740848695545, 0.22001380739942172, 0.1936285292111629, 0.22920290066234567, 0.2331679610273132, 0.26400947957365917, 0.21443405804989352, 0.04948797083980118, 0.5901699288813655, 0.3396097974992419, 0.15971476348641422, 0.21947950141625322, 0.22211288908750637]
Iteration 118: [0.2624126719766054, 0.21053862340881158, 0.6669863891141965, 0.25910669991410146, 0.22903135824581186, 0.2148557449250949, 0.6023215517323907, 0.1911740848695545, 0.22001380739942172, 0.0023742835637527264, 0.22920290066234567, 0.2331679610273132, 0.26400947957365917, 0.21443405804989352, 0.04948797083980118, 0.5901699288813655, 0.3396097974992419, 0.18283734777890776, 0.21947950141625322, 0.22211288908750637]
Iteration 119: [0.2624126719766054, 0.21053862340881158, 0.6669863891141965, 0.25910669991410146, 0.22903135824581186, 0.2148557449250949, 0.6023215517323907, 0.1911740848695545, 0.22001380739942172, 0.0023742835637527264, 0.22920290066234567, 0.2331679610273132, 0.26400947957365917, 0.21443405804989352, 0.04948797083980118, 0.5901699288813655, 0.3396097974992419, 0.18283734777890776, 0.18618389606086658, 0.22211288908750637]
Iteration 120: [0.2624126719766054, 0.21053862340881158, 0.6669863891141965, 0.25910669991410146, 0.22903135824581186, 0.2148557449250949, 0.6023215517323907, 0.14824012833238503, 0.22001380739942172, 0.0023742835637527264, 0.22920290066234567, 0.2331679610273132, 0.26400947957365917, 0.21443405804989352, 0.04948797083980118, 0.5901699288813655, 0.3396097974992419, 0.18283734777890776, 0.18618389606086658, 0.22211288908750637]
Iteration 121: [0.2624126719766054, 0.21053862340881158, 0.6669863891141965, 0.25910669991410146, 0.22903135824581186, 0.2148557449250949, 0.24132256080168152, 0.6368800525301687, 0.22001380739942172, 0.0023742835637527264, 0.22920290066234567, 0.2331679610273132, 0.26400947957365917, 0.21443405804989352, 0.04948797083980118, 0.5901699288813655, 0.3396097974992419, 0.18283734777890776, 0.18618389606086658, 0.22211288908750637]
Iteration 122: [0.5434654068633301, 0.21053862340881158, 0.6669863891141965, 0.25910669991410146, 0.22903135824581186, 0.2148557449250949, 0.24132256080168152, 0.6368800525301687, 0.22001380739942172, 0.0023742835637527264, 0.22920290066234567, 0.2331679610273132, 0.26400947957365917, 0.21443405804989352, 0.04948797083980118, 0.5901699288813655, 0.3396097974992419, 0.18283734777890776, 0.18618389606086658, 0.22211288908750637]
Iteration 123: [0.5434654068633301, 0.21053862340881158, 0.6669863891141965, 0.25910669991410146, 0.22903135824581186, 0.2148557449250949, 0.24132256080168152, 0.6368800525301687, 0.22001380739942172, 0.20559821307600243, 0.22920290066234567, 0.2331679610273132, 0.26400947957365917, 0.21443405804989352, 0.04948797083980118, 0.5096854116924096, 0.3396097974992419, 0.18283734777890776, 0.18618389606086658, 0.22211288908750637]
Iteration 124: [0.5434654068633301, 0.21053862340881158, 0.6669863891141965, 0.25910669991410146, 0.22903135824581186, 0.2148557449250949, 0.24132256080168152, 0.6368800525301687, 0.22001380739942172, 0.20559821307600243, 0.22920290066234567, 0.2331679610273132, 0.26400947957365917, 0.21443405804989352, 0.04948797083980118, 0.5096854116924096, 0.3396097974992419, 0.18283734777890776, 0.18618389606086658, 0.1319772998291712]
Iteration 125: [0.5434654068633301, 0.21053862340881158, 0.6669863891141965, 0.25910669991410146, 0.22903135824581186, 0.2148557449250949, 0.24132256080168152, 0.6368800525301687, 0.15749157707426945, 0.20559821307600243, 0.22920290066234567, 0.2331679610273132, 0.26400947957365917, 0.21443405804989352, 0.04948797083980118, 0.5096854116924096, 0.3396097974992419, 0.19987616125432128, 0.18618389606086658, 0.1319772998291712]
Iteration 126: [0.5586715722382976, 0.2647770072649553, 0.6669863891141965, 0.25910669991410146, 0.22903135824581186, 0.2148557449250949, 0.24132256080168152, 0.6368800525301687, 0.15749157707426945, 0.20559821307600243, 0.22920290066234567, 0.2331679610273132, 0.26400947957365917, 0.21443405804989352, 0.04948797083980118, 0.5096854116924096, 0.3396097974992419, 0.19987616125432128, 0.18618389606086658, 0.1319772998291712]
Iteration 127: [0.5586715722382976, 0.2647770072649553, 0.6669863891141965, 0.25910669991410146, 0.22903135824581186, 0.2148557449250949, 0.24132256080168152, 0.6368800525301687, 0.15749157707426945, 0.20559821307600243, 0.22920290066234567, 0.2331679610273132, 0.26400947957365917, 0.21443405804989352, 0.04948797083980118, 0.5275996594405363, 0.3396097974992419, 0.19987616125432128, 0.18618389606086658, 0.1319772998291712]
Iteration 128: [0.5586715722382976, 0.2647770072649553, 0.6669863891141965, 0.25910669991410146, 0.22903135824581186, 0.2148557449250949, 0.24132256080168152, 0.6144157791330382, 0.15749157707426945, 0.20559821307600243, 0.22920290066234567, 0.2331679610273132, 0.26400947957365917, 0.21443405804989352, 0.04948797083980118, 0.5275996594405363, 0.34215001810052637, 0.19987616125432128, 0.18618389606086658, 0.1319772998291712]
Iteration 129: [0.5977865383894255, 0.2647770072649553, 0.6669863891141965, 0.25910669991410146, 0.22903135824581186, 0.2148557449250949, 0.24132256080168152, 0.6144157791330382, 0.5765701928033858, 0.20559821307600243, 0.22920290066234567, 0.2331679610273132, 0.26400947957365917, 0.21443405804989352, 0.04948797083980118, 0.5275996594405363, 0.34215001810052637, 0.19987616125432128, 0.18618389606086658, 0.1319772998291712]
Iteration 130: [0.5977865383894255, 0.2647770072649553, 0.6669863891141965, 0.25910669991410146, 0.22903135824581186, 0.2148557449250949, 0.24132256080168152, 0.6144157791330382, 0.5765701928033858, 0.20559821307600243, 0.22920290066234567, 0.2331679610273132, 0.26400947957365917, 0.21443405804989352, 0.1898242086021301, 0.5275996594405363, 0.34215001810052637, 0.19987616125432128, 0.18618389606086658, 0.1319772998291712]
Iteration 131: [0.585692956295103, 0.2647770072649553, 0.6529670237765739, 0.25910669991410146, 0.22903135824581186, 0.2148557449250949, 0.24132256080168152, 0.6144157791330382, 0.5765701928033858, 0.20559821307600243, 0.22920290066234567, 0.2331679610273132, 0.26400947957365917, 0.21443405804989352, 0.1898242086021301, 0.5275996594405363, 0.34215001810052637, 0.19987616125432128, 0.18618389606086658, 0.1319772998291712]
Iteration 132: [0.585692956295103, 0.2647770072649553, 0.6529670237765739, 0.25910669991410146, 0.22903135824581186, 0.2148557449250949, 0.24132256080168152, 0.5606418755764463, 0.5765701928033858, 0.20559821307600243, 0.22920290066234567, 0.2331679610273132, 0.2703830376040908, 0.21443405804989352, 0.1898242086021301, 0.5275996594405363, 0.34215001810052637, 0.19987616125432128, 0.18618389606086658, 0.1319772998291712]
Iteration 133: [0.585692956295103, 0.2647770072649553, 0.6529670237765739, 0.25910669991410146, 0.1965797308609739, 0.2148557449250949, 0.24132256080168152, 0.5606418755764463, 0.5765701928033858, 0.20559821307600243, 0.22920290066234567, 0.21998425834701743, 0.2703830376040908, 0.21443405804989352, 0.1898242086021301, 0.5275996594405363, 0.34215001810052637, 0.19987616125432128, 0.18618389606086658, 0.1319772998291712]
Iteration 134: [0.585692956295103, 0.2647770072649553, 0.6529670237765739, 0.25910669991410146, 0.1965797308609739, 0.2148557449250949, 0.24132256080168152, 0.3192417846544847, 0.5765701928033858, 0.20559821307600243, 0.22920290066234567, 0.21998425834701743, 0.2703830376040908, 0.21443405804989352, 0.1898242086021301, 0.5275996594405363, 0.34215001810052637, 0.19987616125432128, 0.18618389606086658, 0.1319772998291712]
Iteration 135: [0.585692956295103, 0.2647770072649553, 0.6529670237765739, 0.25910669991410146, 0.1965797308609739, 0.2148557449250949, 0.24132256080168152, 0.3192417846544847, 0.5765701928033858, 0.20559821307600243, 0.21466247973349686, 0.21998425834701743, 0.2703830376040908, 0.21443405804989352, 0.1898242086021301, 0.5890678660072264, 0.34215001810052637, 0.19987616125432128, 0.18618389606086658, 0.1319772998291712]
Iteration 136: [0.585692956295103, 0.2647770072649553, 0.6529670237765739, 0.25910669991410146, 0.1965797308609739, 0.2148557449250949, 0.24132256080168152, 0.3192417846544847, 0.5765701928033858, 0.20559821307600243, 0.21466247973349686, 0.21998425834701743, 0.2703830376040908, 0.21443405804989352, 0.1898242086021301, 0.5890678660072264, 0.34215001810052637, 0.19987616125432128, 0.18618389606086658, 0.1319772998291712]
Iteration 137: [0.585692956295103, 0.2647770072649553, 0.6529670237765739, 0.25910669991410146, 0.1965797308609739, 0.2148557449250949, 0.25170675643955487, 0.5379689160778026, 0.5765701928033858, 0.20559821307600243, 0.21466247973349686, 0.21998425834701743, 0.2703830376040908, 0.21443405804989352, 0.1898242086021301, 0.5890678660072264, 0.34215001810052637, 0.19987616125432128, 0.18618389606086658, 0.1319772998291712]
Iteration 138: [0.585692956295103, 0.2647770072649553, 0.6529670237765739, 0.25910669991410146, 0.1965797308609739, 0.2148557449250949, 0.25170675643955487, 0.5281222186698263, 0.5765701928033858, 0.20559821307600243, 0.21466247973349686, 0.21998425834701743, 0.2703830376040908, 0.21443405804989352, 0.1898242086021301, 0.5890678660072264, 0.34215001810052637, 0.19987616125432128, 0.18618389606086658, 0.13933997519628366]
Iteration 139: [0.585692956295103, 0.2647770072649553, 0.6529670237765739, 0.25910669991410146, 0.1965797308609739, 0.2148557449250949, 0.25170675643955487, 0.5281222186698263, 0.5765701928033858, 0.20559821307600243, 0.23184987408561908, 0.21998425834701743, 0.2703830376040908, 0.21443405804989352, 0.1898242086021301, 0.5890678660072264, 0.34215001810052637, 0.19987616125432128, 0.18618389606086658, 0.17646332043808388]
Iteration 140: [0.585692956295103, 0.2647770072649553, 0.6529670237765739, 0.21836530765987167, 0.1965797308609739, 0.2148557449250949, 0.25170675643955487, 0.5281222186698263, 0.5765701928033858, 0.20559821307600243, 0.23184987408561908, 0.21998425834701743, 0.2703830376040908, 0.21443405804989352, 0.002514986038372538, 0.5890678660072264, 0.34215001810052637, 0.19987616125432128, 0.18618389606086658, 0.17646332043808388]
Iteration 141: [0.585692956295103, 0.2647770072649553, 0.6529670237765739, 0.21836530765987167, 0.1965797308609739, 0.2148557449250949, 0.25170675643955487, 0.5281222186698263, 0.5765701928033858, 0.20559821307600243, 0.23184987408561908, 0.21998425834701743, 0.2703830376040908, 0.21443405804989352, 0.002514986038372538, 0.6305934485030944, 0.34215001810052637, 0.19987616125432128, 0.18618389606086658, 0.17646332043808388]
Iteration 142: [0.585692956295103, 0.2647770072649553, 0.6529670237765739, 0.21836530765987167, 0.1965797308609739, 0.2148557449250949, 0.25170675643955487, 0.5281222186698263, 0.18549566183482238, 0.20559821307600243, 0.23184987408561908, 0.21998425834701743, 0.2703830376040908, 0.21443405804989352, 0.002514986038372538, 0.6305934485030944, 0.34215001810052637, 0.19987616125432128, 0.18618389606086658, 0.17646332043808388]
Iteration 143: [0.585692956295103, 0.2647770072649553, 0.6529670237765739, 0.21836530765987167, 0.1965797308609739, 0.2148557449250949, 0.25170675643955487, 0.5281222186698263, 0.18549566183482238, 0.20559821307600243, 0.6046670835234248, 0.21998425834701743, 0.2703830376040908, 0.21443405804989352, 0.002514986038372538, 0.6305934485030944, 0.34215001810052637, 0.19987616125432128, 0.18618389606086658, 0.17646332043808388]
Iteration 144: [0.585692956295103, 0.2647770072649553, 0.6529670237765739, 0.21836530765987167, 0.18927629482471214, 0.2148557449250949, 0.25170675643955487, 0.5281222186698263, 0.18549566183482238, 0.20559821307600243, 0.6046670835234248, 0.21998425834701743, 0.2703830376040908, 0.21443405804989352, 0.0018459751211465855, 0.6305934485030944, 0.34215001810052637, 0.19987616125432128, 0.18618389606086658, 0.17646332043808388]
Iteration 145: [0.585692956295103, 0.2647770072649553, 0.6529670237765739, 0.21836530765987167, 0.18927629482471214, 0.19677662279228825, 0.25170675643955487, 0.5281222186698263, 0.18549566183482238, 0.20559821307600243, 0.6046670835234248, 0.21998425834701743, 0.2703830376040908, 0.21443405804989352, 0.0018459751211465855, 0.6305934485030944, 0.9760251465746677, 0.19987616125432128, 0.18618389606086658, 0.17646332043808388]
Iteration 146: [0.585692956295103, 0.2647770072649553, 0.6529670237765739, 0.21836530765987167, 0.18927629482471214, 0.19677662279228825, 0.25170675643955487, 0.5281222186698263, 0.18549566183482238, 0.20559821307600243, 0.6046670835234248, 0.21998425834701743, 0.2703830376040908, 0.21443405804989352, 0.5201587543964443, 0.21323605234007048, 0.9760251465746677, 0.19987616125432128, 0.18618389606086658, 0.17646332043808388]
Iteration 147: [0.585692956295103, 0.2647770072649553, 0.6529670237765739, 0.21836530765987167, 0.18927629482471214, 0.19677662279228825, 0.25170675643955487, 0.5281222186698263, 0.18549566183482238, 0.20559821307600243, 0.6046670835234248, 0.21998425834701743, 0.2703830376040908, 0.21443405804989352, 0.5201587543964443, 0.21323605234007048, 0.974705718681167, 0.19987616125432128, 0.18618389606086658, 0.1535051880116647]
Iteration 148: [0.5996581826235559, 0.2647770072649553, 0.6529670237765739, 0.21836530765987167, 0.18927629482471214, 0.19677662279228825, 0.25170675643955487, 0.5281222186698263, 0.18549566183482238, 0.20559821307600243, 0.6046670835234248, 0.17079194417782517, 0.2703830376040908, 0.21443405804989352, 0.5201587543964443, 0.21323605234007048, 0.974705718681167, 0.19987616125432128, 0.18618389606086658, 0.1535051880116647]
Iteration 149: [0.5996581826235559, 0.2647770072649553, 0.6529670237765739, 0.21836530765987167, 0.18927629482471214, 0.19677662279228825, 0.25170675643955487, 0.5281222186698263, 0.18549566183482238, 0.20559821307600243, 0.6369444691800185, 0.17079194417782517, 0.2703830376040908, 0.21443405804989352, 0.5201587543964443, 0.21323605234007048, 0.25264860358556807, 0.19987616125432128, 0.18618389606086658, 0.1535051880116647]
Iteration 150: [0.5996581826235559, 0.2647770072649553, 0.6529670237765739, 0.21836530765987167, 0.18927629482471214, 0.19677662279228825, 0.25170675643955487, 0.4889154121205921, 0.18549566183482238, 0.20559821307600243, 0.6369444691800185, 0.17079194417782517, 0.646495154524385, 0.21443405804989352, 0.5201587543964443, 0.21323605234007048, 0.25264860358556807, 0.19987616125432128, 0.18618389606086658, 0.1535051880116647]
