There are 5 agents who believe in con
There are 9 agents who believe in pro
There are 6 agents who are neutral 

Iteration 1: [0.21123810458165293, 0.4501093886105866, 0.5632749099094724, 0.4018932855741562, 0.44594928657308774, 0.5876357244414225, 0.48932583653270073, 0.4052939566367485, 0.2921794827657794, 0.3268052518784283, 0.6705357967981849, 0.27316283925924284, 0.4058221314290997, 0.34697785830088884, 0.3831663968350562, 0.3796245493502129, 0.45014192614126125, 0.5813954436844689, 0.6829236416806346, 0.6606381488097183]
Iteration 2: [0.21123810458165293, 0.4501093886105866, 0.5632749099094724, 0.4018932855741562, 0.44594928657308774, 0.5876357244414225, 0.48932583653270073, 0.4052939566367485, 0.2921794827657794, 0.3268052518784283, 0.6705357967981849, 0.5147633085211369, 0.4058221314290997, 0.34697785830088884, 0.3831663968350562, 0.3796245493502129, 0.45014192614126125, 0.5813954436844689, 0.6829236416806346, 0.5202020919626167]
Iteration 3: [0.21123810458165293, 0.4501093886105866, 0.5804820993626005, 0.4018932855741562, 0.44594928657308774, 0.5876357244414225, 0.48932583653270073, 0.4052939566367485, 0.2921794827657794, 0.3268052518784283, 0.6705357967981849, 0.5147633085211369, 0.4058221314290997, 0.34697785830088884, 0.3831663968350562, 0.39138748621515523, 0.45014192614126125, 0.5813954436844689, 0.6829236416806346, 0.5202020919626167]
Iteration 4: [0.21123810458165293, 0.4501093886105866, 0.5804820993626005, 0.4018932855741562, 0.44594928657308774, 0.5876357244414225, 0.48932583653270073, 0.4052939566367485, 0.2921794827657794, 0.3268052518784283, 0.6705357967981849, 0.5147633085211369, 0.40582887454576605, 0.34697785830088884, 0.3831663968350562, 0.39138748621515523, 0.45014192614126125, 0.3839928707243142, 0.6829236416806346, 0.5202020919626167]
Iteration 5: [0.21123810458165293, 0.4501093886105866, 0.5804820993626005, 0.4018932855741562, 0.44594928657308774, 0.5876357244414225, 0.48932583653270073, 0.4052939566367485, 0.2921794827657794, 0.3268052518784283, 0.6705357967981849, 0.5147633085211369, 0.40582887454576605, 0.34697785830088884, 0.3831663968350562, 0.39138748621515523, 0.45014192614126125, 0.15536289062544192, 0.6829236416806346, 0.5202020919626167]
Iteration 6: [0.21123810458165293, 0.4501093886105866, 0.6406081902415046, 0.4018932855741562, 0.44594928657308774, 0.5876357244414225, 0.48932583653270073, 0.4052939566367485, 0.2921794827657794, 0.3268052518784283, 0.6705357967981849, 0.3567945198495436, 0.40582887454576605, 0.34697785830088884, 0.3831663968350562, 0.39138748621515523, 0.45014192614126125, 0.15536289062544192, 0.6829236416806346, 0.5202020919626167]
Iteration 7: [0.2798622128030094, 0.4501093886105866, 0.6406081902415046, 0.4018932855741562, 0.44594928657308774, 0.5876357244414225, 0.48932583653270073, 0.4052939566367485, 0.2921794827657794, 0.3268052518784283, 0.6705357967981849, 0.3567945198495436, 0.40582887454576605, 0.34697785830088884, 0.3831663968350562, 0.39138748621515523, 0.3775609025432976, 0.15536289062544192, 0.6829236416806346, 0.5202020919626167]
Iteration 8: [0.638612471180026, 0.4501093886105866, 0.6406081902415046, 0.4628350268023114, 0.44594928657308774, 0.5876357244414225, 0.48932583653270073, 0.4052939566367485, 0.2921794827657794, 0.3268052518784283, 0.6705357967981849, 0.3567945198495436, 0.40582887454576605, 0.34697785830088884, 0.3831663968350562, 0.39138748621515523, 0.3775609025432976, 0.15536289062544192, 0.6829236416806346, 0.5202020919626167]
Iteration 9: [0.638612471180026, 0.47797939453755345, 0.6406081902415046, 0.4628350268023114, 0.44594928657308774, 0.5876357244414225, 0.48932583653270073, 0.4052939566367485, 0.2921794827657794, 0.3268052518784283, 0.34887001194831396, 0.3567945198495436, 0.40582887454576605, 0.34697785830088884, 0.3831663968350562, 0.39138748621515523, 0.3775609025432976, 0.15536289062544192, 0.6829236416806346, 0.5202020919626167]
Iteration 10: [0.638612471180026, 0.47797939453755345, 0.6406081902415046, 0.4628350268023114, 0.44594928657308774, 0.5876357244414225, 0.48932583653270073, 0.4052939566367485, 0.2965565511052587, 0.3268052518784283, 0.34887001194831396, 0.3567945198495436, 0.40582887454576605, 0.38392018965104907, 0.3831663968350562, 0.39138748621515523, 0.3775609025432976, 0.15536289062544192, 0.6829236416806346, 0.5202020919626167]
Iteration 11: [0.638612471180026, 0.47797939453755345, 0.6406081902415046, 0.4628350268023114, 0.44594928657308774, 0.5876357244414225, 0.48932583653270073, 0.4052939566367485, 0.2965565511052587, 0.3268052518784283, 0.34887001194831396, 0.3567945198495436, 0.40582887454576605, 0.38392018965104907, 0.3831663968350562, 0.39138748621515523, 0.47974196261636526, 0.15536289062544192, 0.6296914719806481, 0.5202020919626167]
Iteration 12: [0.638612471180026, 0.47797939453755345, 0.6406081902415046, 0.4628350268023114, 0.44594928657308774, 0.5876357244414225, 0.48932583653270073, 0.4052939566367485, 0.2965565511052587, 0.3268052518784283, 0.34887001194831396, 0.3567945198495436, 0.40582887454576605, 0.38392018965104907, 0.3831663968350562, 0.4351890235173585, 0.4768371790923859, 0.15536289062544192, 0.6296914719806481, 0.5202020919626167]
Iteration 13: [0.638612471180026, 0.47797939453755345, 0.6406081902415046, 0.4628350268023114, 0.44594928657308774, 0.5876357244414225, 0.48932583653270073, 0.3546794954641254, 0.2965565511052587, 0.3513402283577564, 0.34887001194831396, 0.3567945198495436, 0.40582887454576605, 0.38392018965104907, 0.3831663968350562, 0.4351890235173585, 0.4768371790923859, 0.15536289062544192, 0.6296914719806481, 0.5202020919626167]
Iteration 14: [0.638612471180026, 0.47797939453755345, 0.6406081902415046, 0.4628350268023114, 0.44594928657308774, 0.5876357244414225, 0.48932583653270073, 0.3546794954641254, 0.2965565511052587, 0.3513402283577564, 0.34887001194831396, 0.3567945198495436, 0.40582887454576605, 0.38392018965104907, 0.3831663968350562, 0.44599056070763204, 0.4768371790923859, 0.15536289062544192, 0.6296914719806481, 0.5202020919626167]
Iteration 15: [0.638612471180026, 0.47797939453755345, 0.6406081902415046, 0.4628350268023114, 0.44594928657308774, 0.5876357244414225, 0.48932583653270073, 0.3546794954641254, 0.27490682042678055, 0.3418981317984883, 0.34887001194831396, 0.3567945198495436, 0.40582887454576605, 0.38392018965104907, 0.3831663968350562, 0.44599056070763204, 0.4768371790923859, 0.15536289062544192, 0.6296914719806481, 0.5202020919626167]
Iteration 16: [0.638612471180026, 0.47797939453755345, 0.6406081902415046, 0.4628350268023114, 0.44594928657308774, 0.5876357244414225, 0.48932583653270073, 0.3546794954641254, 0.27490682042678055, 0.3418981317984883, 0.34887001194831396, 0.3567945198495436, 0.32377754552006865, 0.38392018965104907, 0.3831663968350562, 0.44599056070763204, 0.4768371790923859, 0.15536289062544192, 0.6296914719806481, 0.5202020919626167]
Iteration 17: [0.638612471180026, 0.47797939453755345, 0.6406081902415046, 0.4628350268023114, 0.44594928657308774, 0.5876357244414225, 0.48932583653270073, 0.41597062444232347, 0.27490682042678055, 0.3418981317984883, 0.42522897325855513, 0.3567945198495436, 0.32377754552006865, 0.38392018965104907, 0.3831663968350562, 0.44599056070763204, 0.4768371790923859, 0.15536289062544192, 0.6296914719806481, 0.5202020919626167]
Iteration 18: [0.8026405785803569, 0.47797939453755345, 0.6406081902415046, 0.4628350268023114, 0.44321513920062755, 0.5876357244414225, 0.48932583653270073, 0.41597062444232347, 0.27490682042678055, 0.3418981317984883, 0.42522897325855513, 0.3567945198495436, 0.32377754552006865, 0.38392018965104907, 0.3831663968350562, 0.44599056070763204, 0.4768371790923859, 0.15536289062544192, 0.6296914719806481, 0.5202020919626167]
Iteration 19: [0.8026405785803569, 0.47797939453755345, 0.6406081902415046, 0.4628350268023114, 0.44321513920062755, 0.5876357244414225, 0.48932583653270073, 0.41597062444232347, 0.27490682042678055, 0.3418981317984883, 0.42522897325855513, 0.5504868137305224, 0.32377754552006865, 0.38392018965104907, 0.3831663968350562, 0.44599056070763204, 0.4768371790923859, 0.15536289062544192, 0.6296914719806481, 0.5202020919626167]
Iteration 20: [0.8026405785803569, 0.47797939453755345, 0.6406081902415046, 0.4628350268023114, 0.44321513920062755, 0.5876357244414225, 0.48932583653270073, 0.41597062444232347, 0.27490682042678055, 0.3418981317984883, 0.42522897325855513, 0.5504868137305224, 0.32377754552006865, 0.38392018965104907, 0.31111145450011446, 0.44599056070763204, 0.4768371790923859, 0.15536289062544192, 0.6296914719806481, 0.5202020919626167]
Iteration 21: [0.8026405785803569, 0.47797939453755345, 0.6406081902415046, 0.4628350268023114, 0.44321513920062755, 0.677836757079644, 0.48932583653270073, 0.41597062444232347, 0.27490682042678055, 0.3418981317984883, 0.42522897325855513, 0.5504868137305224, 0.32377754552006865, 0.38392018965104907, 0.31111145450011446, 0.44599056070763204, 0.4768371790923859, 0.4975187466434153, 0.6296914719806481, 0.5202020919626167]
Iteration 22: [0.8026405785803569, 0.47797939453755345, 0.6406081902415046, 0.4628350268023114, 0.44321513920062755, 0.677836757079644, 0.48932583653270073, 0.41597062444232347, 0.27490682042678055, 0.3418981317984883, 0.42522897325855513, 0.5504868137305224, 0.32377754552006865, 0.38392018965104907, 0.31111145450011446, 0.44599056070763204, 0.4768371790923859, 0.4975187466434153, 0.6296914719806481, 0.5696553546124774]
Iteration 23: [0.5651906564250588, 0.47797939453755345, 0.6406081902415046, 0.4628350268023114, 0.44321513920062755, 0.677836757079644, 0.48932583653270073, 0.41597062444232347, 0.27490682042678055, 0.3418981317984883, 0.42522897325855513, 0.5178137191113488, 0.32377754552006865, 0.38392018965104907, 0.31111145450011446, 0.44599056070763204, 0.4768371790923859, 0.4975187466434153, 0.6296914719806481, 0.5696553546124774]
Iteration 24: [0.5651906564250588, 0.47797939453755345, 0.6406081902415046, 0.4628350268023114, 0.44321513920062755, 0.677836757079644, 0.48932583653270073, 0.41597062444232347, 0.2685580336355666, 0.3418981317984883, 0.42522897325855513, 0.5178137191113488, 0.32377754552006865, 0.38392018965104907, 0.31111145450011446, 0.44599056070763204, 0.4768371790923859, 0.4975187466434153, 0.6296914719806481, 0.6176822136003315]
Iteration 25: [0.5651906564250588, 0.47797939453755345, 0.6406081902415046, 0.5457354219156366, 0.44321513920062755, 0.677836757079644, 0.48932583653270073, 0.41597062444232347, 0.2685580336355666, 0.3418981317984883, 0.42522897325855513, 0.5178137191113488, 0.2571361665675709, 0.38392018965104907, 0.31111145450011446, 0.44599056070763204, 0.4768371790923859, 0.4975187466434153, 0.6296914719806481, 0.6176822136003315]
Iteration 26: [0.5515268838413626, 0.47797939453755345, 0.6406081902415046, 0.5457354219156366, 0.4883479751382218, 0.677836757079644, 0.48932583653270073, 0.41597062444232347, 0.2685580336355666, 0.3418981317984883, 0.42522897325855513, 0.5178137191113488, 0.2571361665675709, 0.38392018965104907, 0.31111145450011446, 0.44599056070763204, 0.4768371790923859, 0.4975187466434153, 0.6296914719806481, 0.6176822136003315]
Iteration 27: [0.5515268838413626, 0.47797939453755345, 0.6406081902415046, 0.5457354219156366, 0.4883479751382218, 0.677836757079644, 0.48932583653270073, 0.41597062444232347, 0.2842251679346582, 0.20551504909976234, 0.42522897325855513, 0.5178137191113488, 0.2571361665675709, 0.38392018965104907, 0.31111145450011446, 0.44599056070763204, 0.4768371790923859, 0.4975187466434153, 0.6296914719806481, 0.6176822136003315]
Iteration 28: [0.5515268838413626, 0.47797939453755345, 0.6406081902415046, 0.5457354219156366, 0.45830215975005584, 0.677836757079644, 0.48932583653270073, 0.41597062444232347, 0.2842251679346582, 0.20551504909976234, 0.42522897325855513, 0.5178137191113488, 0.2571361665675709, 0.38392018965104907, 0.28556140743634423, 0.44599056070763204, 0.4768371790923859, 0.4975187466434153, 0.6296914719806481, 0.6176822136003315]
Iteration 29: [0.5515268838413626, 0.47797939453755345, 0.6406081902415046, 0.5457354219156366, 0.45830215975005584, 0.677836757079644, 0.48932583653270073, 0.41597062444232347, 0.2800525206965111, 0.20551504909976234, 0.42522897325855513, 0.5178137191113488, 0.2571361665675709, 0.38392018965104907, 0.30224316798076684, 0.44599056070763204, 0.4768371790923859, 0.4975187466434153, 0.6296914719806481, 0.6176822136003315]
Iteration 30: [0.34158793084168115, 0.47797939453755345, 0.6406081902415046, 0.5457354219156366, 0.45830215975005584, 0.677836757079644, 0.48932583653270073, 0.41597062444232347, 0.2800525206965111, 0.20551504909976234, 0.42522897325855513, 0.5178137191113488, 0.2571361665675709, 0.38392018965104907, 0.30224316798076684, 0.44599056070763204, 0.4949198399684461, 0.4975187466434153, 0.6296914719806481, 0.6176822136003315]
Iteration 31: [0.28777276546867364, 0.47797939453755345, 0.6406081902415046, 0.5457354219156366, 0.45830215975005584, 0.677836757079644, 0.48932583653270073, 0.375455676238566, 0.2800525206965111, 0.20551504909976234, 0.42522897325855513, 0.5178137191113488, 0.2571361665675709, 0.38392018965104907, 0.30224316798076684, 0.44599056070763204, 0.4949198399684461, 0.4975187466434153, 0.6296914719806481, 0.6176822136003315]
Iteration 32: [0.28777276546867364, 0.47797939453755345, 0.6406081902415046, 0.5457354219156366, 0.45830215975005584, 0.677836757079644, 0.48932583653270073, 0.375455676238566, 0.2800525206965111, 0.2372897408406904, 0.42522897325855513, 0.5178137191113488, 0.2571361665675709, 0.42917849007547515, 0.30224316798076684, 0.44599056070763204, 0.4949198399684461, 0.4975187466434153, 0.6296914719806481, 0.6176822136003315]
Iteration 33: [0.28777276546867364, 0.47797939453755345, 0.6406081902415046, 0.5457354219156366, 0.45830215975005584, 0.677836757079644, 0.40018236158056636, 0.5097939558626171, 0.2800525206965111, 0.2372897408406904, 0.42522897325855513, 0.5178137191113488, 0.2571361665675709, 0.42917849007547515, 0.30224316798076684, 0.44599056070763204, 0.4949198399684461, 0.4975187466434153, 0.6296914719806481, 0.6176822136003315]
Iteration 34: [0.28777276546867364, 0.47797939453755345, 0.6406081902415046, 0.5457354219156366, 0.45830215975005584, 0.677836757079644, 0.40018236158056636, 0.43648357055478787, 0.2800525206965111, 0.2372897408406904, 0.42522897325855513, 0.5178137191113488, 0.2571361665675709, 0.42917849007547515, 0.36414117342703717, 0.44599056070763204, 0.4949198399684461, 0.4975187466434153, 0.6296914719806481, 0.6176822136003315]
Iteration 35: [0.28777276546867364, 0.47797939453755345, 0.6406081902415046, 0.5457354219156366, 0.45830215975005584, 0.677836757079644, 0.40018236158056636, 0.43648357055478787, 0.2800525206965111, 0.2372897408406904, 0.42522897325855513, 0.5178137191113488, 0.3935643529031517, 0.42917849007547515, 0.36414117342703717, 0.44599056070763204, 0.4949198399684461, 0.4975187466434153, 0.6296914719806481, 0.6176822136003315]
Iteration 36: [0.28777276546867364, 0.47797939453755345, 0.6406081902415046, 0.5457354219156366, 0.45830215975005584, 0.677836757079644, 0.40018236158056636, 0.43648357055478787, 0.2800525206965111, 0.2319891387846521, 0.3698730856128393, 0.5178137191113488, 0.3935643529031517, 0.42917849007547515, 0.36414117342703717, 0.44599056070763204, 0.4949198399684461, 0.4975187466434153, 0.6296914719806481, 0.6176822136003315]
Iteration 37: [0.28777276546867364, 0.47797939453755345, 0.6406081902415046, 0.5709338531556278, 0.4128282612123883, 0.677836757079644, 0.40018236158056636, 0.43648357055478787, 0.2800525206965111, 0.2319891387846521, 0.3698730856128393, 0.5178137191113488, 0.3935643529031517, 0.42917849007547515, 0.36414117342703717, 0.44599056070763204, 0.4949198399684461, 0.4975187466434153, 0.6296914719806481, 0.6176822136003315]
Iteration 38: [0.28777276546867364, 0.49399817504191207, 0.6235568721055147, 0.5709338531556278, 0.4128282612123883, 0.677836757079644, 0.40018236158056636, 0.43648357055478787, 0.2800525206965111, 0.2319891387846521, 0.3698730856128393, 0.5178137191113488, 0.3935643529031517, 0.42917849007547515, 0.36414117342703717, 0.44599056070763204, 0.4949198399684461, 0.4975187466434153, 0.6296914719806481, 0.6176822136003315]
Iteration 39: [0.28777276546867364, 0.4160880052867541, 0.6235568721055147, 0.5709338531556278, 0.4128282612123883, 0.677836757079644, 0.40018236158056636, 0.43648357055478787, 0.2800525206965111, 0.2319891387846521, 0.3698730856128393, 0.5178137191113488, 0.3935643529031517, 0.42917849007547515, 0.36414117342703717, 0.44599056070763204, 0.4949198399684461, 0.4975187466434153, 0.6296914719806481, 0.6701899698524103]
Iteration 40: [0.28777276546867364, 0.4160880052867541, 0.6235568721055147, 0.5709338531556278, 0.4128282612123883, 0.677836757079644, 0.40018236158056636, 0.5432083665618388, 0.2800525206965111, 0.36074933036058376, 0.3698730856128393, 0.5178137191113488, 0.3935643529031517, 0.42917849007547515, 0.36414117342703717, 0.44599056070763204, 0.4949198399684461, 0.4975187466434153, 0.6296914719806481, 0.6701899698524103]
Iteration 41: [0.28777276546867364, 0.4160880052867541, 0.6235568721055147, 0.5709338531556278, 0.4128282612123883, 0.677836757079644, 0.40018236158056636, 0.5432083665618388, 0.2800525206965111, 0.36074933036058376, 0.3698730856128393, 0.5178137191113488, 0.3935643529031517, 0.6305069454129124, 0.36414117342703717, 0.44599056070763204, 0.4949198399684461, 0.4975187466434153, 0.6296914719806481, 0.6701899698524103]
Iteration 42: [0.28777276546867364, 0.4160880052867541, 0.6235568721055147, 0.7010323357959061, 0.4128282612123883, 0.41305586835602154, 0.40018236158056636, 0.5432083665618388, 0.2800525206965111, 0.36074933036058376, 0.3698730856128393, 0.5178137191113488, 0.3935643529031517, 0.6305069454129124, 0.36414117342703717, 0.44599056070763204, 0.4949198399684461, 0.4975187466434153, 0.6296914719806481, 0.6701899698524103]
Iteration 43: [0.28777276546867364, 0.4160880052867541, 0.6235568721055147, 0.7010323357959061, 0.4128282612123883, 0.41305586835602154, 0.40018236158056636, 0.5432083665618388, 0.2800525206965111, 0.36074933036058376, 0.3698730856128393, 0.5178137191113488, 0.3935643529031517, 0.6305069454129124, 0.36414117342703717, 0.44599056070763204, 0.4949198399684461, 0.22778557628202983, 0.6296914719806481, 0.6527048819715897]
Iteration 44: [0.28777276546867364, 0.35755081377336795, 0.6235568721055147, 0.7010323357959061, 0.4128282612123883, 0.41305586835602154, 0.40018236158056636, 0.5432083665618388, 0.2800525206965111, 0.36074933036058376, 0.3698730856128393, 0.5178137191113488, 0.3481503222774806, 0.6305069454129124, 0.36414117342703717, 0.44599056070763204, 0.4949198399684461, 0.22778557628202983, 0.6296914719806481, 0.6527048819715897]
Iteration 45: [0.1159631939664145, 0.35755081377336795, 0.6235568721055147, 0.7010323357959061, 0.4128282612123883, 0.41305586835602154, 0.40018236158056636, 0.5432083665618388, 0.2800525206965111, 0.36074933036058376, 0.3698730856128393, 0.5178137191113488, 0.3481503222774806, 0.6305069454129124, 0.36414117342703717, 0.44599056070763204, 0.4949198399684461, 0.22778557628202983, 0.6296914719806481, 0.6527048819715897]
Iteration 46: [0.1159631939664145, 0.35755081377336795, 0.6235568721055147, 0.7010323357959061, 0.4384018339757348, 0.41305586835602154, 0.40018236158056636, 0.5432083665618388, 0.2800525206965111, 0.36074933036058376, 0.3698730856128393, 0.5178137191113488, 0.3481503222774806, 0.6305069454129124, 0.36414117342703717, 0.5021169108665633, 0.4949198399684461, 0.22778557628202983, 0.6296914719806481, 0.6527048819715897]
Iteration 47: [0.1159631939664145, 0.35755081377336795, 0.6235568721055147, 0.7010323357959061, 0.4384018339757348, 0.41305586835602154, 0.40018236158056636, 0.5432083665618388, 0.2800525206965111, 0.36074933036058376, 0.3698730856128393, 0.5178137191113488, 0.36108859688615846, 0.6305069454129124, 0.36414117342703717, 0.5021169108665633, 0.4949198399684461, 0.22778557628202983, 0.6296914719806481, 0.6527048819715897]
Iteration 48: [0.1159631939664145, 0.35755081377336795, 0.6235568721055147, 0.7010323357959061, 0.4384018339757348, 0.41305586835602154, 0.40018236158056636, 0.5432083665618388, 0.2800525206965111, 0.36074933036058376, 0.3698730856128393, 0.5178137191113488, 0.36108859688615846, 0.5740554754070903, 0.36414117342703717, 0.5021169108665633, 0.2789556289562159, 0.22778557628202983, 0.6296914719806481, 0.6527048819715897]
Iteration 49: [0.1159631939664145, 0.35755081377336795, 0.6235568721055147, 0.7010323357959061, 0.4766319486561633, 0.41305586835602154, 0.40018236158056636, 0.5432083665618388, 0.2800525206965111, 0.36074933036058376, 0.3698730856128393, 0.5178137191113488, 0.36108859688615846, 0.5740554754070903, 0.36414117342703717, 0.5021169108665633, 0.2789556289562159, 0.2648393684121242, 0.6296914719806481, 0.6527048819715897]
Iteration 50: [0.1159631939664145, 0.35755081377336795, 0.6336460519486687, 0.7010323357959061, 0.4766319486561633, 0.41305586835602154, 0.40018236158056636, 0.5432083665618388, 0.2800525206965111, 0.36074933036058376, 0.3698730856128393, 0.5178137191113488, 0.36108859688615846, 0.5740554754070903, 0.36414117342703717, 0.5021169108665633, 0.2789556289562159, 0.2648393684121242, 0.6296914719806481, 0.6527048819715897]
Iteration 51: [0.1159631939664145, 0.35755081377336795, 0.6336460519486687, 0.7010323357959061, 0.4766319486561633, 0.41305586835602154, 0.40018236158056636, 0.5827598971504642, 0.2800525206965111, 0.36074933036058376, 0.3698730856128393, 0.5178137191113488, 0.36108859688615846, 0.5740554754070903, 0.36414117342703717, 0.5021169108665633, 0.2789556289562159, 0.2648393684121242, 0.6296914719806481, 0.6527048819715897]
Iteration 52: [0.26690304160461653, 0.35755081377336795, 0.6336460519486687, 0.7010323357959061, 0.4766319486561633, 0.41305586835602154, 0.26578069342358124, 0.5827598971504642, 0.2800525206965111, 0.36074933036058376, 0.3698730856128393, 0.5178137191113488, 0.36108859688615846, 0.5740554754070903, 0.36414117342703717, 0.5021169108665633, 0.2789556289562159, 0.2648393684121242, 0.6296914719806481, 0.6527048819715897]
Iteration 53: [0.26690304160461653, 0.35755081377336795, 0.6736482689020282, 0.7010323357959061, 0.4766319486561633, 0.41305586835602154, 0.2973201828505361, 0.5827598971504642, 0.2800525206965111, 0.36074933036058376, 0.3698730856128393, 0.5178137191113488, 0.36108859688615846, 0.5740554754070903, 0.36414117342703717, 0.5021169108665633, 0.2789556289562159, 0.2648393684121242, 0.6296914719806481, 0.6527048819715897]
Iteration 54: [0.26690304160461653, 0.37392442585945007, 0.6736482689020282, 0.7010323357959061, 0.4766319486561633, 0.6000339226852466, 0.2973201828505361, 0.5827598971504642, 0.2800525206965111, 0.36074933036058376, 0.3698730856128393, 0.5178137191113488, 0.36108859688615846, 0.5740554754070903, 0.36414117342703717, 0.5021169108665633, 0.2789556289562159, 0.2648393684121242, 0.6296914719806481, 0.6527048819715897]
Iteration 55: [0.26690304160461653, 0.37392442585945007, 0.6736482689020282, 0.7010323357959061, 0.4766319486561633, 0.6000339226852466, 0.2973201828505361, 0.5718691763985351, 0.2800525206965111, 0.36074933036058376, 0.3698730856128393, 0.5178137191113488, 0.36108859688615846, 0.5740554754070903, 0.36414117342703717, 0.5021169108665633, 0.2789556289562159, 0.2648393684121242, 0.6296914719806481, 0.6527048819715897]
Iteration 56: [0.26690304160461653, 0.37392442585945007, 0.6736482689020282, 0.7010323357959061, 0.4766319486561633, 0.49217068572206085, 0.2973201828505361, 0.4726357844225152, 0.2800525206965111, 0.36074933036058376, 0.3698730856128393, 0.5178137191113488, 0.36108859688615846, 0.5740554754070903, 0.36414117342703717, 0.5021169108665633, 0.2789556289562159, 0.2648393684121242, 0.6296914719806481, 0.6527048819715897]
Iteration 57: [0.26690304160461653, 0.37392442585945007, 0.6736482689020282, 0.7010323357959061, 0.5827675880329625, 0.49217068572206085, 0.2973201828505361, 0.4726357844225152, 0.2800525206965111, 0.36074933036058376, 0.3698730856128393, 0.5178137191113488, 0.36108859688615846, 0.5740554754070903, 0.36414117342703717, 0.5021169108665633, 0.2789556289562159, 0.3018367120380025, 0.6296914719806481, 0.6527048819715897]
Iteration 58: [0.26690304160461653, 0.33381448485599013, 0.6736482689020282, 0.7010323357959061, 0.5827675880329625, 0.49217068572206085, 0.2973201828505361, 0.4726357844225152, 0.2800525206965111, 0.36074933036058376, 0.3698730856128393, 0.5178137191113488, 0.36108859688615846, 0.5740554754070903, 0.36414117342703717, 0.5021169108665633, 0.2789556289562159, 0.3018367120380025, 0.656769063436146, 0.6527048819715897]
Iteration 59: [0.26690304160461653, 0.33381448485599013, 0.8454058135452068, 0.5794660767600619, 0.5827675880329625, 0.49217068572206085, 0.2973201828505361, 0.4726357844225152, 0.2800525206965111, 0.36074933036058376, 0.3698730856128393, 0.5178137191113488, 0.36108859688615846, 0.5740554754070903, 0.36414117342703717, 0.5021169108665633, 0.2789556289562159, 0.3018367120380025, 0.656769063436146, 0.6527048819715897]
Iteration 60: [0.26690304160461653, 0.33381448485599013, 0.8454058135452068, 0.5794660767600619, 0.5827675880329625, 0.49217068572206085, 0.2973201828505361, 0.4726357844225152, 0.3402882611673499, 0.3018645323157338, 0.3698730856128393, 0.5178137191113488, 0.36108859688615846, 0.5740554754070903, 0.36414117342703717, 0.5021169108665633, 0.2789556289562159, 0.3018367120380025, 0.656769063436146, 0.6527048819715897]
Iteration 61: [0.26690304160461653, 0.3314071553691619, 0.8454058135452068, 0.5794660767600619, 0.5827675880329625, 0.49217068572206085, 0.2973201828505361, 0.4726357844225152, 0.3402882611673499, 0.3018645323157338, 0.3698730856128393, 0.7714887513683341, 0.36108859688615846, 0.5740554754070903, 0.36414117342703717, 0.5021169108665633, 0.2789556289562159, 0.3018367120380025, 0.656769063436146, 0.6527048819715897]
Iteration 62: [0.26690304160461653, 0.30681639142423067, 0.8454058135452068, 0.5794660767600619, 0.5510390382248384, 0.49217068572206085, 0.2973201828505361, 0.4726357844225152, 0.3402882611673499, 0.3018645323157338, 0.3698730856128393, 0.7714887513683341, 0.36108859688615846, 0.5740554754070903, 0.36414117342703717, 0.5021169108665633, 0.2789556289562159, 0.3018367120380025, 0.656769063436146, 0.6527048819715897]
Iteration 63: [0.26690304160461653, 0.30681639142423067, 0.8454058135452068, 0.5794660767600619, 0.5510390382248384, 0.49217068572206085, 0.2973201828505361, 0.4726357844225152, 0.3402882611673499, 0.3018645323157338, 0.3698730856128393, 0.7714887513683341, 0.36108859688615846, 0.6741810007139476, 0.36414117342703717, 0.5021169108665633, 0.2789556289562159, 0.28943593158047065, 0.656769063436146, 0.6527048819715897]
Iteration 64: [0.26690304160461653, 0.30681639142423067, 0.8454058135452068, 0.5794660767600619, 0.5510390382248384, 0.4184265106106558, 0.2973201828505361, 0.6789461905165799, 0.3402882611673499, 0.3018645323157338, 0.3698730856128393, 0.7714887513683341, 0.36108859688615846, 0.6741810007139476, 0.36414117342703717, 0.5021169108665633, 0.2789556289562159, 0.28943593158047065, 0.656769063436146, 0.6527048819715897]
Iteration 65: [0.26690304160461653, 0.33308111061091666, 0.8454058135452068, 0.5794660767600619, 0.5510390382248384, 0.4184265106106558, 0.2973201828505361, 0.6789461905165799, 0.3402882611673499, 0.3018645323157338, 0.46264463740930983, 0.7714887513683341, 0.36108859688615846, 0.6741810007139476, 0.36414117342703717, 0.5021169108665633, 0.2789556289562159, 0.28943593158047065, 0.656769063436146, 0.6527048819715897]
Iteration 66: [0.26690304160461653, 0.4865888383291977, 0.8454058135452068, 0.5794660767600619, 0.5510390382248384, 0.4184265106106558, 0.2973201828505361, 0.6789461905165799, 0.3402882611673499, 0.3018645323157338, 0.46264463740930983, 0.7714887513683341, 0.36108859688615846, 0.6741810007139476, 0.36414117342703717, 0.5021169108665633, 0.3054010877892659, 0.28943593158047065, 0.656769063436146, 0.6527048819715897]
Iteration 67: [0.26690304160461653, 0.4865888383291977, 0.8454058135452068, 0.5794660767600619, 0.5510390382248384, 0.4184265106106558, 0.2973201828505361, 0.6789461905165799, 0.3402882611673499, 0.3018645323157338, 0.46264463740930983, 0.7714887513683341, 0.36108859688615846, 0.6741810007139476, 0.36414117342703717, 0.3943574316389752, 0.3054010877892659, 0.28943593158047065, 0.47702572610054805, 0.6527048819715897]
Iteration 68: [0.26690304160461653, 0.27697198510191606, 0.8454058135452068, 0.5794660767600619, 0.5510390382248384, 0.4184265106106558, 0.2973201828505361, 0.6789461905165799, 0.3402882611673499, 0.3018645323157338, 0.46264463740930983, 0.7714887513683341, 0.36108859688615846, 0.6741810007139476, 0.36414117342703717, 0.20256554575907657, 0.3054010877892659, 0.28943593158047065, 0.47702572610054805, 0.6527048819715897]
Iteration 69: [0.26690304160461653, 0.27697198510191606, 0.6917659402459837, 0.5794660767600619, 0.5510390382248384, 0.6315206362224638, 0.2973201828505361, 0.6789461905165799, 0.3402882611673499, 0.3018645323157338, 0.46264463740930983, 0.7714887513683341, 0.36108859688615846, 0.6741810007139476, 0.36414117342703717, 0.20256554575907657, 0.3054010877892659, 0.28943593158047065, 0.47702572610054805, 0.6527048819715897]
Iteration 70: [0.26690304160461653, 0.27697198510191606, 0.6917659402459837, 0.5794660767600619, 0.5510390382248384, 0.6315206362224638, 0.2973201828505361, 0.5924090198796187, 0.3402882611673499, 0.3018645323157338, 0.46264463740930983, 0.7714887513683341, 0.36108859688615846, 0.6741810007139476, 0.36414117342703717, 0.5040986464072005, 0.3054010877892659, 0.28943593158047065, 0.47702572610054805, 0.6527048819715897]
Iteration 71: [0.26690304160461653, 0.27697198510191606, 0.6917659402459837, 0.5794660767600619, 0.5510390382248384, 0.6315206362224638, 0.2973201828505361, 0.5924090198796187, 0.3402882611673499, 0.3018645323157338, 0.46264463740930983, 0.7714887513683341, 0.631517528143796, 0.6741810007139476, 0.43930766983443, 0.5040986464072005, 0.3054010877892659, 0.28943593158047065, 0.47702572610054805, 0.6527048819715897]
Iteration 72: [0.26690304160461653, 0.27697198510191606, 0.6917659402459837, 0.5794660767600619, 0.5510390382248384, 0.487984514797013, 0.2973201828505361, 0.5924090198796187, 0.3402882611673499, 0.3018645323157338, 0.46264463740930983, 0.7714887513683341, 0.631517528143796, 0.6741810007139476, 0.43930766983443, 0.5040986464072005, 0.3054010877892659, 0.28943593158047065, 0.4696087454115424, 0.6527048819715897]
Iteration 73: [0.26690304160461653, 0.27697198510191606, 0.6917659402459837, 0.5794660767600619, 0.5510390382248384, 0.487984514797013, 0.5025291351020895, 0.5924090198796187, 0.3402882611673499, 0.3018645323157338, 0.46264463740930983, 0.7714887513683341, 0.631517528143796, 0.6741810007139476, 0.43930766983443, 0.5040986464072005, 0.3054010877892659, 0.3950805817673696, 0.4696087454115424, 0.6527048819715897]
Iteration 74: [0.26690304160461653, 0.27697198510191606, 0.6917659402459837, 0.5622489827357482, 0.5510390382248384, 0.487984514797013, 0.5025291351020895, 0.5924090198796187, 0.382849584610966, 0.3018645323157338, 0.46264463740930983, 0.7714887513683341, 0.631517528143796, 0.6741810007139476, 0.43930766983443, 0.5040986464072005, 0.3054010877892659, 0.3950805817673696, 0.4696087454115424, 0.6527048819715897]
Iteration 75: [0.26690304160461653, 0.27697198510191606, 0.8505636227857128, 0.5622489827357482, 0.5510390382248384, 0.487984514797013, 0.5025291351020895, 0.5924090198796187, 0.382849584610966, 0.3018645323157338, 0.46264463740930983, 0.7714887513683341, 0.631517528143796, 0.5632872899514151, 0.43930766983443, 0.5040986464072005, 0.3054010877892659, 0.3950805817673696, 0.4696087454115424, 0.6527048819715897]
Iteration 76: [0.26690304160461653, 0.27697198510191606, 0.8505636227857128, 0.5622489827357482, 0.5510390382248384, 0.487984514797013, 0.47119786871777486, 0.5924090198796187, 0.382849584610966, 0.3018645323157338, 0.46264463740930983, 0.7714887513683341, 0.631517528143796, 0.6079717156441767, 0.43930766983443, 0.5040986464072005, 0.3054010877892659, 0.3950805817673696, 0.4696087454115424, 0.6527048819715897]
Iteration 77: [0.26690304160461653, 0.3281777722471965, 0.8505636227857128, 0.5622489827357482, 0.5510390382248384, 0.487984514797013, 0.47119786871777486, 0.5924090198796187, 0.382849584610966, 0.3018645323157338, 0.46264463740930983, 0.7714887513683341, 0.631517528143796, 0.6079717156441767, 0.43930766983443, 0.5040986464072005, 0.3054010877892659, 0.3950805817673696, 0.4696087454115424, 0.6527048819715897]
Iteration 78: [0.26690304160461653, 0.3281777722471965, 0.8505636227857128, 0.5622489827357482, 0.5510390382248384, 0.487984514797013, 0.47119786871777486, 0.5924090198796187, 0.382849584610966, 0.3018645323157338, 0.46782774564621804, 0.689751291904027, 0.631517528143796, 0.6079717156441767, 0.43930766983443, 0.5040986464072005, 0.3054010877892659, 0.3950805817673696, 0.4696087454115424, 0.6527048819715897]
Iteration 79: [0.26690304160461653, 0.3281777722471965, 0.8505636227857128, 0.6001498600621772, 0.5510390382248384, 0.487984514797013, 0.47119786871777486, 0.5924090198796187, 0.382849584610966, 0.3018645323157338, 0.46782774564621804, 0.689751291904027, 0.631517528143796, 0.5522158521211182, 0.43930766983443, 0.5040986464072005, 0.3054010877892659, 0.3950805817673696, 0.4696087454115424, 0.6527048819715897]
Iteration 80: [0.26690304160461653, 0.3281777722471965, 0.8505636227857128, 0.6001498600621772, 0.5510390382248384, 0.487984514797013, 0.47119786871777486, 0.5924090198796187, 0.382849584610966, 0.34184313653952736, 0.46782774564621804, 0.689751291904027, 0.631517528143796, 0.5522158521211182, 0.43930766983443, 0.5040986464072005, 0.3054010877892659, 0.3950805817673696, 0.4696087454115424, 0.6527048819715897]
Iteration 81: [0.26690304160461653, 0.3281777722471965, 0.8505636227857128, 0.6001498600621772, 0.5510390382248384, 0.487984514797013, 0.47119786871777486, 0.5924090198796187, 0.382849584610966, 0.34184313653952736, 0.46782774564621804, 0.689751291904027, 0.631517528143796, 0.5522158521211182, 0.43930766983443, 0.6516761450718231, 0.3089048701950021, 0.3950805817673696, 0.4696087454115424, 0.6527048819715897]
Iteration 82: [0.26690304160461653, 0.3281777722471965, 0.8505636227857128, 0.6001498600621772, 0.5510390382248384, 0.487984514797013, 0.47119786871777486, 0.5924090198796187, 0.382849584610966, 0.34184313653952736, 0.46782774564621804, 0.689751291904027, 0.631517528143796, 0.5522158521211182, 0.42471736596223003, 0.6516761450718231, 0.3089048701950021, 0.3950805817673696, 0.4696087454115424, 0.658642526708508]
Iteration 83: [0.3841043169952983, 0.3281777722471965, 0.8505636227857128, 0.6001498600621772, 0.5510390382248384, 0.487984514797013, 0.47119786871777486, 0.5924090198796187, 0.382849584610966, 0.34184313653952736, 0.46782774564621804, 0.689751291904027, 0.631517528143796, 0.5522158521211182, 0.42471736596223003, 0.6516761450718231, 0.3089048701950021, 0.2712545118297982, 0.4696087454115424, 0.658642526708508]
Iteration 84: [0.3841043169952983, 0.3281777722471965, 0.7415824458218215, 0.6001498600621772, 0.5510390382248384, 0.487984514797013, 0.47119786871777486, 0.5924090198796187, 0.36907547161491017, 0.34184313653952736, 0.46782774564621804, 0.689751291904027, 0.631517528143796, 0.5522158521211182, 0.42471736596223003, 0.6516761450718231, 0.3089048701950021, 0.2712545118297982, 0.4696087454115424, 0.658642526708508]
Iteration 85: [0.3841043169952983, 0.3281777722471965, 0.6992567838356952, 0.6001498600621772, 0.5510390382248384, 0.487984514797013, 0.47119786871777486, 0.5924090198796187, 0.36907547161491017, 0.34184313653952736, 0.46782774564621804, 0.689751291904027, 0.3182329995646477, 0.5522158521211182, 0.42471736596223003, 0.6516761450718231, 0.3089048701950021, 0.2712545118297982, 0.4696087454115424, 0.658642526708508]
Iteration 86: [0.3841043169952983, 0.3281777722471965, 0.7024540186901989, 0.639562827895861, 0.5510390382248384, 0.487984514797013, 0.47119786871777486, 0.5924090198796187, 0.36907547161491017, 0.34184313653952736, 0.46782774564621804, 0.689751291904027, 0.3182329995646477, 0.5522158521211182, 0.42471736596223003, 0.6516761450718231, 0.3089048701950021, 0.2712545118297982, 0.4696087454115424, 0.658642526708508]
Iteration 87: [0.3841043169952983, 0.3281777722471965, 0.7024540186901989, 0.639562827895861, 0.5510390382248384, 0.487984514797013, 0.47119786871777486, 0.6185909871259435, 0.36907547161491017, 0.34184313653952736, 0.5701813943016072, 0.689751291904027, 0.3182329995646477, 0.5522158521211182, 0.42471736596223003, 0.6516761450718231, 0.3089048701950021, 0.2712545118297982, 0.4696087454115424, 0.658642526708508]
Iteration 88: [0.3841043169952983, 0.3281777722471965, 0.7024540186901989, 0.639562827895861, 0.5510390382248384, 0.487984514797013, 0.47119786871777486, 0.6185909871259435, 0.36907547161491017, 0.34184313653952736, 0.5701813943016072, 0.689751291904027, 0.3182329995646477, 0.6079717156441767, 0.42471736596223003, 0.6516761450718231, 0.3089048701950021, 0.2712545118297982, 0.4696087454115424, 0.658642526708508]
Iteration 89: [0.3841043169952983, 0.3281777722471965, 0.7024540186901989, 0.639562827895861, 0.5510390382248384, 0.487984514797013, 0.47119786871777486, 0.3542834350222592, 0.36907547161491017, 0.34184313653952736, 0.5701813943016072, 0.689751291904027, 0.3182329995646477, 0.6079717156441767, 0.42471736596223003, 0.6516761450718231, 0.3089048701950021, 0.2712545118297982, 0.4696087454115424, 0.6404555951978939]
Iteration 90: [0.3841043169952983, 0.3281777722471965, 0.7024540186901989, 0.639562827895861, 0.5510390382248384, 0.487984514797013, 0.47119786871777486, 0.3542834350222592, 0.36907547161491017, 0.34184313653952736, 0.5701813943016072, 0.6890556064190133, 0.3182329995646477, 0.6079717156441767, 0.42471736596223003, 0.5187988549193533, 0.3089048701950021, 0.2712545118297982, 0.4696087454115424, 0.6404555951978939]
Iteration 91: [0.3841043169952983, 0.3281777722471965, 0.7024540186901989, 0.639562827895861, 0.5510390382248384, 0.487984514797013, 0.47119786871777486, 0.3542834350222592, 0.36907547161491017, 0.34184313653952736, 0.5701813943016072, 0.6890556064190133, 0.33591940082044236, 0.6079717156441767, 0.42471736596223003, 0.5187988549193533, 0.4100956415948495, 0.2712545118297982, 0.4696087454115424, 0.6404555951978939]
Iteration 92: [0.3841043169952983, 0.3281777722471965, 0.7024540186901989, 0.639562827895861, 0.5510390382248384, 0.487984514797013, 0.47119786871777486, 0.3542834350222592, 0.36907547161491017, 0.34184313653952736, 0.5701813943016072, 0.6890556064190133, 0.4126155790729369, 0.6079717156441767, 0.42471736596223003, 0.6187709711644782, 0.4100956415948495, 0.2712545118297982, 0.4696087454115424, 0.6404555951978939]
Iteration 93: [0.3841043169952983, 0.3281777722471965, 0.7024540186901989, 0.639562827895861, 0.5510390382248384, 0.487984514797013, 0.47119786871777486, 0.3542834350222592, 0.36907547161491017, 0.34184313653952736, 0.46782774564621804, 0.605638823073552, 0.4126155790729369, 0.6079717156441767, 0.42471736596223003, 0.6187709711644782, 0.4100956415948495, 0.2712545118297982, 0.4696087454115424, 0.6404555951978939]
Iteration 94: [0.3841043169952983, 0.3281777722471965, 0.7024540186901989, 0.639562827895861, 0.5510390382248384, 0.487984514797013, 0.47119786871777486, 0.6036196606171369, 0.36907547161491017, 0.34184313653952736, 0.46782774564621804, 0.605638823073552, 0.10896845740694176, 0.6079717156441767, 0.42471736596223003, 0.6187709711644782, 0.4100956415948495, 0.2712545118297982, 0.4696087454115424, 0.6404555951978939]
Iteration 95: [0.3841043169952983, 0.3281777722471965, 0.7024540186901989, 0.639562827895861, 0.5510390382248384, 0.487984514797013, 0.47119786871777486, 0.6036196606171369, 0.36907547161491017, 0.34184313653952736, 0.46782774564621804, 0.605638823073552, 0.41621618525445825, 0.6079717156441767, 0.46308190038400604, 0.6187709711644782, 0.4100956415948495, 0.2712545118297982, 0.4696087454115424, 0.6404555951978939]
Iteration 96: [0.3841043169952983, 0.3281777722471965, 0.6309480259788935, 0.639562827895861, 0.5510390382248384, 0.487984514797013, 0.47119786871777486, 0.6036196606171369, 0.36907547161491017, 0.34184313653952736, 0.46782774564621804, 0.605638823073552, 0.41621618525445825, 0.6079717156441767, 0.46308190038400604, 0.6187709711644782, 0.4100956415948495, 0.2712545118297982, 0.4696087454115424, 0.6227760798928009]
Iteration 97: [0.3841043169952983, 0.3281777722471965, 0.6309480259788935, 0.639562827895861, 0.5510390382248384, 0.5107556378062666, 0.44367534184256463, 0.6036196606171369, 0.36907547161491017, 0.34184313653952736, 0.46782774564621804, 0.605638823073552, 0.41621618525445825, 0.6079717156441767, 0.46308190038400604, 0.6187709711644782, 0.4100956415948495, 0.2712545118297982, 0.4696087454115424, 0.6227760798928009]
Iteration 98: [0.3841043169952983, 0.3281777722471965, 0.6309480259788935, 0.639562827895861, 0.5510390382248384, 0.5107556378062666, 0.44367534184256463, 0.6036196606171369, 0.36907547161491017, 0.34184313653952736, 0.46782774564621804, 0.605638823073552, 0.41621618525445825, 0.6079717156441767, 0.505739868831689, 0.6187709711644782, 0.4100956415948495, 0.2712545118297982, 0.4696087454115424, 0.6227760798928009]
Iteration 99: [0.3841043169952983, 0.3281777722471965, 0.6309480259788935, 0.639562827895861, 0.5510390382248384, 0.5107556378062666, 0.44367534184256463, 0.6036196606171369, 0.7175953832616737, 0.34184313653952736, 0.46782774564621804, 0.650151382731521, 0.41621618525445825, 0.6079717156441767, 0.505739868831689, 0.6187709711644782, 0.4100956415948495, 0.2712545118297982, 0.4696087454115424, 0.6227760798928009]
Iteration 100: [0.3841043169952983, 0.3281777722471965, 0.6309480259788935, 0.6146975699311904, 0.5510390382248384, 0.5107556378062666, 0.44367534184256463, 0.6036196606171369, 0.7175953832616737, 0.34184313653952736, 0.46782774564621804, 0.650151382731521, 0.41621618525445825, 0.6079717156441767, 0.505739868831689, 0.6187709711644782, 0.41909127557332065, 0.2712545118297982, 0.4696087454115424, 0.6227760798928009]
Iteration 101: [0.3841043169952983, 0.3281777722471965, 0.6309480259788935, 0.6146975699311904, 0.5510390382248384, 0.5107556378062666, 0.44367534184256463, 0.6036196606171369, 0.7175953832616737, 0.34184313653952736, 0.46782774564621804, 0.650151382731521, 0.41621618525445825, 0.6079717156441767, 0.505739868831689, 0.6187709711644782, 0.41909127557332065, 0.2712545118297982, 0.4696087454115424, 0.6227760798928009]
Iteration 102: [0.3841043169952983, 0.3281777722471965, 0.6309480259788935, 0.6146975699311904, 0.5510390382248384, 0.5107556378062666, 0.44367534184256463, 0.6036196606171369, 0.36907547161491017, 0.34184313653952736, 0.46782774564621804, 0.650151382731521, 0.41621618525445825, 0.9423499374179886, 0.505739868831689, 0.6187709711644782, 0.41909127557332065, 0.2712545118297982, 0.4696087454115424, 0.6227760798928009]
Iteration 103: [0.3841043169952983, 0.3281777722471965, 0.6309480259788935, 0.6146975699311904, 0.5510390382248384, 0.5107556378062666, 0.44367534184256463, 0.6036196606171369, 0.36907547161491017, 0.34184313653952736, 0.46782774564621804, 0.6455754151730579, 0.41621618525445825, 0.9423499374179886, 0.505739868831689, 0.6187709711644782, 0.41909127557332065, 0.2712545118297982, 0.5082680595291841, 0.6227760798928009]
Iteration 104: [0.3841043169952983, 0.3281777722471965, 0.6309480259788935, 0.6833161131219689, 0.5510390382248384, 0.3656971915245851, 0.44367534184256463, 0.6036196606171369, 0.36907547161491017, 0.34184313653952736, 0.46782774564621804, 0.6455754151730579, 0.41621618525445825, 0.9423499374179886, 0.505739868831689, 0.6187709711644782, 0.41909127557332065, 0.2712545118297982, 0.5082680595291841, 0.6227760798928009]
Iteration 105: [0.3841043169952983, 0.3281777722471965, 0.6309480259788935, 0.6833161131219689, 0.5510390382248384, 0.3656971915245851, 0.44367534184256463, 0.6036196606171369, 0.36907547161491017, 0.34184313653952736, 0.46782774564621804, 0.6455754151730579, 0.41621618525445825, 0.625285877107686, 0.505739868831689, 0.6445949691671876, 0.41909127557332065, 0.2712545118297982, 0.5082680595291841, 0.6227760798928009]
Iteration 106: [0.3841043169952983, 0.3724348960952759, 0.6309480259788935, 0.6833161131219689, 0.5510390382248384, 0.3656971915245851, 0.3428914140751878, 0.6036196606171369, 0.36907547161491017, 0.34184313653952736, 0.46782774564621804, 0.6455754151730579, 0.41621618525445825, 0.625285877107686, 0.505739868831689, 0.6445949691671876, 0.41909127557332065, 0.2712545118297982, 0.5082680595291841, 0.6227760798928009]
Iteration 107: [0.3841043169952983, 0.3724348960952759, 0.6309480259788935, 0.6833161131219689, 0.5510390382248384, 0.3656971915245851, 0.3428914140751878, 0.6036196606171369, 0.36907547161491017, 0.34184313653952736, 0.46782774564621804, 0.6455754151730579, 0.393936906390723, 0.6697614104026866, 0.505739868831689, 0.6445949691671876, 0.41909127557332065, 0.2712545118297982, 0.5082680595291841, 0.6227760798928009]
Iteration 108: [0.3841043169952983, 0.3724348960952759, 0.6309480259788935, 0.6833161131219689, 0.5510390382248384, 0.3656971915245851, 0.3428914140751878, 0.6036196606171369, 0.36907547161491017, 0.2833642739421531, 0.46782774564621804, 0.6455754151730579, 0.393936906390723, 0.6697614104026866, 0.505739868831689, 0.6445949691671876, 0.41909127557332065, 0.2987090417329298, 0.5082680595291841, 0.6227760798928009]
Iteration 109: [0.30043481369036196, 0.3724348960952759, 0.6309480259788935, 0.6833161131219689, 0.5510390382248384, 0.3656971915245851, 0.3428914140751878, 0.6036196606171369, 0.45740603598505597, 0.2833642739421531, 0.46782774564621804, 0.6455754151730579, 0.393936906390723, 0.6697614104026866, 0.505739868831689, 0.6445949691671876, 0.41909127557332065, 0.2987090417329298, 0.5082680595291841, 0.6227760798928009]
Iteration 110: [0.30043481369036196, 0.3724348960952759, 0.6309480259788935, 0.6833161131219689, 0.4705046441973828, 0.3656971915245851, 0.3428914140751878, 0.6036196606171369, 0.45740603598505597, 0.2833642739421531, 0.46782774564621804, 0.6455754151730579, 0.393936906390723, 0.6697614104026866, 0.505739868831689, 0.6445949691671876, 0.41909127557332065, 0.2987090417329298, 0.5082680595291841, 0.6227760798928009]
Iteration 111: [0.30043481369036196, 0.3724348960952759, 0.6309480259788935, 0.6833161131219689, 0.4705046441973828, 0.3656971915245851, 0.3428914140751878, 0.6036196606171369, 0.45740603598505597, 0.2833642739421531, 0.46782774564621804, 0.6455754151730579, 0.393936906390723, 0.6697614104026866, 0.34986421060430356, 0.6445949691671876, 0.41909127557332065, 0.2987090417329298, 0.5082680595291841, 0.5910150222815934]
Iteration 112: [0.30043481369036196, 0.3724348960952759, 0.6309480259788935, 0.6833161131219689, 0.4705046441973828, 0.5107556378062666, 0.3428914140751878, 0.6036196606171369, 0.45740603598505597, 0.3649695545466787, 0.46782774564621804, 0.6455754151730579, 0.393936906390723, 0.6697614104026866, 0.34986421060430356, 0.6445949691671876, 0.41909127557332065, 0.2987090417329298, 0.5082680595291841, 0.5910150222815934]
Iteration 113: [0.30043481369036196, 0.3724348960952759, 0.6309480259788935, 0.6833161131219689, 0.4705046441973828, 0.5107556378062666, 0.3428914140751878, 0.6036196606171369, 0.45740603598505597, 0.3649695545466787, 0.46782774564621804, 0.6455754151730579, 0.393936906390723, 0.6697614104026866, 0.34986421060430356, 0.557317455904642, 0.41909127557332065, 0.2987090417329298, 0.5082680595291841, 0.6635960932579282]
Iteration 114: [0.30043481369036196, 0.3724348960952759, 0.6309480259788935, 0.5030835475916245, 0.4705046441973828, 0.5107556378062666, 0.3428914140751878, 0.6036196606171369, 0.45740603598505597, 0.3649695545466787, 0.46782774564621804, 0.6455754151730579, 0.393936906390723, 0.6697614104026866, 0.34986421060430356, 0.557317455904642, 0.41909127557332065, 0.2987090417329298, 0.5082680595291841, 0.6635960932579282]
Iteration 115: [0.30043481369036196, 0.3724348960952759, 0.6305378295994872, 0.5030835475916245, 0.4705046441973828, 0.5107556378062666, 0.3428914140751878, 0.6159110759860552, 0.45740603598505597, 0.3649695545466787, 0.46782774564621804, 0.6455754151730579, 0.393936906390723, 0.6697614104026866, 0.34986421060430356, 0.557317455904642, 0.41909127557332065, 0.2987090417329298, 0.5082680595291841, 0.6635960932579282]
Iteration 116: [0.30043481369036196, 0.3724348960952759, 0.6305378295994872, 0.5030835475916245, 0.4705046441973828, 0.5107556378062666, 0.3428914140751878, 0.6159110759860552, 0.45740603598505597, 0.3649695545466787, 0.46782774564621804, 0.6039214495818516, 0.393936906390723, 0.6697614104026866, 0.34986421060430356, 0.557317455904642, 0.41909127557332065, 0.2510658717757954, 0.5082680595291841, 0.6635960932579282]
Iteration 117: [0.30043481369036196, 0.3724348960952759, 0.6305378295994872, 0.5030835475916245, 0.5395106729288258, 0.5107556378062666, 0.3428914140751878, 0.6159110759860552, 0.45740603598505597, 0.3649695545466787, 0.46782774564621804, 0.6039214495818516, 0.393936906390723, 0.6697614104026866, 0.34986421060430356, 0.557317455904642, 0.534124810891271, 0.2510658717757954, 0.5082680595291841, 0.6635960932579282]
Iteration 118: [0.30043481369036196, 0.3724348960952759, 0.6305378295994872, 0.5030835475916245, 0.5395106729288258, 0.5107556378062666, 0.3428914140751878, 0.601022775787487, 0.45740603598505597, 0.3649695545466787, 0.46782774564621804, 0.6039214495818516, 0.393936906390723, 0.6697614104026866, 0.34986421060430356, 0.557317455904642, 0.534124810891271, 0.2510658717757954, 0.5082680595291841, 0.6005180258841036]
Iteration 119: [0.30043481369036196, 0.3724348960952759, 0.6305378295994872, 0.5030835475916245, 0.5395106729288258, 0.5107556378062666, 0.35813058197515185, 0.601022775787487, 0.45740603598505597, 0.3649695545466787, 0.46782774564621804, 0.6039214495818516, 0.393936906390723, 0.6697614104026866, 0.34986421060430356, 0.557317455904642, 0.534124810891271, 0.2510658717757954, 0.5082680595291841, 0.6005180258841036]
Iteration 120: [0.30043481369036196, 0.3724348960952759, 0.6305378295994872, 0.5030835475916245, 0.5395106729288258, 0.5107556378062666, 0.35813058197515185, 0.601022775787487, 0.45740603598505597, 0.3649695545466787, 0.6030064692731759, 0.6039214495818516, 0.393936906390723, 0.6697614104026866, 0.34986421060430356, 0.557317455904642, 0.534124810891271, 0.2510658717757954, 0.5082680595291841, 0.6289175681267569]
Iteration 121: [0.6489158806632601, 0.3724348960952759, 0.6305378295994872, 0.5030835475916245, 0.5395106729288258, 0.5107556378062666, 0.35813058197515185, 0.601022775787487, 0.45740603598505597, 0.3649695545466787, 0.6030064692731759, 0.6039214495818516, 0.393936906390723, 0.6697614104026866, 0.34986421060430356, 0.5205124137135622, 0.534124810891271, 0.2510658717757954, 0.5082680595291841, 0.6289175681267569]
Iteration 122: [0.6489158806632601, 0.3724348960952759, 0.6305378295994872, 0.5030835475916245, 0.5395106729288258, 0.5107556378062666, 0.35813058197515185, 0.601022775787487, 0.45740603598505597, 0.3649695545466787, 0.6030064692731759, 0.6039214495818516, 0.393936906390723, 0.6697614104026866, 0.34986421060430356, 0.5205124137135622, 0.534124810891271, 0.2510658717757954, 0.6021361189111184, 0.6289175681267569]
Iteration 123: [0.6489158806632601, 0.3724348960952759, 0.6305378295994872, 0.5030835475916245, 0.5395106729288258, 0.5107556378062666, 0.35813058197515185, 0.601022775787487, 0.45740603598505597, 0.3649695545466787, 0.6030064692731759, 0.6039214495818516, 0.393936906390723, 0.6697614104026866, 0.3611293982772514, 0.5205124137135622, 0.47727379553572136, 0.2510658717757954, 0.6021361189111184, 0.6289175681267569]
Iteration 124: [0.6158895750727531, 0.3724348960952759, 0.6305378295994872, 0.5030835475916245, 0.5395106729288258, 0.5107556378062666, 0.35813058197515185, 0.601022775787487, 0.45740603598505597, 0.3649695545466787, 0.6030064692731759, 0.6039214495818516, 0.393936906390723, 0.6697614104026866, 0.3611293982772514, 0.5205124137135622, 0.47727379553572136, 0.2510658717757954, 0.6021361189111184, 0.6289175681267569]
Iteration 125: [0.6158895750727531, 0.3724348960952759, 0.6162199866558477, 0.5030835475916245, 0.5395106729288258, 0.5107556378062666, 0.35813058197515185, 0.601022775787487, 0.45740603598505597, 0.3649695545466787, 0.6030064692731759, 0.6039214495818516, 0.393936906390723, 0.6697614104026866, 0.3611293982772514, 0.5352292167028619, 0.47727379553572136, 0.2510658717757954, 0.6021361189111184, 0.6289175681267569]
Iteration 126: [0.6158895750727531, 0.3724348960952759, 0.5865146059933916, 0.5030835475916245, 0.5395106729288258, 0.5107556378062666, 0.35813058197515185, 0.601022775787487, 0.45740603598505597, 0.3649695545466787, 0.6030064692731759, 0.6039214495818516, 0.393936906390723, 0.6697614104026866, 0.3611293982772514, 0.5714011272415725, 0.47727379553572136, 0.2510658717757954, 0.6021361189111184, 0.6289175681267569]
Iteration 127: [0.6158895750727531, 0.3724348960952759, 0.5865146059933916, 0.5030835475916245, 0.5569111114739045, 0.5107556378062666, 0.35813058197515185, 0.601022775787487, 0.45740603598505597, 0.46455581292982784, 0.6030064692731759, 0.6039214495818516, 0.393936906390723, 0.6697614104026866, 0.3611293982772514, 0.5714011272415725, 0.47727379553572136, 0.2510658717757954, 0.6021361189111184, 0.6289175681267569]
Iteration 128: [0.6158895750727531, 0.3724348960952759, 0.5865146059933916, 0.5030835475916245, 0.5569111114739045, 0.5107556378062666, 0.35813058197515185, 0.6105318692506954, 0.45740603598505597, 0.46455581292982784, 0.6030064692731759, 0.6039214495818516, 0.393936906390723, 0.6697614104026866, 0.3611293982772514, 0.5714011272415725, 0.47727379553572136, 0.2510658717757954, 0.6021361189111184, 0.6289175681267569]
Iteration 129: [0.6158895750727531, 0.3724348960952759, 0.5865146059933916, 0.5030835475916245, 0.5569111114739045, 0.5107556378062666, 0.35813058197515185, 0.6105318692506954, 0.45740603598505597, 0.5848033313376249, 0.6030064692731759, 0.6039214495818516, 0.393936906390723, 0.6697614104026866, 0.3611293982772514, 0.5714011272415725, 0.49743229171514664, 0.2510658717757954, 0.6021361189111184, 0.6289175681267569]
Iteration 130: [0.6158895750727531, 0.3724348960952759, 0.32580653338101306, 0.5030835475916245, 0.5569111114739045, 0.5107556378062666, 0.35813058197515185, 0.6105318692506954, 0.45740603598505597, 0.5377341874663644, 0.6030064692731759, 0.6039214495818516, 0.393936906390723, 0.6697614104026866, 0.3611293982772514, 0.5714011272415725, 0.49743229171514664, 0.2510658717757954, 0.6021361189111184, 0.6289175681267569]
Iteration 131: [0.6158895750727531, 0.343803201384703, 0.32580653338101306, 0.5030835475916245, 0.5569111114739045, 0.5107556378062666, 0.35813058197515185, 0.6105318692506954, 0.45740603598505597, 0.5377341874663644, 0.6030064692731759, 0.6039214495818516, 0.393936906390723, 0.6697614104026866, 0.3611293982772514, 0.5714011272415725, 0.49743229171514664, 0.1904479165673736, 0.6021361189111184, 0.6289175681267569]
Iteration 132: [0.6158895750727531, 0.343803201384703, 0.32580653338101306, 0.5030835475916245, 0.5569111114739045, 0.5107556378062666, 0.35813058197515185, 0.6105318692506954, 0.45740603598505597, 0.5377341874663644, 0.6030064692731759, 0.6039214495818516, 0.40394443087545173, 0.6697614104026866, 0.15836816071697124, 0.5714011272415725, 0.49743229171514664, 0.1904479165673736, 0.6021361189111184, 0.6289175681267569]
Iteration 133: [0.6158895750727531, 0.343803201384703, 0.32580653338101306, 0.5030835475916245, 0.5569111114739045, 0.5107556378062666, 0.35813058197515185, 0.6105318692506954, 0.45740603598505597, 0.5713831676117676, 0.6030064692731759, 0.6039214495818516, 0.40394443087545173, 0.6697614104026866, 0.15836816071697124, 0.5714011272415725, 0.49743229171514664, 0.1904479165673736, 0.6021361189111184, 0.6289175681267569]
Iteration 134: [0.6158895750727531, 0.343803201384703, 0.32580653338101306, 0.5030835475916245, 0.631681295624962, 0.5107556378062666, 0.35813058197515185, 0.6105318692506954, 0.45740603598505597, 0.5713831676117676, 0.6030064692731759, 0.6039214495818516, 0.40394443087545173, 0.6697614104026866, 0.15836816071697124, 0.5714011272415725, 0.49743229171514664, 0.1904479165673736, 0.6021361189111184, 0.6445476328044566]
Iteration 135: [0.608499974440155, 0.343803201384703, 0.32580653338101306, 0.5030835475916245, 0.631681295624962, 0.5107556378062666, 0.35813058197515185, 0.6105318692506954, 0.45740603598505597, 0.5713831676117676, 0.6030064692731759, 0.6039214495818516, 0.40394443087545173, 0.6697614104026866, 0.15836816071697124, 0.6018518975286063, 0.49743229171514664, 0.1904479165673736, 0.6021361189111184, 0.6445476328044566]
Iteration 136: [0.608499974440155, 0.343803201384703, 0.32580653338101306, 0.8962201296324881, 0.631681295624962, 0.5107556378062666, 0.35813058197515185, 0.6105318692506954, 0.45740603598505597, 0.5713831676117676, 0.6030064692731759, 0.6039214495818516, 0.40394443087545173, 0.6697614104026866, 0.15836816071697124, 0.6018518975286063, 0.49743229171514664, 0.1904479165673736, 0.6021361189111184, 0.6445476328044566]
Iteration 137: [0.608499974440155, 0.343803201384703, 0.32580653338101306, 0.8962201296324881, 0.6359722344847216, 0.5107556378062666, 0.35813058197515185, 0.6105318692506954, 0.45740603598505597, 0.5713831676117676, 0.6030064692731759, 0.6039214495818516, 0.40394443087545173, 0.6697614104026866, 0.15836816071697124, 0.6018518975286063, 0.49743229171514664, 0.1904479165673736, 0.6115315198658353, 0.6445476328044566]
Iteration 138: [0.608499974440155, 0.343803201384703, 0.32580653338101306, 0.8962201296324881, 0.6359722344847216, 0.5107556378062666, 0.35813058197515185, 0.6105318692506954, 0.45740603598505597, 0.5713831676117676, 0.6030064692731759, 0.6039214495818516, 0.40394443087545173, 0.6697614104026866, 0.15836816071697124, 0.6018518975286063, 0.2221207388389044, 0.1904479165673736, 0.6115315198658353, 0.6445476328044566]
Iteration 139: [0.608499974440155, 0.343803201384703, 0.32580653338101306, 0.8962201296324881, 0.6359722344847216, 0.5107556378062666, 0.35813058197515185, 0.6177374474490691, 0.6098542907457081, 0.5713831676117676, 0.6030064692731759, 0.6039214495818516, 0.40394443087545173, 0.6697614104026866, 0.15836816071697124, 0.6018518975286063, 0.2221207388389044, 0.1904479165673736, 0.6115315198658353, 0.6445476328044566]
Iteration 140: [0.608499974440155, 0.343803201384703, 0.32580653338101306, 0.9338935368829718, 0.6359722344847216, 0.5107556378062666, 0.35813058197515185, 0.6177374474490691, 0.6098542907457081, 0.5713831676117676, 0.6030064692731759, 0.5786293268871882, 0.40394443087545173, 0.6697614104026866, 0.15836816071697124, 0.6018518975286063, 0.2221207388389044, 0.1904479165673736, 0.6115315198658353, 0.6445476328044566]
Iteration 141: [0.608499974440155, 0.343803201384703, 0.32580653338101306, 0.9338935368829718, 0.6359722344847216, 0.5107556378062666, 0.35813058197515185, 0.6177374474490691, 0.6098542907457081, 0.5713831676117676, 0.49486742251600613, 0.5786293268871882, 0.28481574655043573, 0.6697614104026866, 0.15836816071697124, 0.6018518975286063, 0.2221207388389044, 0.1904479165673736, 0.6115315198658353, 0.6445476328044566]
Iteration 142: [0.608499974440155, 0.343803201384703, 0.32580653338101306, 0.9338935368829718, 0.6136153769335119, 0.5107556378062666, 0.3155041693110296, 0.6177374474490691, 0.6098542907457081, 0.5713831676117676, 0.49486742251600613, 0.5786293268871882, 0.28481574655043573, 0.6697614104026866, 0.15836816071697124, 0.6018518975286063, 0.2221207388389044, 0.1904479165673736, 0.6115315198658353, 0.6445476328044566]
Iteration 143: [0.629120449268658, 0.343803201384703, 0.32580653338101306, 0.9338935368829718, 0.6136153769335119, 0.5107556378062666, 0.07415766657410543, 0.6177374474490691, 0.6098542907457081, 0.5713831676117676, 0.49486742251600613, 0.5786293268871882, 0.28481574655043573, 0.6697614104026866, 0.15836816071697124, 0.6018518975286063, 0.2221207388389044, 0.1904479165673736, 0.6115315198658353, 0.6445476328044566]
Iteration 144: [0.629120449268658, 0.343803201384703, 0.32580653338101306, 0.9338935368829718, 0.6062539127258203, 0.5107556378062666, 0.07415766657410543, 0.6177374474490691, 0.6098542907457081, 0.5713831676117676, 0.49486742251600613, 0.5786293268871882, 0.28481574655043573, 0.6697614104026866, 0.15836816071697124, 0.6018518975286063, 0.2221207388389044, 0.1904479165673736, 0.6115315198658353, 0.6445476328044566]
Iteration 145: [0.629120449268658, 0.343803201384703, 0.32580653338101306, 0.9338935368829718, 0.6062539127258203, 0.5107556378062666, 0.3155041693110296, 0.6177374474490691, 0.6098542907457081, 0.5713831676117676, 0.49486742251600613, 0.5786293268871882, 0.28481574655043573, 0.6697614104026866, 0.15836816071697124, 0.6018518975286063, 0.2221207388389044, 0.2510658717757954, 0.6115315198658353, 0.6445476328044566]
Iteration 146: [0.629120449268658, 0.343803201384703, 0.32580653338101306, 0.9338935368829718, 0.6062539127258203, 0.5107556378062666, 0.3155041693110296, 0.6177374474490691, 0.6098542907457081, 0.5713831676117676, 0.49486742251600613, 0.5988156886299417, 0.28481574655043573, 0.6697614104026866, 0.15836816071697124, 0.6018518975286063, 0.2221207388389044, 0.2510658717757954, 0.6115315198658353, 0.6445476328044566]
Iteration 147: [0.5792526882714095, 0.343803201384703, 0.32580653338101306, 0.9338935368829718, 0.6062539127258203, 0.5107556378062666, 0.3155041693110296, 0.6177374474490691, 0.6098542907457081, 0.5713831676117676, 0.49486742251600613, 0.5988156886299417, 0.28481574655043573, 0.6697614104026866, 0.15836816071697124, 0.6018518975286063, 0.5825447823665872, 0.2510658717757954, 0.6115315198658353, 0.6445476328044566]
Iteration 148: [0.5792526882714095, 0.343803201384703, 0.32580653338101306, 0.9338935368829718, 0.6062539127258203, 0.5107556378062666, 0.3155041693110296, 0.6177374474490691, 0.6098542907457081, 0.5713831676117676, 0.4742768093621355, 0.5988156886299417, 0.28481574655043573, 0.6697614104026866, 0.15836816071697124, 0.6018518975286063, 0.5825447823665872, 0.2510658717757954, 0.6115315198658353, 0.6445476328044566]
Iteration 149: [0.5723474626208184, 0.343803201384703, 0.32580653338101306, 0.9338935368829718, 0.6062539127258203, 0.5107556378062666, 0.3155041693110296, 0.6177374474490691, 0.6098542907457081, 0.5713831676117676, 0.4742768093621355, 0.5988156886299417, 0.28481574655043573, 0.6697614104026866, 0.15836816071697124, 0.6018518975286063, 0.5825447823665872, 0.2510658717757954, 0.6115315198658353, 0.6445476328044566]
Iteration 150: [0.5723474626208184, 0.343803201384703, 0.4869211653437127, 0.9338935368829718, 0.6062539127258203, 0.5107556378062666, 0.3155041693110296, 0.6177374474490691, 0.6098542907457081, 0.5713831676117676, 0.4742768093621355, 0.5988156886299417, 0.28481574655043573, 0.6697614104026866, 0.15836816071697124, 0.6018518975286063, 0.5825447823665872, 0.2510658717757954, 0.6124284142774571, 0.6445476328044566]
