There are 12 agents who believe in con
There are 5 agents who believe in pro
There are 3 agents who are neutral 

Iteration 1: [0.5306447216936458, 0.370410009782778, 0.5099309931972571, 0.35324110037197987, 0.5977903050690878, 0.39116933042577207, 0.2632173453514712, 0.5039190989469388, 0.11777457449076488, 0.41821626885173835, 0.5887656656991157, 0.48843161491361076, 0.1343117826260769, 0.4355694248524455, 0.553740917940551, 0.37968640743144216, 0.5176453815100621, 0.3149543979463539, 0.47177628366852714, 0.47933271333182376]
Iteration 2: [0.5306447216936458, 0.370410009782778, 0.5099309931972571, 0.35324110037197987, 0.5977903050690878, 0.39116933042577207, 0.2510235235444521, 0.5039190989469388, 0.11777457449076488, 0.41821626885173835, 0.5887656656991157, 0.48843161491361076, 0.1343117826260769, 0.4355694248524455, 0.553740917940551, 0.37968640743144216, 0.5176453815100621, 0.3149543979463539, 0.4882075530379446, 0.47933271333182376]
Iteration 3: [0.5306447216936458, 0.370410009782778, 0.5099309931972571, 0.35324110037197987, 0.5977903050690878, 0.39116933042577207, 0.12382734860533108, 0.5039190989469388, 0.11777457449076488, 0.41821626885173835, 0.5887656656991157, 0.4067487185716376, 0.1343117826260769, 0.4355694248524455, 0.553740917940551, 0.37968640743144216, 0.5176453815100621, 0.3149543979463539, 0.4882075530379446, 0.47933271333182376]
Iteration 4: [0.5306447216936458, 0.370410009782778, 0.5099309931972571, 0.35324110037197987, 0.5977903050690878, 0.4001309315624119, 0.12382734860533108, 0.5039190989469388, 0.11777457449076488, 0.41821626885173835, 0.5887656656991157, 0.4067487185716376, 0.1343117826260769, 0.4355694248524455, 0.553740917940551, 0.37968640743144216, 0.5176453815100621, 0.3149543979463539, 0.05994944614267977, 0.47933271333182376]
Iteration 5: [0.5306447216936458, 0.370410009782778, 0.5099309931972571, 0.35324110037197987, 0.5977903050690878, 0.4001309315624119, 0.12382734860533108, 0.5039190989469388, 0.11777457449076488, 0.29376438889475287, 0.5887656656991157, 0.4067487185716376, 0.1343117826260769, 0.4355694248524455, 0.553740917940551, 0.2253120296507656, 0.5176453815100621, 0.3149543979463539, 0.05994944614267977, 0.47933271333182376]
Iteration 6: [0.5306447216936458, 0.370410009782778, 0.5099309931972571, 0.35324110037197987, 0.5977903050690878, 0.4001309315624119, 0.12382734860533108, 0.5039190989469388, 0.11777457449076488, 0.29376438889475287, 0.5887656656991157, 0.4067487185716376, 0.415391206820883, 0.4355694248524455, 0.553740917940551, 0.4836171150562139, 0.5176453815100621, 0.3149543979463539, 0.05994944614267977, 0.47933271333182376]
Iteration 7: [0.5306447216936458, 0.370410009782778, 0.5099309931972571, 0.35324110037197987, 0.5977903050690878, 0.4001309315624119, 0.12382734860533108, 0.5039190989469388, 0.11777457449076488, 0.29376438889475287, 0.5887656656991157, 0.4067487185716376, 0.415391206820883, 0.5006554466893114, 0.553740917940551, 0.4836171150562139, 0.2698556961436931, 0.3149543979463539, 0.05994944614267977, 0.47933271333182376]
Iteration 8: [0.5306447216936458, 0.370410009782778, 0.29376375412181666, 0.35324110037197987, 0.034903876636058845, 0.4001309315624119, 0.12382734860533108, 0.5039190989469388, 0.11777457449076488, 0.29376438889475287, 0.5887656656991157, 0.4067487185716376, 0.415391206820883, 0.5006554466893114, 0.553740917940551, 0.4836171150562139, 0.2698556961436931, 0.3149543979463539, 0.05994944614267977, 0.47933271333182376]
Iteration 9: [0.5306447216936458, 0.370410009782778, 0.29376375412181666, 0.2791114016403858, 0.034903876636058845, 0.4001309315624119, 0.12382734860533108, 0.5039190989469388, 0.11777457449076488, 0.29376438889475287, 0.5887656656991157, 0.4067487185716376, 0.415391206820883, 0.5006554466893114, 0.553740917940551, 0.4836171150562139, 0.2698556961436931, 0.3149543979463539, 0.09548786292774922, 0.47933271333182376]
Iteration 10: [0.5306447216936458, 0.370410009782778, 0.29376375412181666, 0.2791114016403858, 0.034903876636058845, 0.4001309315624119, 0.12382734860533108, 0.5039190989469388, 0.11777457449076488, 0.29376438889475287, 0.5887656656991157, 0.4067487185716376, 0.415391206820883, 0.5006554466893114, 0.553740917940551, 0.4836171150562139, 0.11672483673489434, 0.3149543979463539, 0.09548786292774922, 0.559123038007295]
Iteration 11: [0.5306447216936458, 0.370410009782778, 0.29376375412181666, 0.2791114016403858, 0.034903876636058845, 0.4001309315624119, 0.12382734860533108, 0.5039190989469388, 0.11777457449076488, 0.29376438889475287, 0.5887656656991157, 0.4067487185716376, 0.415391206820883, 0.5006554466893114, 0.553740917940551, 0.1968147957188258, 0.11672483673489434, 0.3149543979463539, 0.09548786292774922, 0.559123038007295]
Iteration 12: [0.5306447216936458, 0.370410009782778, 0.29376375412181666, 0.2791114016403858, 0.034903876636058845, 0.4001309315624119, 0.12382734860533108, 0.5039190989469388, 0.11777457449076488, 0.29376438889475287, 0.5887656656991157, 0.4067487185716376, 0.415391206820883, 0.5006554466893114, 0.553740917940551, 0.25551560640627463, 0.11672483673489434, 0.3149543979463539, 0.09548786292774922, 0.559123038007295]
Iteration 13: [0.5306447216936458, 0.370410009782778, 0.29376375412181666, 0.2791114016403858, 0.034903876636058845, 0.4001309315624119, 0.12382734860533108, 0.11476094588284841, 0.12325915889147077, 0.29376438889475287, 0.5887656656991157, 0.4067487185716376, 0.415391206820883, 0.5006554466893114, 0.553740917940551, 0.25551560640627463, 0.11672483673489434, 0.3149543979463539, 0.09548786292774922, 0.559123038007295]
Iteration 14: [0.5306447216936458, 0.370410009782778, 0.29376375412181666, 0.2791114016403858, 0.034903876636058845, 0.4001309315624119, 0.12382734860533108, 0.11476094588284841, 0.12325915889147077, 0.29376438889475287, 0.5887656656991157, 0.4067487185716376, 0.415391206820883, 0.43693061317990495, 0.553740917940551, 0.25551560640627463, 0.11672483673489434, 0.3149543979463539, 0.09548786292774922, 0.559123038007295]
Iteration 15: [0.5306447216936458, 0.370410009782778, 0.40053298409904536, 0.2791114016403858, 0.034903876636058845, 0.4001309315624119, 0.09940539299991517, 0.11476094588284841, 0.12325915889147077, 0.29376438889475287, 0.5887656656991157, 0.4067487185716376, 0.415391206820883, 0.43693061317990495, 0.553740917940551, 0.25551560640627463, 0.11672483673489434, 0.3149543979463539, 0.09548786292774922, 0.559123038007295]
Iteration 16: [0.5306447216936458, 0.370410009782778, 0.40053298409904536, 0.2791114016403858, 0.4709856775970347, 0.4001309315624119, 0.09940539299991517, 0.11476094588284841, 0.12325915889147077, 0.29376438889475287, 0.5887656656991157, 0.4067487185716376, 0.415391206820883, 0.43693061317990495, 0.553740917940551, 0.25551560640627463, 0.11672483673489434, 0.28675233562285163, 0.09548786292774922, 0.559123038007295]
Iteration 17: [0.5306447216936458, 0.370410009782778, 0.40053298409904536, 0.2791114016403858, 0.4709856775970347, 0.4001309315624119, 0.09940539299991517, 0.11476094588284841, 0.12325915889147077, 0.29376438889475287, 0.5887656656991157, 0.4067487185716376, 0.415391206820883, 0.35608325396912843, 0.553740917940551, 0.25551560640627463, 0.11672483673489434, 0.28675233562285163, 0.09548786292774922, 0.559123038007295]
Iteration 18: [0.5306447216936458, 0.370410009782778, 0.40053298409904536, 0.2791114016403858, 0.4709856775970347, 0.4001309315624119, 0.09940539299991517, 0.11476094588284841, 0.12325915889147077, 0.29376438889475287, 0.5887656656991157, 0.42114206349531547, 0.415391206820883, 0.4570095896518053, 0.553740917940551, 0.25551560640627463, 0.11672483673489434, 0.28675233562285163, 0.09548786292774922, 0.559123038007295]
Iteration 19: [0.5306447216936458, 0.370410009782778, 0.40053298409904536, 0.2791114016403858, 0.4709856775970347, 0.4001309315624119, 0.08306431576375073, 0.11476094588284841, 0.12325915889147077, 0.29376438889475287, 0.5887656656991157, 0.42114206349531547, 0.415391206820883, 0.4570095896518053, 0.553740917940551, 0.25551560640627463, 0.11672483673489434, 0.370921687697423, 0.09548786292774922, 0.559123038007295]
Iteration 20: [0.5306447216936458, 0.43061448570601873, 0.40053298409904536, 0.2791114016403858, 0.4709856775970347, 0.4001309315624119, 0.08306431576375073, 0.11476094588284841, 0.12325915889147077, 0.29376438889475287, 0.5887656656991157, 0.42114206349531547, 0.13623037957158715, 0.4570095896518053, 0.553740917940551, 0.25551560640627463, 0.11672483673489434, 0.370921687697423, 0.09548786292774922, 0.559123038007295]
Iteration 21: [0.5306447216936458, 0.43061448570601873, 0.40053298409904536, 0.2791114016403858, 0.4709856775970347, 0.38130108892352865, 0.08306431576375073, 0.11476094588284841, 0.12325915889147077, 0.29376438889475287, 0.5887656656991157, 0.42114206349531547, 0.13623037957158715, 0.4570095896518053, 0.553740917940551, 0.25551560640627463, 0.11672483673489434, 0.47541573053461383, 0.09548786292774922, 0.559123038007295]
Iteration 22: [0.5306447216936458, 0.43061448570601873, 0.4481826910409742, 0.2791114016403858, 0.001546771011321023, 0.38130108892352865, 0.08306431576375073, 0.11476094588284841, 0.12325915889147077, 0.29376438889475287, 0.5887656656991157, 0.42114206349531547, 0.13623037957158715, 0.4570095896518053, 0.553740917940551, 0.25551560640627463, 0.11672483673489434, 0.47541573053461383, 0.09548786292774922, 0.559123038007295]
Iteration 23: [0.5306447216936458, 0.43061448570601873, 0.4481826910409742, 0.2791114016403858, 0.001546771011321023, 0.38130108892352865, 0.10618216208669914, 0.11476094588284841, 0.12325915889147077, 0.29376438889475287, 0.14616320908931088, 0.42114206349531547, 0.13623037957158715, 0.4570095896518053, 0.553740917940551, 0.25551560640627463, 0.11672483673489434, 0.47541573053461383, 0.09548786292774922, 0.559123038007295]
Iteration 24: [0.5306447216936458, 0.43061448570601873, 0.4481826910409742, 0.2791114016403858, 0.001546771011321023, 0.38130108892352865, 0.10618216208669914, 0.11476094588284841, 0.12325915889147077, 0.29376438889475287, 0.14616320908931088, 0.42114206349531547, 0.13623037957158715, 0.45034625797890526, 0.19366861762221374, 0.25551560640627463, 0.11672483673489434, 0.47541573053461383, 0.09548786292774922, 0.559123038007295]
Iteration 25: [0.4381142417724887, 0.43061448570601873, 0.4481826910409742, 0.2791114016403858, 0.001546771011321023, 0.38130108892352865, 0.10618216208669914, 0.11476094588284841, 0.12325915889147077, 0.29376438889475287, 0.14616320908931088, 0.42114206349531547, 0.13623037957158715, 0.45034625797890526, 0.18880607676293046, 0.25551560640627463, 0.11672483673489434, 0.47541573053461383, 0.09548786292774922, 0.559123038007295]
Iteration 26: [0.4381142417724887, 0.3545374064969693, 0.4481826910409742, 0.2791114016403858, 0.001546771011321023, 0.38130108892352865, 0.10618216208669914, 0.345804274926674, 0.12325915889147077, 0.29376438889475287, 0.14616320908931088, 0.42114206349531547, 0.13623037957158715, 0.45034625797890526, 0.18880607676293046, 0.25551560640627463, 0.11672483673489434, 0.47541573053461383, 0.09548786292774922, 0.559123038007295]
Iteration 27: [0.4381142417724887, 0.3545374064969693, 0.4481826910409742, 0.2791114016403858, 0.001546771011321023, 0.38130108892352865, 0.10618216208669914, 0.345804274926674, 0.12325915889147077, 0.29376438889475287, 0.14616320908931088, 0.42114206349531547, 0.13623037957158715, 0.18212531506553506, 0.18880607676293046, 0.25551560640627463, 0.1445465803943829, 0.47541573053461383, 0.09548786292774922, 0.559123038007295]
Iteration 28: [0.44758194591223244, 0.3545374064969693, 0.4481826910409742, 0.28106952859060413, 0.001546771011321023, 0.38130108892352865, 0.10618216208669914, 0.345804274926674, 0.12325915889147077, 0.29376438889475287, 0.14616320908931088, 0.42114206349531547, 0.13623037957158715, 0.18212531506553506, 0.18880607676293046, 0.25551560640627463, 0.1445465803943829, 0.47541573053461383, 0.09548786292774922, 0.559123038007295]
Iteration 29: [0.44758194591223244, 0.3545374064969693, 0.4481826910409742, 0.28106952859060413, 0.001546771011321023, 0.38130108892352865, 0.10618216208669914, 0.345804274926674, 0.12325915889147077, 0.29376438889475287, 0.14616320908931088, 0.42114206349531547, 0.13623037957158715, 0.18212531506553506, 0.18880607676293046, 0.25551560640627463, 0.1445465803943829, 0.47541573053461383, 0.09548786292774922, 0.5501941229846228]
Iteration 30: [0.44758194591223244, 0.32430257123497647, 0.4481826910409742, 0.28106952859060413, 0.001546771011321023, 0.38130108892352865, 0.10618216208669914, 0.14335780492995603, 0.12325915889147077, 0.29376438889475287, 0.14616320908931088, 0.42114206349531547, 0.13623037957158715, 0.18212531506553506, 0.18880607676293046, 0.25551560640627463, 0.1445465803943829, 0.47541573053461383, 0.09548786292774922, 0.5501941229846228]
Iteration 31: [0.44758194591223244, 0.32430257123497647, 0.4481826910409742, 0.28106952859060413, 0.001546771011321023, 0.38130108892352865, 0.10618216208669914, 0.14335780492995603, 0.12325915889147077, 0.29376438889475287, 0.1969428500886782, 0.42114206349531547, 0.13623037957158715, 0.18212531506553506, 0.18880607676293046, 0.25551560640627463, 0.1445465803943829, 0.47541573053461383, 0.09548786292774922, 0.5501941229846228]
Iteration 32: [0.44758194591223244, 0.32430257123497647, 0.39774786803383366, 0.28106952859060413, 0.001546771011321023, 0.388722441942173, 0.10618216208669914, 0.14335780492995603, 0.12325915889147077, 0.29376438889475287, 0.1969428500886782, 0.42114206349531547, 0.13623037957158715, 0.18212531506553506, 0.18880607676293046, 0.25551560640627463, 0.1445465803943829, 0.47541573053461383, 0.09548786292774922, 0.5501941229846228]
Iteration 33: [0.44758194591223244, 0.32430257123497647, 0.39774786803383366, 0.28106952859060413, 0.001546771011321023, 0.388722441942173, 0.07495917937221183, 0.14335780492995603, 0.12325915889147077, 0.29376438889475287, 0.1969428500886782, 0.42114206349531547, 0.13623037957158715, 0.18212531506553506, 0.18880607676293046, 0.25551560640627463, 0.1445465803943829, 0.9871952094393182, 0.09548786292774922, 0.5501941229846228]
Iteration 34: [0.44758194591223244, 0.32430257123497647, 0.39774786803383366, 0.28106952859060413, 0.001546771011321023, 0.3767524604790639, 0.07495917937221183, 0.14335780492995603, 0.12325915889147077, 0.29376438889475287, 0.1969428500886782, 0.42114206349531547, 0.13623037957158715, 0.18212531506553506, 0.18880607676293046, 0.25551560640627463, 0.15447166861129044, 0.9871952094393182, 0.09548786292774922, 0.5501941229846228]
Iteration 35: [0.20237569254149262, 0.32430257123497647, 0.39774786803383366, 0.28106952859060413, 0.001546771011321023, 0.3767524604790639, 0.07495917937221183, 0.14335780492995603, 0.12325915889147077, 0.29376438889475287, 0.1969428500886782, 0.42114206349531547, 0.13623037957158715, 0.18212531506553506, 0.5274944620960854, 0.25551560640627463, 0.15447166861129044, 0.9871952094393182, 0.09548786292774922, 0.5501941229846228]
Iteration 36: [0.20237569254149262, 0.41991399629420106, 0.39774786803383366, 0.28106952859060413, 0.001546771011321023, 0.3767524604790639, 0.07495917937221183, 0.14335780492995603, 0.12325915889147077, 0.29376438889475287, 0.1969428500886782, 0.42114206349531547, 0.13623037957158715, 0.18212531506553506, 0.5274944620960854, 0.25551560640627463, 0.1729350442588719, 0.9871952094393182, 0.09548786292774922, 0.5501941229846228]
Iteration 37: [0.20237569254149262, 0.41991399629420106, 0.39774786803383366, 0.28106952859060413, 0.001546771011321023, 0.3767524604790639, 0.07495917937221183, 0.14335780492995603, 0.12325915889147077, 0.23983148130741452, 0.1969428500886782, 0.42114206349531547, 0.13623037957158715, 0.18212531506553506, 0.6943720167054557, 0.25551560640627463, 0.1729350442588719, 0.9871952094393182, 0.09548786292774922, 0.5501941229846228]
Iteration 38: [0.20739917502976976, 0.41991399629420106, 0.39774786803383366, 0.28106952859060413, 0.001546771011321023, 0.3767524604790639, 0.07495917937221183, 0.14335780492995603, 0.12325915889147077, 0.23983148130741452, 0.1969428500886782, 0.42114206349531547, 0.13623037957158715, 0.18212531506553506, 0.6342408401423648, 0.25551560640627463, 0.1729350442588719, 0.9871952094393182, 0.09548786292774922, 0.5501941229846228]
Iteration 39: [0.20739917502976976, 0.41991399629420106, 0.39774786803383366, 0.28106952859060413, 0.001546771011321023, 0.3767524604790639, 0.07495917937221183, 0.14335780492995603, 0.12325915889147077, 0.23983148130741452, 0.1969428500886782, 0.42114206349531547, 0.13623037957158715, 0.18212531506553506, 0.6342408401423648, 0.25551560640627463, 0.1729350442588719, 0.34839541580310546, 0.3144258527815737, 0.5501941229846228]
Iteration 40: [0.20739917502976976, 0.41991399629420106, 0.39774786803383366, 0.28106952859060413, 0.001546771011321023, 0.3767524604790639, 0.07495917937221183, 0.14335780492995603, 0.12325915889147077, 0.23983148130741452, 0.1969428500886782, 0.42114206349531547, 0.13623037957158715, 0.18212531506553506, 0.640028819763939, 0.25551560640627463, 0.1729350442588719, 0.34839541580310546, 0.45482387866621116, 0.5501941229846228]
Iteration 41: [0.20739917502976976, 0.41991399629420106, 0.39774786803383366, 0.28106952859060413, 0.001546771011321023, 0.3767524604790639, 0.07495917937221183, 0.14335780492995603, 0.12325915889147077, 0.23983148130741452, 0.1969428500886782, 0.42114206349531547, 0.1290889350902048, 0.18212531506553506, 0.640028819763939, 0.25551560640627463, 0.24027834981302787, 0.34839541580310546, 0.45482387866621116, 0.5501941229846228]
Iteration 42: [0.20739917502976976, 0.41991399629420106, 0.39774786803383366, 0.28106952859060413, 0.001546771011321023, 0.3767524604790639, 0.07495917937221183, 0.14335780492995603, 0.12325915889147077, 0.23983148130741452, 0.1969428500886782, 0.42114206349531547, 0.1275372884367413, 0.18212531506553506, 0.640028819763939, 0.25551560640627463, 0.24004811028414427, 0.34839541580310546, 0.45482387866621116, 0.5501941229846228]
Iteration 43: [0.20739917502976976, 0.41991399629420106, 0.39774786803383366, 0.28106952859060413, 0.001546771011321023, 0.3767524604790639, 0.07495917937221183, 0.14335780492995603, 0.12325915889147077, 0.23983148130741452, 0.1969428500886782, 0.42114206349531547, 0.1275372884367413, 0.18212531506553506, 0.640028819763939, 0.25551560640627463, 0.24493038214342297, 0.34839541580310546, 0.45482387866621116, 0.5506672375813031]
Iteration 44: [0.20739917502976976, 0.41991399629420106, 0.1927084143287354, 0.28106952859060413, 0.001546771011321023, 0.3767524604790639, 0.07495917937221183, 0.14335780492995603, 0.12325915889147077, 0.23983148130741452, 0.1969428500886782, 0.42114206349531547, 0.1275372884367413, 0.18212531506553506, 0.640028819763939, 0.25551560640627463, 0.24493038214342297, 0.4306521006356007, 0.45482387866621116, 0.5506672375813031]
Iteration 45: [0.20739917502976976, 0.41991399629420106, 0.1927084143287354, 0.28106952859060413, 0.5812941759518069, 0.3767524604790639, 0.07495917937221183, 0.14335780492995603, 0.12325915889147077, 0.23983148130741452, 0.1969428500886782, 0.42114206349531547, 0.1275372884367413, 0.18212531506553506, 0.640028819763939, 0.25551560640627463, 0.24493038214342297, 0.4306521006356007, 0.45482387866621116, 0.5560993716950068]
Iteration 46: [0.20739917502976976, 0.41991399629420106, 0.1927084143287354, 0.34429627338183094, 0.5812941759518069, 0.3767524604790639, 0.07495917937221183, 0.14335780492995603, 0.12325915889147077, 0.23983148130741452, 0.1969428500886782, 0.42114206349531547, 0.1275372884367413, 0.18212531506553506, 0.640028819763939, 0.21827523868276905, 0.24493038214342297, 0.4306521006356007, 0.45482387866621116, 0.5560993716950068]
Iteration 47: [0.20739917502976976, 0.41991399629420106, 0.1927084143287354, 0.34429627338183094, 0.5812941759518069, 0.3767524604790639, 0.10034885009147322, 0.14335780492995603, 0.12325915889147077, 0.23983148130741452, 0.1969428500886782, 0.42114206349531547, 0.1275372884367413, 0.18212531506553506, 0.640028819763939, 0.21827523868276905, 0.20973603688228884, 0.4306521006356007, 0.45482387866621116, 0.5560993716950068]
Iteration 48: [0.20739917502976976, 0.41991399629420106, 0.1927084143287354, 0.2755056458286156, 0.5812941759518069, 0.3767524604790639, 0.06945917404490608, 0.14335780492995603, 0.12325915889147077, 0.23983148130741452, 0.1969428500886782, 0.42114206349531547, 0.1275372884367413, 0.18212531506553506, 0.640028819763939, 0.21827523868276905, 0.20973603688228884, 0.4306521006356007, 0.45482387866621116, 0.5560993716950068]
Iteration 49: [0.20739917502976976, 0.41991399629420106, 0.1927084143287354, 0.2755056458286156, 0.6339982128321825, 0.3767524604790639, 0.06945917404490608, 0.14335780492995603, 0.12325915889147077, 0.23983148130741452, 0.1969428500886782, 0.42114206349531547, 0.1275372884367413, 0.18212531506553506, 0.640028819763939, 0.21827523868276905, 0.20319498900150929, 0.4306521006356007, 0.45482387866621116, 0.5560993716950068]
Iteration 50: [0.20739917502976976, 0.41991399629420106, 0.1927084143287354, 0.2755056458286156, 0.6339982128321825, 0.3767524604790639, 0.06945917404490608, 0.14335780492995603, 0.12325915889147077, 0.2212982968834908, 0.1969428500886782, 0.42114206349531547, 0.1275372884367413, 0.18212531506553506, 0.640028819763939, 0.21827523868276905, 0.20319498900150929, 0.4306521006356007, 0.45482387866621116, 0.5418610518288605]
Iteration 51: [0.20739917502976976, 0.41991399629420106, 0.1927084143287354, 0.2755056458286156, 0.6339982128321825, 0.3767524604790639, 0.06945917404490608, 0.1656060930577709, 0.12325915889147077, 0.2212982968834908, 0.1969428500886782, 0.16189415664892287, 0.1275372884367413, 0.18212531506553506, 0.640028819763939, 0.21827523868276905, 0.20319498900150929, 0.4306521006356007, 0.45482387866621116, 0.5418610518288605]
Iteration 52: [0.20739917502976976, 0.4456894577258945, 0.1927084143287354, 0.2755056458286156, 0.6339982128321825, 0.3767524604790639, 0.06945917404490608, 0.1656060930577709, 0.12325915889147077, 0.2212982968834908, 0.1969428500886782, 0.16189415664892287, 0.1275372884367413, 0.18212531506553506, 0.640028819763939, 0.2470116838713325, 0.20319498900150929, 0.4306521006356007, 0.45482387866621116, 0.5418610518288605]
Iteration 53: [0.20739917502976976, 0.4456894577258945, 0.1927084143287354, 0.2755056458286156, 0.6339982128321825, 0.3767524604790639, 0.06945917404490608, 0.1656060930577709, 0.12325915889147077, 0.2212982968834908, 0.1969428500886782, 0.16189415664892287, 0.1275372884367413, 0.18212531506553506, 0.640028819763939, 0.2470116838713325, 0.20319498900150929, 0.4306521006356007, 0.5434168001819649, 0.5418610518288605]
Iteration 54: [0.20739917502976976, 0.4456894577258945, 0.1927084143287354, 0.2755056458286156, 0.6339982128321825, 0.3767524604790639, 0.06945917404490608, 0.1656060930577709, 0.1562745798293057, 0.2212982968834908, 0.1969428500886782, 0.16189415664892287, 0.3001381212129517, 0.18212531506553506, 0.640028819763939, 0.2470116838713325, 0.20319498900150929, 0.4306521006356007, 0.5434168001819649, 0.5418610518288605]
Iteration 55: [0.20739917502976976, 0.4456894577258945, 0.1927084143287354, 0.2755056458286156, 0.6339982128321825, 0.3767524604790639, 0.06945917404490608, 0.1656060930577709, 0.1562745798293057, 0.2212982968834908, 0.1969428500886782, 0.16189415664892287, 0.3001381212129517, 0.20374190391713512, 0.640028819763939, 0.2470116838713325, 0.20319498900150929, 0.4306521006356007, 0.5434168001819649, 0.23633740468392928]
Iteration 56: [0.20739917502976976, 0.4456894577258945, 0.1927084143287354, 0.2755056458286156, 0.6339982128321825, 0.3767524604790639, 0.06945917404490608, 0.1656060930577709, 0.1562745798293057, 0.2212982968834908, 0.1969428500886782, 0.16189415664892287, 0.29354336271738696, 0.20374190391713512, 0.6108890013800401, 0.2470116838713325, 0.20319498900150929, 0.4306521006356007, 0.5434168001819649, 0.23633740468392928]
Iteration 57: [0.20739917502976976, 0.4456894577258945, 0.1927084143287354, 0.2755056458286156, 0.6339982128321825, 0.3767524604790639, 0.06945917404490608, 0.1656060930577709, 0.1562745798293057, 0.2212982968834908, 0.1969428500886782, 0.16189415664892287, 0.3456255895405856, 0.2519914462575105, 0.6108890013800401, 0.2470116838713325, 0.20319498900150929, 0.4306521006356007, 0.5434168001819649, 0.23633740468392928]
Iteration 58: [0.20739917502976976, 0.4456894577258945, 0.1927084143287354, 0.2755056458286156, 0.6339982128321825, 0.3767524604790639, 0.06945917404490608, 0.1656060930577709, 0.17533801958896006, 0.2212982968834908, 0.1969428500886782, 0.16189415664892287, 0.3456255895405856, 0.2519914462575105, 0.6108890013800401, 0.24053280279167036, 0.20319498900150929, 0.4306521006356007, 0.5434168001819649, 0.23633740468392928]
Iteration 59: [0.20739917502976976, 0.4456894577258945, 0.1927084143287354, 0.2755056458286156, 0.6339982128321825, 0.3767524604790639, 0.06945917404490608, 0.1656060930577709, 0.17533801958896006, 0.2212982968834908, 0.1969428500886782, 0.16189415664892287, 0.3456255895405856, 0.4993241483059054, 0.6108890013800401, 0.24053280279167036, 0.20319498900150929, 0.4306521006356007, 0.5434168001819649, 0.23633740468392928]
Iteration 60: [0.20739917502976976, 0.4456894577258945, 0.1927084143287354, 0.2755056458286156, 0.3076995768387925, 0.3739096146511645, 0.06945917404490608, 0.1656060930577709, 0.17533801958896006, 0.2212982968834908, 0.1969428500886782, 0.16189415664892287, 0.3456255895405856, 0.4993241483059054, 0.6108890013800401, 0.24053280279167036, 0.20319498900150929, 0.4306521006356007, 0.5434168001819649, 0.23633740468392928]
Iteration 61: [0.20739917502976976, 0.4456894577258945, 0.1927084143287354, 0.2755056458286156, 0.3167500595963783, 0.3739096146511645, 0.06945917404490608, 0.1656060930577709, 0.17533801958896006, 0.2212982968834908, 0.1969428500886782, 0.16189415664892287, 0.3456255895405856, 0.4993241483059054, 0.6108890013800401, 0.24053280279167036, 0.23926907603726752, 0.4306521006356007, 0.5434168001819649, 0.23633740468392928]
Iteration 62: [0.20739917502976976, 0.4456894577258945, 0.1927084143287354, 0.2755056458286156, 0.3167500595963783, 0.0022047637262395613, 0.06945917404490608, 0.1656060930577709, 0.17533801958896006, 0.2212982968834908, 0.1969428500886782, 0.16189415664892287, 0.3456255895405856, 0.4993241483059054, 0.6108890013800401, 0.24053280279167036, 0.23926907603726752, 0.4306521006356007, 0.5434168001819649, 0.23633740468392928]
Iteration 63: [0.20739917502976976, 0.4456894577258945, 0.1927084143287354, 0.2755056458286156, 0.3167500595963783, 0.0022047637262395613, 0.12700398104562974, 0.1656060930577709, 0.17533801958896006, 0.2212982968834908, 0.2611280386527689, 0.16189415664892287, 0.3456255895405856, 0.4993241483059054, 0.6108890013800401, 0.24053280279167036, 0.23926907603726752, 0.4306521006356007, 0.5434168001819649, 0.23633740468392928]
Iteration 64: [0.20739917502976976, 0.4456894577258945, 0.1927084143287354, 0.2755056458286156, 0.3167500595963783, 0.0022047637262395613, 0.12700398104562974, 0.1802461674442499, 0.17533801958896006, 0.2212982968834908, 0.2611280386527689, 0.16189415664892287, 0.3456255895405856, 0.4993241483059054, 0.6108890013800401, 0.24053280279167036, 0.14158944876424318, 0.4306521006356007, 0.5434168001819649, 0.23633740468392928]
Iteration 65: [0.20739917502976976, 0.4456894577258945, 0.1927084143287354, 0.2755056458286156, 0.3167500595963783, 0.0022047637262395613, 0.12700398104562974, 0.1802461674442499, 0.17533801958896006, 0.2212982968834908, 0.2611280386527689, 0.16189415664892287, 0.3456255895405856, 0.4993241483059054, 0.6194930500308544, 0.24053280279167036, 0.14158944876424318, 0.4306521006356007, 0.5434168001819649, 0.23633740468392928]
Iteration 66: [0.20739917502976976, 0.4456894577258945, 0.1927084143287354, 0.2755056458286156, 0.3167500595963783, 0.0022047637262395613, 0.12700398104562974, 0.1802461674442499, 0.17533801958896006, 0.2212982968834908, 0.2611280386527689, 0.2525716969770522, 0.3456255895405856, 0.4993241483059054, 0.6194930500308544, 0.24053280279167036, 0.14158944876424318, 0.4306521006356007, 0.5434168001819649, 0.27401594506899823]
Iteration 67: [0.20739917502976976, 0.4456894577258945, 0.1927084143287354, 0.2755056458286156, 0.3167500595963783, 0.0022047637262395613, 0.12700398104562974, 0.1802461674442499, 0.17533801958896006, 0.2212982968834908, 0.2155003824075169, 0.2525716969770522, 0.3456255895405856, 0.4993241483059054, 0.5536852532580134, 0.24053280279167036, 0.14158944876424318, 0.4306521006356007, 0.5434168001819649, 0.27401594506899823]
Iteration 68: [0.590403705090114, 0.4456894577258945, 0.1927084143287354, 0.2755056458286156, 0.3167500595963783, 0.0022047637262395613, 0.12700398104562974, 0.1802461674442499, 0.17533801958896006, 0.2212982968834908, 0.2155003824075169, 0.2525716969770522, 0.3456255895405856, 0.4993241483059054, 0.5536852532580134, 0.24053280279167036, 0.14158944876424318, 0.11159708578147172, 0.5434168001819649, 0.27401594506899823]
Iteration 69: [0.590403705090114, 0.4456894577258945, 0.1927084143287354, 0.2755056458286156, 0.3167500595963783, 0.0022047637262395613, 0.12700398104562974, 0.2589149516741089, 0.17533801958896006, 0.2212982968834908, 0.2155003824075169, 0.2525716969770522, 0.09431268660889103, 0.4993241483059054, 0.5536852532580134, 0.24053280279167036, 0.14158944876424318, 0.11159708578147172, 0.5434168001819649, 0.27401594506899823]
Iteration 70: [0.590403705090114, 0.4456894577258945, 0.1927084143287354, 0.2755056458286156, 0.3167500595963783, 0.0022047637262395613, 0.12700398104562974, 0.2589149516741089, 0.17533801958896006, 0.2212982968834908, 0.22111037589940774, 0.2525716969770522, 0.09431268660889103, 0.4993241483059054, 0.5536852532580134, 0.24053280279167036, 0.14158944876424318, 0.11159708578147172, 0.5101585314748598, 0.27401594506899823]
Iteration 71: [0.6854256122672481, 0.4456894577258945, 0.1927084143287354, 0.2755056458286156, 0.3167500595963783, 0.0022047637262395613, 0.12700398104562974, 0.2589149516741089, 0.17533801958896006, 0.20802789711683503, 0.22111037589940774, 0.2525716969770522, 0.09431268660889103, 0.4993241483059054, 0.5536852532580134, 0.24053280279167036, 0.14158944876424318, 0.11159708578147172, 0.5101585314748598, 0.27401594506899823]
Iteration 72: [0.6854256122672481, 0.4456894577258945, 0.1927084143287354, 0.2755056458286156, 0.3167500595963783, 0.0022047637262395613, 0.12700398104562974, 0.2589149516741089, 0.17533801958896006, 0.20802789711683503, 0.22111037589940774, 0.2525716969770522, 0.09431268660889103, 0.4993241483059054, 0.5536852532580134, 0.17957694017221307, 0.14158944876424318, 0.16386988094905236, 0.5101585314748598, 0.27401594506899823]
Iteration 73: [0.6854256122672481, 0.4456894577258945, 0.1927084143287354, 0.2755056458286156, 0.3167500595963783, 0.0022047637262395613, 0.12700398104562974, 0.2589149516741089, 0.17533801958896006, 0.20802789711683503, 0.08830281052535971, 0.9920982655097211, 0.09431268660889103, 0.4993241483059054, 0.5536852532580134, 0.17957694017221307, 0.14158944876424318, 0.16386988094905236, 0.5101585314748598, 0.27401594506899823]
Iteration 74: [0.6854256122672481, 0.4456894577258945, 0.1927084143287354, 0.2755056458286156, 0.3167500595963783, 0.0022047637262395613, 0.12700398104562974, 0.2589149516741089, 0.17533801958896006, 0.20802789711683503, 0.08830281052535971, 0.2839260446425634, 0.09431268660889103, 0.4993241483059054, 0.5536852532580134, 0.21392966409588746, 0.14158944876424318, 0.16386988094905236, 0.5101585314748598, 0.27401594506899823]
Iteration 75: [0.6854256122672481, 0.4456894577258945, 0.1927084143287354, 0.2755056458286156, 0.3167500595963783, 0.0022047637262395613, 0.12700398104562974, 0.2589149516741089, 0.17533801958896006, 0.20802789711683503, 0.08830281052535971, 0.2839260446425634, 0.09431268660889103, 0.4993241483059054, 0.5536852532580134, 0.21392966409588746, 0.12991687239422225, 0.16386988094905236, 0.20208580989340874, 0.27401594506899823]
Iteration 76: [0.6854256122672481, 0.4456894577258945, 0.1927084143287354, 0.2755056458286156, 0.3167500595963783, 0.0022047637262395613, 0.12700398104562974, 0.2589149516741089, 0.17533801958896006, 0.20802789711683503, 0.0017253832338569937, 0.2839260446425634, 0.09431268660889103, 0.4993241483059054, 0.5536852532580134, 0.21392966409588746, 0.12991687239422225, 0.16386988094905236, 0.20208580989340874, 0.6796856038960215]
Iteration 77: [0.6854256122672481, 0.4456894577258945, 0.1927084143287354, 0.2755056458286156, 0.3167500595963783, 0.0022047637262395613, 0.12700398104562974, 0.2589149516741089, 0.17533801958896006, 0.20802789711683503, 0.0017253832338569937, 0.2839260446425634, 0.09431268660889103, 0.4993241483059054, 0.5536852532580134, 0.21392966409588746, 0.12991687239422225, 0.16386988094905236, 0.20208580989340874, 0.34145248576934184]
Iteration 78: [0.6854256122672481, 0.4374975477630271, 0.13858568293839535, 0.2755056458286156, 0.3167500595963783, 0.0022047637262395613, 0.12700398104562974, 0.2589149516741089, 0.17533801958896006, 0.20802789711683503, 0.0017253832338569937, 0.2839260446425634, 0.09431268660889103, 0.4993241483059054, 0.5536852532580134, 0.21392966409588746, 0.12991687239422225, 0.16386988094905236, 0.20208580989340874, 0.34145248576934184]
Iteration 79: [0.6854256122672481, 0.4374975477630271, 0.13858568293839535, 0.2755056458286156, 0.3167500595963783, 0.0022047637262395613, 0.12700398104562974, 0.2589149516741089, 0.17533801958896006, 0.20912436465099218, 0.0017253832338569937, 0.2839260446425634, 0.1318549137558445, 0.4993241483059054, 0.5536852532580134, 0.21392966409588746, 0.12991687239422225, 0.16386988094905236, 0.20208580989340874, 0.34145248576934184]
Iteration 80: [0.6854256122672481, 0.4374975477630271, 0.13858568293839535, 0.2755056458286156, 0.3167500595963783, 0.0022047637262395613, 0.12700398104562974, 0.2589149516741089, 0.17533801958896006, 0.20912436465099218, 0.0017253832338569937, 0.2839260446425634, 0.39628112143629296, 0.4993241483059054, 0.5536852532580134, 0.21545831911396227, 0.12991687239422225, 0.16386988094905236, 0.20208580989340874, 0.34145248576934184]
Iteration 81: [0.6854256122672481, 0.17412939933964808, 0.13858568293839535, 0.2755056458286156, 0.3167500595963783, 0.0022047637262395613, 0.366786886025941, 0.2589149516741089, 0.17533801958896006, 0.20912436465099218, 0.0017253832338569937, 0.2839260446425634, 0.39628112143629296, 0.4993241483059054, 0.5536852532580134, 0.21545831911396227, 0.12991687239422225, 0.16386988094905236, 0.20208580989340874, 0.34145248576934184]
Iteration 82: [0.6854256122672481, 0.17412939933964808, 0.13858568293839535, 0.2755056458286156, 0.3167500595963783, 0.0022047637262395613, 0.366786886025941, 0.2589149516741089, 0.17533801958896006, 0.20912436465099218, 0.0017253832338569937, 0.2839260446425634, 0.39628112143629296, 0.4993241483059054, 0.6307948673497275, 0.21545831911396227, 0.12991687239422225, 0.16386988094905236, 0.20208580989340874, 0.34145248576934184]
Iteration 83: [0.6854256122672481, 0.17412939933964808, 0.13858568293839535, 0.2755056458286156, 0.3167500595963783, 0.46152836528158014, 0.366786886025941, 0.2589149516741089, 0.17533801958896006, 0.20912436465099218, 0.0017253832338569937, 0.2839260446425634, 0.19648774754646328, 0.4993241483059054, 0.6307948673497275, 0.21545831911396227, 0.12991687239422225, 0.16386988094905236, 0.20208580989340874, 0.34145248576934184]
Iteration 84: [0.6854256122672481, 0.17412939933964808, 0.13858568293839535, 0.3248245534294211, 0.27366165562581435, 0.46152836528158014, 0.366786886025941, 0.2589149516741089, 0.17533801958896006, 0.20912436465099218, 0.0017253832338569937, 0.2839260446425634, 0.19648774754646328, 0.4993241483059054, 0.6307948673497275, 0.21545831911396227, 0.12991687239422225, 0.16386988094905236, 0.20208580989340874, 0.34145248576934184]
Iteration 85: [0.6854256122672481, 0.17412939933964808, 0.13858568293839535, 0.16256261947898587, 0.6499483319920201, 0.46152836528158014, 0.366786886025941, 0.2589149516741089, 0.17533801958896006, 0.20912436465099218, 0.0017253832338569937, 0.2839260446425634, 0.19648774754646328, 0.4993241483059054, 0.6307948673497275, 0.21545831911396227, 0.12991687239422225, 0.16386988094905236, 0.20208580989340874, 0.34145248576934184]
Iteration 86: [0.6854256122672481, 0.17960029574826059, 0.13858568293839535, 0.18331765667844405, 0.6499483319920201, 0.46152836528158014, 0.366786886025941, 0.2589149516741089, 0.17533801958896006, 0.20912436465099218, 0.0017253832338569937, 0.2839260446425634, 0.19648774754646328, 0.4993241483059054, 0.6307948673497275, 0.21545831911396227, 0.12991687239422225, 0.16386988094905236, 0.20208580989340874, 0.34145248576934184]
Iteration 87: [0.7245299710107496, 0.22061346088514858, 0.13858568293839535, 0.18331765667844405, 0.6499483319920201, 0.46152836528158014, 0.366786886025941, 0.2589149516741089, 0.17533801958896006, 0.20912436465099218, 0.0017253832338569937, 0.2839260446425634, 0.19648774754646328, 0.4993241483059054, 0.6307948673497275, 0.21545831911396227, 0.12991687239422225, 0.16386988094905236, 0.20208580989340874, 0.34145248576934184]
Iteration 88: [0.7245299710107496, 0.22061346088514858, 0.13858568293839535, 0.18331765667844405, 0.6499483319920201, 0.46152836528158014, 0.366786886025941, 0.2589149516741089, 0.17533801958896006, 0.20912436465099218, 0.0017253832338569937, 0.2839260446425634, 0.19648774754646328, 0.4993241483059054, 0.6307948673497275, 0.21545831911396227, 0.12991687239422225, 0.16386988094905236, 0.9920181130955806, 0.34145248576934184]
Iteration 89: [0.7245299710107496, 0.22061346088514858, 0.13858568293839535, 0.18331765667844405, 0.32470797349246, 0.46152836528158014, 0.366786886025941, 0.2589149516741089, 0.17533801958896006, 0.20912436465099218, 0.0017253832338569937, 0.6284050143347656, 0.19648774754646328, 0.4993241483059054, 0.6307948673497275, 0.21545831911396227, 0.12991687239422225, 0.16386988094905236, 0.9920181130955806, 0.34145248576934184]
Iteration 90: [0.7245299710107496, 0.22061346088514858, 0.13858568293839535, 0.18331765667844405, 0.32470797349246, 0.46152836528158014, 0.366786886025941, 0.2589149516741089, 0.17533801958896006, 0.20912436465099218, 0.0017253832338569937, 0.6284050143347656, 0.19648774754646328, 0.4993241483059054, 0.6307948673497275, 0.2313880559797279, 0.161915306373988, 0.16386988094905236, 0.9920181130955806, 0.34145248576934184]
Iteration 91: [0.7245299710107496, 0.22061346088514858, 0.13858568293839535, 0.18331765667844405, 0.32470797349246, 0.46152836528158014, 0.366786886025941, 0.2589149516741089, 0.17533801958896006, 0.20912436465099218, 0.0017253832338569937, 0.6284050143347656, 0.19648774754646328, 0.2413994387367555, 0.6307948673497275, 0.2313880559797279, 0.161915306373988, 0.16386988094905236, 0.9920181130955806, 0.34145248576934184]
Iteration 92: [0.7245299710107496, 0.22061346088514858, 0.24106613081962838, 0.18331765667844405, 0.32470797349246, 0.46152836528158014, 0.366786886025941, 0.2589149516741089, 0.17533801958896006, 0.20912436465099218, 0.0017253832338569937, 0.6284050143347656, 0.19648774754646328, 0.2413994387367555, 0.6307948673497275, 0.2314204422269302, 0.161915306373988, 0.16386988094905236, 0.9920181130955806, 0.34145248576934184]
Iteration 93: [0.704930462403555, 0.22061346088514858, 0.24106613081962838, 0.18331765667844405, 0.31081480246306825, 0.46152836528158014, 0.366786886025941, 0.2589149516741089, 0.17533801958896006, 0.20912436465099218, 0.0017253832338569937, 0.6284050143347656, 0.19648774754646328, 0.2413994387367555, 0.6307948673497275, 0.2314204422269302, 0.161915306373988, 0.16386988094905236, 0.9920181130955806, 0.34145248576934184]
Iteration 94: [0.704930462403555, 0.22061346088514858, 0.24106613081962838, 0.23044051114360734, 0.31081480246306825, 0.46152836528158014, 0.366786886025941, 0.2589149516741089, 0.17533801958896006, 0.20912436465099218, 0.0017253832338569937, 0.6284050143347656, 0.19648774754646328, 0.2413994387367555, 0.6307948673497275, 0.2314204422269302, 0.14611001416293384, 0.16386988094905236, 0.9920181130955806, 0.34145248576934184]
Iteration 95: [0.704930462403555, 0.22061346088514858, 0.24106613081962838, 0.23044051114360734, 0.31081480246306825, 0.46152836528158014, 0.366786886025941, 0.2648884965853979, 0.17533801958896006, 0.20912436465099218, 0.0017253832338569937, 0.6284050143347656, 0.19648774754646328, 0.2413994387367555, 0.6307948673497275, 0.25654780904117014, 0.14611001416293384, 0.16386988094905236, 0.9920181130955806, 0.34145248576934184]
Iteration 96: [0.704930462403555, 0.22061346088514858, 0.24106613081962838, 0.23044051114360734, 0.31081480246306825, 0.46152836528158014, 0.366786886025941, 0.562800751860211, 0.17533801958896006, 0.20912436465099218, 0.0017253832338569937, 0.6284050143347656, 0.2492798078852714, 0.2413994387367555, 0.6307948673497275, 0.25654780904117014, 0.14611001416293384, 0.16386988094905236, 0.9920181130955806, 0.34145248576934184]
Iteration 97: [0.704930462403555, 0.22061346088514858, 0.24106613081962838, 0.23044051114360734, 0.31081480246306825, 0.21952940551386155, 0.366786886025941, 0.562800751860211, 0.17533801958896006, 0.20912436465099218, 0.0017253832338569937, 0.6284050143347656, 0.2492798078852714, 0.2413994387367555, 0.6307948673497275, 0.2339749955784517, 0.14611001416293384, 0.16386988094905236, 0.9920181130955806, 0.34145248576934184]
Iteration 98: [0.704930462403555, 0.22061346088514858, 0.24106613081962838, 0.23044051114360734, 0.31081480246306825, 0.21952940551386155, 0.366786886025941, 0.562800751860211, 0.17533801958896006, 0.20912436465099218, 0.0017253832338569937, 0.6284050143347656, 0.2492798078852714, 0.24971856443814866, 0.6307948673497275, 0.2339749955784517, 0.14611001416293384, 0.16386988094905236, 0.9920181130955806, 0.24037200176955478]
Iteration 99: [0.704930462403555, 0.22061346088514858, 0.24106613081962838, 0.23044051114360734, 0.31081480246306825, 0.21952940551386155, 0.366786886025941, 0.562800751860211, 0.17533801958896006, 0.20912436465099218, 0.0017253832338569937, 0.6284050143347656, 0.2492798078852714, 0.24971856443814866, 0.6307948673497275, 0.2339749955784517, 0.14611001416293384, 0.16386988094905236, 0.9920181130955806, 0.2868836103630376]
Iteration 100: [0.704930462403555, 0.22061346088514858, 0.24106613081962838, 0.23044051114360734, 0.31081480246306825, 0.20580554555032873, 0.366786886025941, 0.562800751860211, 0.17533801958896006, 0.20912436465099218, 0.0017253832338569937, 0.6284050143347656, 0.2492798078852714, 0.24971856443814866, 0.6307948673497275, 0.2339749955784517, 0.14611001416293384, 0.16386988094905236, 0.9920181130955806, 0.2868836103630376]
Iteration 101: [0.704930462403555, 0.22061346088514858, 0.31650936980565475, 0.23044051114360734, 0.31081480246306825, 0.20580554555032873, 0.366786886025941, 0.562800751860211, 0.17533801958896006, 0.20912436465099218, 0.0017253832338569937, 0.6518909783113237, 0.2492798078852714, 0.24971856443814866, 0.6307948673497275, 0.2339749955784517, 0.14611001416293384, 0.16386988094905236, 0.9920181130955806, 0.2868836103630376]
Iteration 102: [0.704930462403555, 0.22061346088514858, 0.31650936980565475, 0.23044051114360734, 0.31081480246306825, 0.20580554555032873, 0.366786886025941, 0.562800751860211, 0.17533801958896006, 0.20912436465099218, 0.0024006202439189064, 0.6518909783113237, 0.2492798078852714, 0.24971856443814866, 0.6307948673497275, 0.2339749955784517, 0.14611001416293384, 0.16386988094905236, 0.9920181130955806, 0.2868836103630376]
Iteration 103: [0.704930462403555, 0.22061346088514858, 0.31650936980565475, 0.23044051114360734, 0.31081480246306825, 0.20580554555032873, 0.366786886025941, 0.562800751860211, 0.17533801958896006, 0.23209600057817353, 0.0024006202439189064, 0.6518909783113237, 0.2492798078852714, 0.24971856443814866, 0.6307948673497275, 0.2011362953148353, 0.14611001416293384, 0.16386988094905236, 0.9920181130955806, 0.2868836103630376]
Iteration 104: [0.704930462403555, 0.22061346088514858, 0.31650936980565475, 0.23044051114360734, 0.31081480246306825, 0.20580554555032873, 0.366786886025941, 0.562800751860211, 0.17533801958896006, 0.23209600057817353, 0.0024006202439189064, 0.6518909783113237, 0.2492798078852714, 0.24971856443814866, 0.6307948673497275, 0.2011362953148353, 0.18756189540151388, 0.16386988094905236, 0.9920181130955806, 0.2868836103630376]
Iteration 105: [0.704930462403555, 0.22061346088514858, 0.31650936980565475, 0.23044051114360734, 0.31081480246306825, 0.21441524772214204, 0.366786886025941, 0.562800751860211, 0.17533801958896006, 0.23209600057817353, 0.0024006202439189064, 0.6518909783113237, 0.2492798078852714, 0.24971856443814866, 0.6307948673497275, 0.2011362953148353, 0.20529175988128726, 0.16386988094905236, 0.9920181130955806, 0.2868836103630376]
Iteration 106: [0.704930462403555, 0.17039840968640751, 0.31650936980565475, 0.23044051114360734, 0.31081480246306825, 0.21441524772214204, 0.366786886025941, 0.562800751860211, 0.17533801958896006, 0.23209600057817353, 0.0024006202439189064, 0.6518909783113237, 0.2492798078852714, 0.24971856443814866, 0.6307948673497275, 0.2011362953148353, 0.20529175988128726, 0.16386988094905236, 0.9920181130955806, 0.2868836103630376]
Iteration 107: [0.704930462403555, 0.17039840968640751, 0.31650936980565475, 0.23044051114360734, 0.31081480246306825, 0.21441524772214204, 0.366786886025941, 0.562800751860211, 0.17533801958896006, 0.0007949120889877197, 0.0024006202439189064, 0.6518909783113237, 0.2492798078852714, 0.24971856443814866, 0.6307948673497275, 0.2011362953148353, 0.20529175988128726, 0.16386988094905236, 0.9920181130955806, 0.2868836103630376]
Iteration 108: [0.704930462403555, 0.17039840968640751, 0.31650936980565475, 0.23044051114360734, 0.31081480246306825, 0.2703881075369661, 0.366786886025941, 0.562800751860211, 0.17533801958896006, 0.0007949120889877197, 0.0024006202439189064, 0.6518909783113237, 0.2492798078852714, 0.24971856443814866, 0.6307948673497275, 0.2011362953148353, 0.20529175988128726, 0.20224105088193237, 0.9920181130955806, 0.2868836103630376]
Iteration 109: [0.704930462403555, 0.17039840968640751, 0.31650936980565475, 0.23044051114360734, 0.31081480246306825, 0.2703881075369661, 0.366786886025941, 0.562800751860211, 0.17533801958896006, 0.0007949120889877197, 0.0024006202439189064, 0.6518909783113237, 0.6651162688993751, 0.24971856443814866, 0.6307948673497275, 0.2011362953148353, 0.30484911260192005, 0.20224105088193237, 0.9920181130955806, 0.2868836103630376]
Iteration 110: [0.704930462403555, 0.17039840968640751, 0.31650936980565475, 0.23044051114360734, 0.31081480246306825, 0.2703881075369661, 0.366786886025941, 0.25152287439277937, 0.17533801958896006, 0.0007949120889877197, 0.0024006202439189064, 0.6518909783113237, 0.6651162688993751, 0.24971856443814866, 0.6307948673497275, 0.1772354550655957, 0.30484911260192005, 0.20224105088193237, 0.9920181130955806, 0.2868836103630376]
Iteration 111: [0.704930462403555, 0.17039840968640751, 0.31650936980565475, 0.23044051114360734, 0.25307462826909893, 0.2703881075369661, 0.366786886025941, 0.25152287439277937, 0.17533801958896006, 0.0007949120889877197, 0.0024006202439189064, 0.33544187287652033, 0.6651162688993751, 0.24971856443814866, 0.6307948673497275, 0.1772354550655957, 0.30484911260192005, 0.20224105088193237, 0.9920181130955806, 0.2868836103630376]
Iteration 112: [0.704930462403555, 0.17039840968640751, 0.290905803663194, 0.23044051114360734, 0.25307462826909893, 0.2703881075369661, 0.366786886025941, 0.25152287439277937, 0.17533801958896006, 0.0007949120889877197, 0.0024006202439189064, 0.33544187287652033, 0.6651162688993751, 0.24971856443814866, 0.6307948673497275, 0.19394674498707692, 0.30484911260192005, 0.20224105088193237, 0.9920181130955806, 0.2868836103630376]
Iteration 113: [0.704930462403555, 0.17039840968640751, 0.290905803663194, 0.23044051114360734, 0.27206915955087513, 0.2703881075369661, 0.366786886025941, 0.25152287439277937, 0.17533801958896006, 0.0007949120889877197, 0.0024006202439189064, 0.33544187287652033, 0.6651162688993751, 0.24971856443814866, 0.6307948673497275, 0.19394674498707692, 0.30484911260192005, 0.2755787021518302, 0.9920181130955806, 0.2868836103630376]
Iteration 114: [0.704930462403555, 0.17039840968640751, 0.290905803663194, 0.24941564642624783, 0.27206915955087513, 0.2703881075369661, 0.366786886025941, 0.25152287439277937, 0.17533801958896006, 0.31069633202114316, 0.0024006202439189064, 0.33544187287652033, 0.6651162688993751, 0.24971856443814866, 0.6307948673497275, 0.19394674498707692, 0.30484911260192005, 0.2755787021518302, 0.9920181130955806, 0.2868836103630376]
Iteration 115: [0.704930462403555, 0.17039840968640751, 0.290905803663194, 0.24941564642624783, 0.27206915955087513, 0.2703881075369661, 0.4304894985082087, 0.2508550988617718, 0.17533801958896006, 0.31069633202114316, 0.0024006202439189064, 0.33544187287652033, 0.6651162688993751, 0.24971856443814866, 0.6307948673497275, 0.19394674498707692, 0.30484911260192005, 0.2755787021518302, 0.9920181130955806, 0.2868836103630376]
Iteration 116: [0.704930462403555, 0.17039840968640751, 0.290905803663194, 0.24941564642624783, 0.27206915955087513, 0.2703881075369661, 0.48625817967411555, 0.1837618219799246, 0.17533801958896006, 0.31069633202114316, 0.0024006202439189064, 0.33544187287652033, 0.6651162688993751, 0.24971856443814866, 0.6307948673497275, 0.19394674498707692, 0.30484911260192005, 0.2755787021518302, 0.9920181130955806, 0.2868836103630376]
Iteration 117: [0.704930462403555, 0.17039840968640751, 0.290905803663194, 0.24941564642624783, 0.039926647554269126, 0.2425243550671612, 0.48625817967411555, 0.1837618219799246, 0.17533801958896006, 0.31069633202114316, 0.0024006202439189064, 0.33544187287652033, 0.6651162688993751, 0.24971856443814866, 0.6307948673497275, 0.19394674498707692, 0.30484911260192005, 0.2755787021518302, 0.9920181130955806, 0.2868836103630376]
Iteration 118: [0.704930462403555, 0.17039840968640751, 0.290905803663194, 0.24941564642624783, 0.039926647554269126, 0.2425243550671612, 0.48625817967411555, 0.1837618219799246, 0.17533801958896006, 0.31069633202114316, 0.0024006202439189064, 0.33544187287652033, 0.6651162688993751, 0.24971856443814866, 0.5642511800275906, 0.25646980836314065, 0.30484911260192005, 0.2755787021518302, 0.9920181130955806, 0.2868836103630376]
Iteration 119: [0.704930462403555, 0.17039840968640751, 0.290905803663194, 0.24941564642624783, 0.039926647554269126, 0.2425243550671612, 0.48625817967411555, 0.1837618219799246, 0.17533801958896006, 0.31069633202114316, 0.0024006202439189064, 0.6161415154684503, 0.6651162688993751, 0.24971856443814866, 0.5642511800275906, 0.25646980836314065, 0.30484911260192005, 0.2755787021518302, 0.9920181130955806, 0.2664901864277209]
Iteration 120: [0.6993047695455178, 0.17039840968640751, 0.290905803663194, 0.24941564642624783, 0.03741273239097582, 0.2425243550671612, 0.48625817967411555, 0.1837618219799246, 0.17533801958896006, 0.31069633202114316, 0.0024006202439189064, 0.6161415154684503, 0.6651162688993751, 0.24971856443814866, 0.5642511800275906, 0.25646980836314065, 0.30484911260192005, 0.2755787021518302, 0.9920181130955806, 0.2664901864277209]
Iteration 121: [0.6993047695455178, 0.17039840968640751, 0.290905803663194, 0.28867573347760667, 0.03741273239097582, 0.2425243550671612, 0.48625817967411555, 0.1837618219799246, 0.17533801958896006, 0.31069633202114316, 0.0024006202439189064, 0.6161415154684503, 0.6651162688993751, 0.24971856443814866, 0.5642511800275906, 0.25646980836314065, 0.30484911260192005, 0.24547371318841957, 0.9920181130955806, 0.2664901864277209]
Iteration 122: [0.6993047695455178, 0.17039840968640751, 0.290905803663194, 0.28867573347760667, 0.03741273239097582, 0.2425243550671612, 0.48625817967411555, 0.1837618219799246, 0.17533801958896006, 0.31069633202114316, 0.0024006202439189064, 0.6161415154684503, 0.25080452646586715, 0.24971856443814866, 0.5642511800275906, 0.25646980836314065, 0.30484911260192005, 0.24547371318841957, 0.9920181130955806, 0.2664901864277209]
Iteration 123: [0.6993047695455178, 0.17039840968640751, 0.290905803663194, 0.28867573347760667, 0.03741273239097582, 0.2425243550671612, 0.48625817967411555, 0.16687634955225988, 0.17533801958896006, 0.31069633202114316, 0.0024006202439189064, 0.6161415154684503, 0.25080452646586715, 0.24971856443814866, 0.5642511800275906, 0.25646980836314065, 0.30484911260192005, 0.24547371318841957, 0.9920181130955806, 0.2664901864277209]
Iteration 124: [0.6993047695455178, 0.17039840968640751, 0.290905803663194, 0.28867573347760667, 0.03741273239097582, 0.2425243550671612, 0.48625817967411555, 0.16687634955225988, 0.17533801958896006, 0.31069633202114316, 0.0024006202439189064, 0.6161415154684503, 0.25080452646586715, 0.24971856443814866, 0.5642511800275906, 0.25646980836314065, 0.30484911260192005, 0.24547371318841957, 0.9920181130955806, 0.2852601202540715]
Iteration 125: [0.6993047695455178, 0.17039840968640751, 0.290905803663194, 0.28867573347760667, 0.03741273239097582, 0.2425243550671612, 0.48625817967411555, 0.16687634955225988, 0.17533801958896006, 0.31069633202114316, 0.0024006202439189064, 0.6161415154684503, 0.25080452646586715, 0.24971856443814866, 0.5642511800275906, 0.25646980836314065, 0.1870085373377683, 0.24547371318841957, 0.9920181130955806, 0.2852601202540715]
Iteration 126: [0.6993047695455178, 0.17039840968640751, 0.290905803663194, 0.28867573347760667, 0.16624804754350817, 0.2425243550671612, 0.48625817967411555, 0.16687634955225988, 0.17533801958896006, 0.31069633202114316, 0.0024006202439189064, 0.6161415154684503, 0.25080452646586715, 0.24971856443814866, 0.5642511800275906, 0.25646980836314065, 0.1870085373377683, 0.24547371318841957, 0.9920181130955806, 0.260598894901351]
Iteration 127: [0.6993047695455178, 0.17039840968640751, 0.290905803663194, 0.28867573347760667, 0.16624804754350817, 0.2425243550671612, 0.48625817967411555, 0.16687634955225988, 0.17533801958896006, 0.31069633202114316, 0.2121587237483594, 0.6161415154684503, 0.25080452646586715, 0.24971856443814866, 0.5642511800275906, 0.25646980836314065, 0.1870085373377683, 0.24547371318841957, 0.9920181130955806, 0.5907758689316388]
Iteration 128: [0.6993047695455178, 0.17039840968640751, 0.290905803663194, 0.28867573347760667, 0.16624804754350817, 0.2425243550671612, 0.48625817967411555, 0.16687634955225988, 0.17533801958896006, 0.31069633202114316, 0.2121587237483594, 0.6161415154684503, 0.25080452646586715, 0.2458990454225667, 0.5642511800275906, 0.25646980836314065, 0.1870085373377683, 0.24547371318841957, 0.6288426242767204, 0.5907758689316388]
Iteration 129: [0.6993047695455178, 0.17039840968640751, 0.290905803663194, 0.28867573347760667, 0.16624804754350817, 0.2425243550671612, 0.5367899529717602, 0.16687634955225988, 0.17533801958896006, 0.42205785598252504, 0.2121587237483594, 0.6161415154684503, 0.25080452646586715, 0.2458990454225667, 0.5642511800275906, 0.25646980836314065, 0.1870085373377683, 0.24547371318841957, 0.6288426242767204, 0.5907758689316388]
Iteration 130: [0.6993047695455178, 0.17039840968640751, 0.290905803663194, 0.28867573347760667, 0.16624804754350817, 0.2425243550671612, 0.5367899529717602, 0.16687634955225988, 0.17533801958896006, 0.42205785598252504, 0.2121587237483594, 0.6161415154684503, 0.25080452646586715, 0.20601344074459854, 0.5642511800275906, 0.25646980836314065, 0.1870085373377683, 0.24547371318841957, 0.6288426242767204, 0.5907758689316388]
Iteration 131: [0.6993047695455178, 0.17039840968640751, 0.290905803663194, 0.27539392450394207, 0.16624804754350817, 0.2425243550671612, 0.5367899529717602, 0.16687634955225988, 0.17533801958896006, 0.42205785598252504, 0.2121587237483594, 0.6161415154684503, 0.25080452646586715, 0.20601344074459854, 0.5822461809753003, 0.25646980836314065, 0.1870085373377683, 0.24547371318841957, 0.6288426242767204, 0.5907758689316388]
Iteration 132: [0.6993047695455178, 0.17039840968640751, 0.290905803663194, 0.27539392450394207, 0.46946242478000155, 0.2425243550671612, 0.5367899529717602, 0.16687634955225988, 0.17533801958896006, 0.42205785598252504, 0.2121587237483594, 0.6161415154684503, 0.25080452646586715, 0.20601344074459854, 0.5822461809753003, 0.25646980836314065, 0.1870085373377683, 0.24547371318841957, 0.6288426242767204, 0.5907758689316388]
Iteration 133: [0.6993047695455178, 0.17039840968640751, 0.290905803663194, 0.27539392450394207, 0.46946242478000155, 0.2425243550671612, 0.5367899529717602, 0.16687634955225988, 0.17533801958896006, 0.42205785598252504, 0.15891160341294297, 0.6161415154684503, 0.25080452646586715, 0.20601344074459854, 0.5822461809753003, 0.25646980836314065, 0.1870085373377683, 0.24547371318841957, 0.6288426242767204, 0.5907758689316388]
Iteration 134: [0.6993047695455178, 0.17039840968640751, 0.290905803663194, 0.27539392450394207, 0.47045706604395204, 0.3014155530685379, 0.5367899529717602, 0.16687634955225988, 0.17533801958896006, 0.42205785598252504, 0.15891160341294297, 0.6161415154684503, 0.25080452646586715, 0.20601344074459854, 0.5822461809753003, 0.25646980836314065, 0.1870085373377683, 0.24547371318841957, 0.6288426242767204, 0.5907758689316388]
Iteration 135: [0.6993047695455178, 0.17427708533153025, 0.290905803663194, 0.25595771421477537, 0.47045706604395204, 0.3014155530685379, 0.5367899529717602, 0.16687634955225988, 0.17533801958896006, 0.42205785598252504, 0.15891160341294297, 0.6161415154684503, 0.25080452646586715, 0.20601344074459854, 0.5822461809753003, 0.25646980836314065, 0.1870085373377683, 0.24547371318841957, 0.6288426242767204, 0.5907758689316388]
Iteration 136: [0.6993047695455178, 0.17427708533153025, 0.290905803663194, 0.25595771421477537, 0.47045706604395204, 0.3014155530685379, 0.5367899529717602, 0.16687634955225988, 0.17533801958896006, 0.42205785598252504, 0.12444958216805568, 0.6161415154684503, 0.25080452646586715, 0.20601344074459854, 0.5822461809753003, 0.25646980836314065, 0.5229372432192784, 0.24547371318841957, 0.6288426242767204, 0.5907758689316388]
Iteration 137: [0.6993047695455178, 0.17427708533153025, 0.290905803663194, 0.25595771421477537, 0.47045706604395204, 0.3014155530685379, 0.5367899529717602, 0.16687634955225988, 0.17533801958896006, 0.42205785598252504, 0.12444958216805568, 0.6161415154684503, 0.25080452646586715, 0.20601344074459854, 0.18029143121720634, 0.25646980836314065, 0.16817593076204973, 0.24547371318841957, 0.6288426242767204, 0.5907758689316388]
Iteration 138: [0.6993047695455178, 0.17427708533153025, 0.290905803663194, 0.25595771421477537, 0.47045706604395204, 0.3014155530685379, 0.5367899529717602, 0.16687634955225988, 0.17533801958896006, 0.42205785598252504, 0.12444958216805568, 0.6161415154684503, 0.25080452646586715, 0.20601344074459854, 0.24607341130790422, 0.25646980836314065, 0.16817593076204973, 0.24547371318841957, 0.6288426242767204, 0.5907758689316388]
Iteration 139: [0.6993047695455178, 0.17427708533153025, 0.290905803663194, 0.25595771421477537, 0.47045706604395204, 0.3014155530685379, 0.5367899529717602, 0.16687634955225988, 0.17533801958896006, 0.42205785598252504, 0.12444958216805568, 0.6161415154684503, 0.25080452646586715, 0.24811738115086215, 0.24607341130790422, 0.25646980836314065, 0.5427928715739202, 0.24547371318841957, 0.6288426242767204, 0.5907758689316388]
Iteration 140: [0.6993047695455178, 0.17427708533153025, 0.290905803663194, 0.25595771421477537, 0.47045706604395204, 0.3014155530685379, 0.5642491099874241, 0.16687634955225988, 0.17533801958896006, 0.42205785598252504, 0.12444958216805568, 0.6544736468842995, 0.25080452646586715, 0.24811738115086215, 0.24607341130790422, 0.25646980836314065, 0.5427928715739202, 0.24547371318841957, 0.6288426242767204, 0.5907758689316388]
Iteration 141: [0.6993047695455178, 0.17427708533153025, 0.290905803663194, 0.6009293349135103, 0.47045706604395204, 0.3014155530685379, 0.5642491099874241, 0.16687634955225988, 0.17533801958896006, 0.42205785598252504, 0.12444958216805568, 0.22543332449434614, 0.25080452646586715, 0.24811738115086215, 0.24607341130790422, 0.25646980836314065, 0.5427928715739202, 0.24547371318841957, 0.6288426242767204, 0.5907758689316388]
Iteration 142: [0.6993047695455178, 0.17427708533153025, 0.290905803663194, 0.6009293349135103, 0.47045706604395204, 0.26853838311097267, 0.5642491099874241, 0.20504737813915486, 0.17533801958896006, 0.42205785598252504, 0.12444958216805568, 0.22543332449434614, 0.25080452646586715, 0.24811738115086215, 0.24607341130790422, 0.25646980836314065, 0.5427928715739202, 0.24547371318841957, 0.6288426242767204, 0.5907758689316388]
Iteration 143: [0.6993047695455178, 0.17427708533153025, 0.290905803663194, 0.6009293349135103, 0.47045706604395204, 0.26853838311097267, 0.5642491099874241, 0.20504737813915486, 0.17533801958896006, 0.42205785598252504, 0.12444958216805568, 0.22543332449434614, 0.25080452646586715, 0.22599582942479338, 0.24607341130790422, 0.5991278441271077, 0.5427928715739202, 0.24547371318841957, 0.6288426242767204, 0.5907758689316388]
Iteration 144: [0.6500275477011971, 0.17427708533153025, 0.290905803663194, 0.6009293349135103, 0.47045706604395204, 0.26853838311097267, 0.5642491099874241, 0.20504737813915486, 0.17533801958896006, 0.42205785598252504, 0.12444958216805568, 0.22543332449434614, 0.25080452646586715, 0.22599582942479338, 0.24607341130790422, 0.5991278441271077, 0.5427928715739202, 0.24547371318841957, 0.6288426242767204, 0.5907758689316388]
Iteration 145: [0.6500275477011971, 0.17427708533153025, 0.290905803663194, 0.6009293349135103, 0.47045706604395204, 0.26853838311097267, 0.5642491099874241, 0.20504737813915486, 0.17533801958896006, 0.16881767807219716, 0.12444958216805568, 0.22543332449434614, 0.25080452646586715, 0.2232993797764443, 0.24607341130790422, 0.5991278441271077, 0.5427928715739202, 0.24547371318841957, 0.6288426242767204, 0.5907758689316388]
Iteration 146: [0.6500275477011971, 0.17427708533153025, 0.290905803663194, 0.6009293349135103, 0.47045706604395204, 0.26853838311097267, 0.5642491099874241, 0.20504737813915486, 0.17533801958896006, 0.16881767807219716, 0.12444958216805568, 0.25462868460669036, 0.25080452646586715, 0.2232993797764443, 0.24607341130790422, 0.5991278441271077, 0.5427928715739202, 0.2709189231790134, 0.6288426242767204, 0.5907758689316388]
Iteration 147: [0.6500275477011971, 0.17427708533153025, 0.290905803663194, 0.6009293349135103, 0.47045706604395204, 0.26853838311097267, 0.6451316456544417, 0.20504737813915486, 0.17533801958896006, 0.16881767807219716, 0.12444958216805568, 0.25462868460669036, 0.25080452646586715, 0.2232993797764443, 0.24607341130790422, 0.5991278441271077, 0.5662603364319858, 0.2709189231790134, 0.6288426242767204, 0.5907758689316388]
Iteration 148: [0.6500275477011971, 0.17427708533153025, 0.290905803663194, 0.6009293349135103, 0.47045706604395204, 0.26853838311097267, 0.6334945815974198, 0.20504737813915486, 0.17533801958896006, 0.16881767807219716, 0.12444958216805568, 0.25462868460669036, 0.25080452646586715, 0.2232993797764443, 0.24607341130790422, 0.5991278441271077, 0.6114895000643511, 0.2709189231790134, 0.6288426242767204, 0.5907758689316388]
Iteration 149: [0.6500275477011971, 0.17427708533153025, 0.2743118050829148, 0.6009293349135103, 0.47045706604395204, 0.26853838311097267, 0.6334945815974198, 0.20504737813915486, 0.17533801958896006, 0.16881767807219716, 0.12444958216805568, 0.25462868460669036, 0.25080452646586715, 0.2232993797764443, 0.24607341130790422, 0.5991278441271077, 0.6114895000643511, 0.2709189231790134, 0.22760441041508545, 0.5907758689316388]
Iteration 150: [0.6500275477011971, 0.17427708533153025, 0.2743118050829148, 0.6009293349135103, 0.47045706604395204, 0.22040723574476218, 0.6334945815974198, 0.20504737813915486, 0.17533801958896006, 0.16881767807219716, 0.12444958216805568, 0.25462868460669036, 0.25080452646586715, 0.2232993797764443, 0.24607341130790422, 0.6441557812905877, 0.6114895000643511, 0.2709189231790134, 0.22760441041508545, 0.5907758689316388]
