There are 9 agents who believe in con
There are 9 agents who believe in pro
There are 2 agents who are neutral 

Iteration 1: [0.37774634383314687, 0.5029844957328256, 0.4384884519753961, 0.5557662016794253, 0.3414830819365998, 0.514765891348604, 0.4183834520852998, 0.5186843242684753, 0.392176862567031, 0.4240915334373108, 0.29941074195593215, 0.3580408883282954, 0.7109974977262072, 0.4698563265415519, 0.30583623833660933, 0.5880583896439803, 0.07431187764935454, 0.4404866454531543, 0.38577284468900747, 0.5497903185039184]
Iteration 2: [0.37774634383314687, 0.5029844957328256, 0.4384884519753961, 0.5557662016794253, 0.3414830819365998, 0.5409147409666702, 0.4183834520852998, 0.5186843242684753, 0.32979345319284764, 0.4240915334373108, 0.29941074195593215, 0.3580408883282954, 0.7109974977262072, 0.4698563265415519, 0.30583623833660933, 0.5880583896439803, 0.07431187764935454, 0.4404866454531543, 0.38577284468900747, 0.5497903185039184]
Iteration 3: [0.37774634383314687, 0.5029844957328256, 0.4384884519753961, 0.5557662016794253, 0.3414830819365998, 0.5409147409666702, 0.4183834520852998, 0.5186843242684753, 0.389082398562718, 0.4240915334373108, 0.29941074195593215, 0.3580408883282954, 0.7109974977262072, 0.4698563265415519, 0.30583623833660933, 0.5880583896439803, 0.08519927056001686, 0.4404866454531543, 0.38577284468900747, 0.5497903185039184]
Iteration 4: [0.37774634383314687, 0.5029844957328256, 0.4786300835557817, 0.5557662016794253, 0.3414830819365998, 0.5409147409666702, 0.4183834520852998, 0.5186843242684753, 0.389082398562718, 0.4344323639011455, 0.29941074195593215, 0.3580408883282954, 0.7109974977262072, 0.4698563265415519, 0.30583623833660933, 0.5880583896439803, 0.08519927056001686, 0.4404866454531543, 0.38577284468900747, 0.5497903185039184]
Iteration 5: [0.37774634383314687, 0.5029844957328256, 0.4786300835557817, 0.5557662016794253, 0.3414830819365998, 0.5409147409666702, 0.4183834520852998, 0.5186843242684753, 0.389082398562718, 0.13308453495223274, 0.29941074195593215, 0.5194816013074423, 0.7109974977262072, 0.4698563265415519, 0.30583623833660933, 0.5880583896439803, 0.08519927056001686, 0.4404866454531543, 0.38577284468900747, 0.5497903185039184]
Iteration 6: [0.37774634383314687, 0.5029844957328256, 0.4786300835557817, 0.5557662016794253, 0.3414830819365998, 0.38973114436007417, 0.4183834520852998, 0.5186843242684753, 0.33742224241500157, 0.13308453495223274, 0.29941074195593215, 0.5194816013074423, 0.7109974977262072, 0.4698563265415519, 0.30583623833660933, 0.5880583896439803, 0.08519927056001686, 0.4404866454531543, 0.38577284468900747, 0.5497903185039184]
Iteration 7: [0.37774634383314687, 0.5029844957328256, 0.4786300835557817, 0.5557662016794253, 0.3414830819365998, 0.38973114436007417, 0.4183834520852998, 0.5186843242684753, 0.33742224241500157, 0.13308453495223274, 0.29941074195593215, 0.5194816013074423, 0.6665206953161784, 0.4698563265415519, 0.30583623833660933, 0.5880583896439803, 0.08519927056001686, 0.4404866454531543, 0.46367702567804536, 0.5497903185039184]
Iteration 8: [0.37774634383314687, 0.5029844957328256, 0.4786300835557817, 0.5557662016794253, 0.3414830819365998, 0.38973114436007417, 0.4183834520852998, 0.5186843242684753, 0.33742224241500157, 0.13308453495223274, 0.29941074195593215, 0.5194816013074423, 0.6665206953161784, 0.36572756212023755, 0.5380669395895572, 0.5880583896439803, 0.08519927056001686, 0.4404866454531543, 0.46367702567804536, 0.5497903185039184]
Iteration 9: [0.37774634383314687, 0.5029844957328256, 0.4786300835557817, 0.5557662016794253, 0.3414830819365998, 0.38973114436007417, 0.4183834520852998, 0.6087827986927034, 0.33742224241500157, 0.13308453495223274, 0.40219772418835664, 0.5194816013074423, 0.6665206953161784, 0.36572756212023755, 0.5380669395895572, 0.5880583896439803, 0.08519927056001686, 0.4404866454531543, 0.46367702567804536, 0.5497903185039184]
Iteration 10: [0.37774634383314687, 0.5029844957328256, 0.4786300835557817, 0.5557662016794253, 0.3414830819365998, 0.5316700345278874, 0.4183834520852998, 0.6087827986927034, 0.33742224241500157, 0.4094306507821182, 0.40219772418835664, 0.5194816013074423, 0.6665206953161784, 0.36572756212023755, 0.5380669395895572, 0.5880583896439803, 0.08519927056001686, 0.4404866454531543, 0.46367702567804536, 0.5497903185039184]
Iteration 11: [0.37774634383314687, 0.4981481504874445, 0.4786300835557817, 0.5557662016794253, 0.3414830819365998, 0.5316700345278874, 0.4183834520852998, 0.6087827986927034, 0.33742224241500157, 0.4094306507821182, 0.40219772418835664, 0.5194816013074423, 0.6665206953161784, 0.36572756212023755, 0.5380669395895572, 0.5880583896439803, 0.08519927056001686, 0.14797490768334248, 0.46367702567804536, 0.5497903185039184]
Iteration 12: [0.37774634383314687, 0.4981481504874445, 0.4786300835557817, 0.5557662016794253, 0.15647392345569297, 0.5316700345278874, 0.4828715716088666, 0.6087827986927034, 0.33742224241500157, 0.4094306507821182, 0.40219772418835664, 0.5194816013074423, 0.6665206953161784, 0.36572756212023755, 0.5380669395895572, 0.5880583896439803, 0.08519927056001686, 0.14797490768334248, 0.46367702567804536, 0.5497903185039184]
Iteration 13: [0.37774634383314687, 0.4981481504874445, 0.4786300835557817, 0.5557662016794253, 0.15647392345569297, 0.5316700345278874, 0.4828715716088666, 0.6087827986927034, 0.33742224241500157, 0.4094306507821182, 0.4620517437872175, 0.5194816013074423, 0.6665206953161784, 0.36572756212023755, 0.5380669395895572, 0.5880583896439803, 0.08519927056001686, 0.14797490768334248, 0.46367702567804536, 0.5497903185039184]
Iteration 14: [0.37774634383314687, 0.4981481504874445, 0.5685075071211249, 0.5557662016794253, 0.15647392345569297, 0.5316700345278874, 0.4828715716088666, 0.6087827986927034, 0.33742224241500157, 0.4094306507821182, 0.4620517437872175, 0.5194816013074423, 0.6665206953161784, 0.36572756212023755, 0.5380669395895572, 0.5880583896439803, 0.08519927056001686, 0.14797490768334248, 0.489711863953543, 0.5497903185039184]
Iteration 15: [0.37774634383314687, 0.4981481504874445, 0.25663346834690376, 0.5557662016794253, 0.15647392345569297, 0.5316700345278874, 0.4828715716088666, 0.6087827986927034, 0.33742224241500157, 0.4094306507821182, 0.4620517437872175, 0.5194816013074423, 0.6665206953161784, 0.36572756212023755, 0.5568530773822653, 0.5880583896439803, 0.08519927056001686, 0.14797490768334248, 0.489711863953543, 0.5497903185039184]
Iteration 16: [0.37774634383314687, 0.4981481504874445, 0.25663346834690376, 0.5557662016794253, 0.15647392345569297, 0.5316700345278874, 0.4828715716088666, 0.6087827986927034, 0.33742224241500157, 0.4094306507821182, 0.4620517437872175, 0.6762396913092862, 0.6665206953161784, 0.36572756212023755, 0.5568530773822653, 0.5880583896439803, 0.08519927056001686, 0.14797490768334248, 0.489711863953543, 0.5497903185039184]
Iteration 17: [0.37774634383314687, 0.4981481504874445, 0.25663346834690376, 0.5557662016794253, 0.12006794610891669, 0.5316700345278874, 0.4828715716088666, 0.6087827986927034, 0.33742224241500157, 0.4094306507821182, 0.40647116119658444, 0.6762396913092862, 0.6665206953161784, 0.36572756212023755, 0.5568530773822653, 0.5880583896439803, 0.08519927056001686, 0.14797490768334248, 0.489711863953543, 0.5497903185039184]
Iteration 18: [0.37774634383314687, 0.4981481504874445, 0.25663346834690376, 0.5557662016794253, 0.12006794610891669, 0.5316700345278874, 0.4828715716088666, 0.6087827986927034, 0.33742224241500157, 0.4094306507821182, 0.40647116119658444, 0.6762396913092862, 0.2182055099087052, 0.36572756212023755, 0.619393180428799, 0.5880583896439803, 0.08519927056001686, 0.14797490768334248, 0.489711863953543, 0.5497903185039184]
Iteration 19: [0.37774634383314687, 0.4655660986184066, 0.25663346834690376, 0.5557662016794253, 0.12006794610891669, 0.5316700345278874, 0.4828715716088666, 0.6087827986927034, 0.33742224241500157, 0.4094306507821182, 0.40647116119658444, 0.6762396913092862, 0.2182055099087052, 0.3488208664455298, 0.619393180428799, 0.5880583896439803, 0.08519927056001686, 0.14797490768334248, 0.489711863953543, 0.5497903185039184]
Iteration 20: [0.37774634383314687, 0.4655660986184066, 0.24267952939509668, 0.5557662016794253, 0.14165612841418673, 0.5316700345278874, 0.4828715716088666, 0.6087827986927034, 0.33742224241500157, 0.4094306507821182, 0.40647116119658444, 0.6762396913092862, 0.2182055099087052, 0.3488208664455298, 0.619393180428799, 0.5880583896439803, 0.08519927056001686, 0.14797490768334248, 0.489711863953543, 0.5497903185039184]
Iteration 21: [0.37774634383314687, 0.4655660986184066, 0.6265329393599289, 0.5557662016794253, 0.14165612841418673, 0.5316700345278874, 0.4828715716088666, 0.6087827986927034, 0.33742224241500157, 0.4094306507821182, 0.40647116119658444, 0.6762396913092862, 0.2182055099087052, 0.3488208664455298, 0.619393180428799, 0.5596022965436145, 0.08519927056001686, 0.14797490768334248, 0.489711863953543, 0.5497903185039184]
Iteration 22: [0.37774634383314687, 0.4655660986184066, 0.6265329393599289, 0.5557662016794253, 0.14165612841418673, 0.5316700345278874, 0.4828715716088666, 0.6087827986927034, 0.33742224241500157, 0.4094306507821182, 0.520069881363733, 0.6762396913092862, 0.2121348174262177, 0.3488208664455298, 0.619393180428799, 0.5596022965436145, 0.08519927056001686, 0.14797490768334248, 0.489711863953543, 0.5497903185039184]
Iteration 23: [0.37774634383314687, 0.4655660986184066, 0.6265329393599289, 0.5557662016794253, 0.14165612841418673, 0.5316700345278874, 0.4828715716088666, 0.6087827986927034, 0.33742224241500157, 0.4094306507821182, 0.520069881363733, 0.6762396913092862, 0.2324864343431373, 0.3488208664455298, 0.619393180428799, 0.5680275862231315, 0.08519927056001686, 0.14797490768334248, 0.489711863953543, 0.5497903185039184]
Iteration 24: [0.37774634383314687, 0.4655660986184066, 0.6265329393599289, 0.5557662016794253, 0.14165612841418673, 0.5316700345278874, 0.4009277536156681, 0.6087827986927034, 0.33742224241500157, 0.6285310576581997, 0.520069881363733, 0.6762396913092862, 0.2324864343431373, 0.3488208664455298, 0.619393180428799, 0.5680275862231315, 0.08519927056001686, 0.14797490768334248, 0.489711863953543, 0.5497903185039184]
Iteration 25: [0.37774634383314687, 0.4655660986184066, 0.6265329393599289, 0.5557662016794253, 0.14165612841418673, 0.6255190858814934, 0.4009277536156681, 0.6087827986927034, 0.33742224241500157, 0.6285310576581997, 0.5323524742132024, 0.6762396913092862, 0.2324864343431373, 0.3488208664455298, 0.619393180428799, 0.5680275862231315, 0.08519927056001686, 0.14797490768334248, 0.489711863953543, 0.5497903185039184]
Iteration 26: [0.37774634383314687, 0.4655660986184066, 0.6265329393599289, 0.5557662016794253, 0.14165612841418673, 0.6255190858814934, 0.4009277536156681, 0.6087827986927034, 0.33742224241500157, 0.6285310576581997, 0.5323524742132024, 0.6762396913092862, 0.2324864343431373, 0.3397817585936958, 0.619393180428799, 0.5680275862231315, 0.08519927056001686, 0.14797490768334248, 0.48543596598050964, 0.5497903185039184]
Iteration 27: [0.37774634383314687, 0.4655660986184066, 0.6265329393599289, 0.5557662016794253, 0.14165612841418673, 0.6255190858814934, 0.4009277536156681, 0.6087827986927034, 0.33742224241500157, 0.6285310576581997, 0.6599035917860527, 0.6762396913092862, 0.2324864343431373, 0.3397817585936958, 0.6064574255513386, 0.5680275862231315, 0.08519927056001686, 0.14797490768334248, 0.48543596598050964, 0.5497903185039184]
Iteration 28: [0.40224561285097193, 0.4655660986184066, 0.6265329393599289, 0.5557662016794253, 0.14165612841418673, 0.6255190858814934, 0.4009277536156681, 0.6087827986927034, 0.33742224241500157, 0.6285310576581997, 0.6599035917860527, 0.6762396913092862, 0.2324864343431373, 0.3397817585936958, 0.6064574255513386, 0.5680275862231315, 0.08519927056001686, 0.4821296550108217, 0.48543596598050964, 0.5497903185039184]
Iteration 29: [0.40224561285097193, 0.4655660986184066, 0.6265329393599289, 0.15916225190396627, 0.14165612841418673, 0.6255190858814934, 0.4009277536156681, 0.6087827986927034, 0.33742224241500157, 0.6285310576581997, 0.6599035917860527, 0.6762396913092862, 0.2324864343431373, 0.3397817585936958, 0.6064574255513386, 0.5680275862231315, 0.12072367432388453, 0.4821296550108217, 0.48543596598050964, 0.5497903185039184]
Iteration 30: [0.40224561285097193, 0.4655660986184066, 0.6265329393599289, 0.15916225190396627, 0.14165612841418673, 0.6255190858814934, 0.4009277536156681, 0.6087827986927034, 0.33742224241500157, 0.6285310576581997, 0.6599035917860527, 0.6762396913092862, 0.21225015643873096, 0.3397817585936958, 0.5713087628294576, 0.5680275862231315, 0.12072367432388453, 0.4821296550108217, 0.48543596598050964, 0.5497903185039184]
Iteration 31: [0.40224561285097193, 0.4655660986184066, 0.6265329393599289, 0.15916225190396627, 0.14165612841418673, 0.6255190858814934, 0.4009277536156681, 0.6087827986927034, 0.33742224241500157, 0.6285310576581997, 0.6599035917860527, 0.6762396913092862, 0.21225015643873096, 0.3397817585936958, 0.5713087628294576, 0.5680275862231315, 0.12072367432388453, 0.4821296550108217, 0.5146700519566316, 0.5497903185039184]
Iteration 32: [0.31031730361288234, 0.4655660986184066, 0.6265329393599289, 0.15916225190396627, 0.14165612841418673, 0.6255190858814934, 0.4009277536156681, 0.602677288133589, 0.33742224241500157, 0.6285310576581997, 0.6599035917860527, 0.6762396913092862, 0.21225015643873096, 0.3397817585936958, 0.5713087628294576, 0.5680275862231315, 0.12072367432388453, 0.4821296550108217, 0.5146700519566316, 0.5497903185039184]
Iteration 33: [0.31031730361288234, 0.4846882754032016, 0.577274833550839, 0.15916225190396627, 0.14165612841418673, 0.6255190858814934, 0.4009277536156681, 0.602677288133589, 0.33742224241500157, 0.6285310576581997, 0.6599035917860527, 0.6762396913092862, 0.21225015643873096, 0.3397817585936958, 0.5713087628294576, 0.5680275862231315, 0.12072367432388453, 0.4821296550108217, 0.5146700519566316, 0.5497903185039184]
Iteration 34: [0.31031730361288234, 0.4846882754032016, 0.577274833550839, 0.15916225190396627, 0.14165612841418673, 0.6255190858814934, 0.4009277536156681, 0.602677288133589, 0.33742224241500157, 0.6285310576581997, 0.6599035917860527, 0.6762396913092862, 0.21225015643873096, 0.3397817585936958, 0.5984204421836383, 0.5680275862231315, 0.12072367432388453, 0.4821296550108217, 0.5146700519566316, 0.5155944558032696]
Iteration 35: [0.31031730361288234, 0.4846882754032016, 0.577274833550839, 0.13896459886332377, 0.14165612841418673, 0.6255190858814934, 0.4009277536156681, 0.602677288133589, 0.33742224241500157, 0.6285310576581997, 0.5908170352906149, 0.6762396913092862, 0.21225015643873096, 0.3397817585936958, 0.5984204421836383, 0.5680275862231315, 0.12072367432388453, 0.4821296550108217, 0.5146700519566316, 0.5155944558032696]
Iteration 36: [0.31031730361288234, 0.4846882754032016, 0.577274833550839, 0.15975521542068488, 0.14165612841418673, 0.6255190858814934, 0.4009277536156681, 0.602677288133589, 0.33742224241500157, 0.6285310576581997, 0.5908170352906149, 0.6762396913092862, 0.22821441216513622, 0.3397817585936958, 0.5984204421836383, 0.5680275862231315, 0.12072367432388453, 0.4821296550108217, 0.5146700519566316, 0.5155944558032696]
Iteration 37: [0.31031730361288234, 0.4846882754032016, 0.577274833550839, 0.15975521542068488, 0.14165612841418673, 0.6255190858814934, 0.4009277536156681, 0.602677288133589, 0.33742224241500157, 0.5531558980749469, 0.5908170352906149, 0.6762396913092862, 0.22821441216513622, 0.3397817585936958, 0.5984204421836383, 0.5680275862231315, 0.3228650970647754, 0.4821296550108217, 0.5146700519566316, 0.5155944558032696]
Iteration 38: [0.31031730361288234, 0.6570783214317735, 0.577274833550839, 0.15975521542068488, 0.14165612841418673, 0.6255190858814934, 0.4009277536156681, 0.602677288133589, 0.33742224241500157, 0.5531558980749469, 0.5908170352906149, 0.6762396913092862, 0.22821441216513622, 0.3397817585936958, 0.5984204421836383, 0.5680275862231315, 0.3228650970647754, 0.4821296550108217, 0.5146700519566316, 0.5155944558032696]
Iteration 39: [0.3071300753347236, 0.6570783214317735, 0.577274833550839, 0.15975521542068488, 0.14165612841418673, 0.6255190858814934, 0.4009277536156681, 0.5466264189881153, 0.33742224241500157, 0.5531558980749469, 0.5908170352906149, 0.6762396913092862, 0.22821441216513622, 0.3397817585936958, 0.5984204421836383, 0.5680275862231315, 0.3228650970647754, 0.4821296550108217, 0.5146700519566316, 0.5155944558032696]
Iteration 40: [0.3071300753347236, 0.6570783214317735, 0.577274833550839, 0.15975521542068488, 0.14165612841418673, 0.6255190858814934, 0.4009277536156681, 0.5466264189881153, 0.33742224241500157, 0.34588973240092363, 0.5908170352906149, 0.6762396913092862, 0.22821441216513622, 0.3397817585936958, 0.5984204421836383, 0.6044611502562978, 0.3228650970647754, 0.4821296550108217, 0.5146700519566316, 0.5155944558032696]
Iteration 41: [0.3071300753347236, 0.6570783214317735, 0.577274833550839, 0.15975521542068488, 0.14165612841418673, 0.6255190858814934, 0.4009277536156681, 0.5466264189881153, 0.33742224241500157, 0.5126203160416127, 0.5908170352906149, 0.6762396913092862, 0.22821441216513622, 0.3397817585936958, 0.5984204421836383, 0.662092761520216, 0.3228650970647754, 0.4821296550108217, 0.5146700519566316, 0.5155944558032696]
Iteration 42: [0.3071300753347236, 0.6570783214317735, 0.577274833550839, 0.15975521542068488, 0.14165612841418673, 0.6255190858814934, 0.4009277536156681, 0.5466264189881153, 0.33742224241500157, 0.5126203160416127, 0.5908170352906149, 0.6762396913092862, 0.22821441216513622, 0.3397817585936958, 0.6181005425871977, 0.662092761520216, 0.09518106871154013, 0.4821296550108217, 0.5146700519566316, 0.5155944558032696]
Iteration 43: [0.3225984484314814, 0.6570783214317735, 0.577274833550839, 0.15975521542068488, 0.14165612841418673, 0.6255190858814934, 0.4009277536156681, 0.5466264189881153, 0.33742224241500157, 0.5899230962272966, 0.5908170352906149, 0.6762396913092862, 0.22821441216513622, 0.3397817585936958, 0.6181005425871977, 0.662092761520216, 0.09518106871154013, 0.4821296550108217, 0.5146700519566316, 0.5155944558032696]
Iteration 44: [0.3225984484314814, 0.6570783214317735, 0.577274833550839, 0.5967086523516913, 0.14165612841418673, 0.6255190858814934, 0.4009277536156681, 0.5466264189881153, 0.33742224241500157, 0.5899230962272966, 0.5908170352906149, 0.6762396913092862, 0.22821441216513622, 0.3397817585936958, 0.6181005425871977, 0.662092761520216, 0.09518106871154013, 0.4821296550108217, 0.5146700519566316, 0.5155944558032696]
Iteration 45: [0.3225984484314814, 0.6570783214317735, 0.577274833550839, 0.5967086523516913, 0.14165612841418673, 0.6255190858814934, 0.4009277536156681, 0.5466264189881153, 0.33742224241500157, 0.6894821905424162, 0.5908170352906149, 0.6762396913092862, 0.22821441216513622, 0.3397817585936958, 0.6181005425871977, 0.662092761520216, 0.09518106871154013, 0.4821296550108217, 0.5146700519566316, 0.5155944558032696]
Iteration 46: [0.29503779042820055, 0.6570783214317735, 0.5796193658899811, 0.5967086523516913, 0.14165612841418673, 0.6255190858814934, 0.4009277536156681, 0.5466264189881153, 0.33742224241500157, 0.6894821905424162, 0.5908170352906149, 0.6762396913092862, 0.22821441216513622, 0.3397817585936958, 0.6181005425871977, 0.662092761520216, 0.09518106871154013, 0.4821296550108217, 0.5146700519566316, 0.5155944558032696]
Iteration 47: [0.29503779042820055, 0.6570783214317735, 0.49817848388742675, 0.5967086523516913, 0.14165612841418673, 0.6255190858814934, 0.4009277536156681, 0.5466264189881153, 0.33742224241500157, 0.6894821905424162, 0.5908170352906149, 0.6762396913092862, 0.22821441216513622, 0.3397817585936958, 0.6181005425871977, 0.662092761520216, 0.09518106871154013, 0.42194223105765893, 0.5146700519566316, 0.5155944558032696]
Iteration 48: [0.29503779042820055, 0.6570783214317735, 0.49817848388742675, 0.5967086523516913, 0.14165612841418673, 0.6255190858814934, 0.4009277536156681, 0.5466264189881153, 0.33742224241500157, 0.6894821905424162, 0.5908172754488454, 0.6762396913092862, 0.22821441216513622, 0.3397817585936958, 0.6181005425871977, 0.662092761520216, 0.09518106871154013, 0.42194223105765893, 0.5146700519566316, 0.5320425626128092]
Iteration 49: [0.29503779042820055, 0.6570783214317735, 0.552531536585055, 0.5967086523516913, 0.14165612841418673, 0.6255190858814934, 0.4009277536156681, 0.5466264189881153, 0.33742224241500157, 0.6894821905424162, 0.5908172754488454, 0.6762396913092862, 0.22821441216513622, 0.3397817585936958, 0.6181005425871977, 0.662092761520216, 0.09518106871154013, 0.42194223105765893, 0.5146700519566316, 0.5320425626128092]
Iteration 50: [0.29503779042820055, 0.6570783214317735, 0.552531536585055, 0.5967086523516913, 0.14165612841418673, 0.6255190858814934, 0.4009277536156681, 0.554526871846324, 0.33742224241500157, 0.6903289933079443, 0.5908172754488454, 0.6762396913092862, 0.22821441216513622, 0.3397817585936958, 0.6181005425871977, 0.662092761520216, 0.09518106871154013, 0.42194223105765893, 0.5146700519566316, 0.5320425626128092]
Iteration 51: [0.29503779042820055, 0.6570783214317735, 0.552531536585055, 0.5967086523516913, 0.14165612841418673, 0.6255190858814934, 0.4009277536156681, 0.554526871846324, 0.33742224241500157, 0.6903289933079443, 0.7070880700590845, 0.6762396913092862, 0.22821441216513622, 0.3397817585936958, 0.6181005425871977, 0.662092761520216, 0.09518106871154013, 0.12173320615680516, 0.5146700519566316, 0.5320425626128092]
Iteration 52: [0.29503779042820055, 0.6570783214317735, 0.552531536585055, 0.5967086523516913, 0.14165612841418673, 0.6255190858814934, 0.4009277536156681, 0.6563460500026628, 0.33742224241500157, 0.6903289933079443, 0.6077075333781307, 0.6762396913092862, 0.22821441216513622, 0.3397817585936958, 0.6181005425871977, 0.662092761520216, 0.09518106871154013, 0.12173320615680516, 0.5146700519566316, 0.5320425626128092]
Iteration 53: [0.29503779042820055, 0.6570783214317735, 0.552531536585055, 0.5967086523516913, 0.14165612841418673, 0.6255190858814934, 0.4009277536156681, 0.6463769293382069, 0.33742224241500157, 0.6903289933079443, 0.6077075333781307, 0.6762396913092862, 0.22821441216513622, 0.3397817585936958, 0.6181005425871977, 0.662092761520216, 0.09518106871154013, 0.12173320615680516, 0.5146700519566316, 0.5320425626128092]
Iteration 54: [0.095219901557079, 0.6570783214317735, 0.552531536585055, 0.5967086523516913, 0.14165612841418673, 0.6255190858814934, 0.4009277536156681, 0.6463769293382069, 0.6069152864086057, 0.6903289933079443, 0.6077075333781307, 0.6762396913092862, 0.22821441216513622, 0.3397817585936958, 0.6181005425871977, 0.662092761520216, 0.09518106871154013, 0.12173320615680516, 0.5146700519566316, 0.5320425626128092]
Iteration 55: [0.095219901557079, 0.6570783214317735, 0.552531536585055, 0.5967086523516913, 0.14165612841418673, 0.6255190858814934, 0.4009277536156681, 0.6474214843499584, 0.6069152864086057, 0.6903289933079443, 0.6077075333781307, 0.6762396913092862, 0.22821441216513622, 0.3397817585936958, 0.6399207910816497, 0.662092761520216, 0.09518106871154013, 0.12173320615680516, 0.5146700519566316, 0.5320425626128092]
Iteration 56: [0.095219901557079, 0.6570783214317735, 0.552531536585055, 0.5967086523516913, 0.14165612841418673, 0.6724391564861859, 0.4009277536156681, 0.6474214843499584, 0.6069152864086057, 0.6903289933079443, 0.6077075333781307, 0.6762396913092862, 0.22821441216513622, 0.3397817585936958, 0.6399207910816497, 0.662092761520216, 0.12977640884655742, 0.12173320615680516, 0.5146700519566316, 0.5320425626128092]
Iteration 57: [0.095219901557079, 0.6570783214317735, 0.552531536585055, 0.5967086523516913, 0.14165612841418673, 0.6724391564861859, 0.4009277536156681, 0.6253689266866801, 0.6069152864086057, 0.6903289933079443, 0.6077075333781307, 0.6762396913092862, 0.22821441216513622, 0.3397817585936958, 0.49568575646616025, 0.662092761520216, 0.12977640884655742, 0.12173320615680516, 0.5146700519566316, 0.5320425626128092]
Iteration 58: [0.095219901557079, 0.6570783214317735, 0.552531536585055, 0.5967086523516913, 0.1475383819027094, 0.6724391564861859, 0.4009277536156681, 0.6253689266866801, 0.6069152864086057, 0.6903289933079443, 0.6077075333781307, 0.6762396913092862, 0.22821441216513622, 0.3397817585936958, 0.49568575646616025, 0.662092761520216, 0.12977640884655742, 0.12173320615680516, 0.5277347890863833, 0.5320425626128092]
Iteration 59: [0.095219901557079, 0.6570783214317735, 0.5400056221154461, 0.5967086523516913, 0.1475383819027094, 0.6724391564861859, 0.4009277536156681, 0.6253689266866801, 0.6069152864086057, 0.6903289933079443, 0.6077075333781307, 0.6762396913092862, 0.22821441216513622, 0.3397817585936958, 0.49568575646616025, 0.662092761520216, 0.1634094285256675, 0.12173320615680516, 0.5277347890863833, 0.5320425626128092]
Iteration 60: [0.095219901557079, 0.6570783214317735, 0.5400056221154461, 0.5967086523516913, 0.1475383819027094, 0.6724391564861859, 0.4009277536156681, 0.6415501792097403, 0.6069152864086057, 0.6903289933079443, 0.6077075333781307, 0.6762396913092862, 0.22821441216513622, 0.3397817585936958, 0.49568575646616025, 0.2974356883327963, 0.1634094285256675, 0.12173320615680516, 0.5277347890863833, 0.5320425626128092]
Iteration 61: [0.095219901557079, 0.6570783214317735, 0.5400056221154461, 0.5967086523516913, 0.1475383819027094, 0.6724391564861859, 0.4009277536156681, 0.6415501792097403, 0.6069152864086057, 0.6903289933079443, 0.6077075333781307, 0.6762396913092862, 0.22821441216513622, 0.3397817585936958, 0.49568575646616025, 0.2974356883327963, 0.15423364713485313, 0.12173320615680516, 0.5277347890863833, 0.5320425626128092]
Iteration 62: [0.32754310780119983, 0.6570783214317735, 0.5400056221154461, 0.22235225027345384, 0.1475383819027094, 0.6724391564861859, 0.4009277536156681, 0.6415501792097403, 0.6069152864086057, 0.6903289933079443, 0.6077075333781307, 0.6762396913092862, 0.22821441216513622, 0.3397817585936958, 0.49568575646616025, 0.2974356883327963, 0.15423364713485313, 0.12173320615680516, 0.5277347890863833, 0.5320425626128092]
Iteration 63: [0.32754310780119983, 0.6570783214317735, 0.5400056221154461, 0.22235225027345384, 0.1475383819027094, 0.6724391564861859, 0.4009277536156681, 0.6415501792097403, 0.6069152864086057, 0.679212703954088, 0.6077075333781307, 0.6762396913092862, 0.5872062617548077, 0.3397817585936958, 0.49568575646616025, 0.2974356883327963, 0.15423364713485313, 0.12173320615680516, 0.5277347890863833, 0.5320425626128092]
Iteration 64: [0.32754310780119983, 0.6570783214317735, 0.5400056221154461, 0.22235225027345384, 0.1475383819027094, 0.6053136747783362, 0.4009277536156681, 0.6415501792097403, 0.6069152864086057, 0.679212703954088, 0.6077075333781307, 0.6762396913092862, 0.22245728015857905, 0.3397817585936958, 0.49568575646616025, 0.2974356883327963, 0.15423364713485313, 0.12173320615680516, 0.5277347890863833, 0.5320425626128092]
Iteration 65: [0.32754310780119983, 0.6570783214317735, 0.5400056221154461, 0.22235225027345384, 0.13957066079717217, 0.6053136747783362, 0.4009277536156681, 0.6415501792097403, 0.6069152864086057, 0.679212703954088, 0.6077075333781307, 0.6762396913092862, 0.22245728015857905, 0.3397817585936958, 0.49568575646616025, 0.2974356883327963, 0.15423364713485313, 0.12173320615680516, 0.5277347890863833, 0.580134517692531]
Iteration 66: [0.32754310780119983, 0.6194109366937558, 0.5400056221154461, 0.24054591083553134, 0.13957066079717217, 0.6053136747783362, 0.4009277536156681, 0.6415501792097403, 0.6069152864086057, 0.679212703954088, 0.6077075333781307, 0.6762396913092862, 0.22245728015857905, 0.3397817585936958, 0.49568575646616025, 0.2974356883327963, 0.15423364713485313, 0.12173320615680516, 0.5277347890863833, 0.580134517692531]
Iteration 67: [0.32754310780119983, 0.6162790263431338, 0.5400056221154461, 0.24054591083553134, 0.13957066079717217, 0.6053136747783362, 0.4009277536156681, 0.6415501792097403, 0.6069152864086057, 0.679212703954088, 0.6077075333781307, 0.6823385648648449, 0.22245728015857905, 0.3397817585936958, 0.49568575646616025, 0.2974356883327963, 0.15423364713485313, 0.12173320615680516, 0.5277347890863833, 0.580134517692531]
Iteration 68: [0.32754310780119983, 0.6162790263431338, 0.5400056221154461, 0.24054591083553134, 0.13957066079717217, 0.6053136747783362, 0.4009277536156681, 0.6415501792097403, 0.6069152864086057, 0.679212703954088, 0.6077075333781307, 0.6931868918046461, 0.22245728015857905, 0.3397817585936958, 0.49568575646616025, 0.2974356883327963, 0.15423364713485313, 0.12173320615680516, 0.5277347890863833, 0.681415365608425]
Iteration 69: [0.32754310780119983, 0.6162790263431338, 0.5400056221154461, 0.24054591083553134, 0.13957066079717217, 0.6053136747783362, 0.4009277536156681, 0.6415501792097403, 0.17909296589776927, 0.679212703954088, 0.6077075333781307, 0.6931868918046461, 0.22245728015857905, 0.3397817585936958, 0.49568575646616025, 0.2974356883327963, 0.1377711543640684, 0.12173320615680516, 0.5277347890863833, 0.681415365608425]
Iteration 70: [0.32754310780119983, 0.6162790263431338, 0.5400056221154461, 0.24054591083553134, 0.13957066079717217, 0.6053136747783362, 0.4009277536156681, 0.6415501792097403, 0.17909296589776927, 0.679212703954088, 0.6077075333781307, 0.6931868918046461, 0.22245728015857905, 0.3397817585936958, 0.49568575646616025, 0.2974356883327963, 0.1377711543640684, 0.12173320615680516, 0.5240628159189827, 0.6215894130539324]
Iteration 71: [0.32754310780119983, 0.6162790263431338, 0.5400056221154461, 0.1740139637669315, 0.13957066079717217, 0.6053136747783362, 0.4009277536156681, 0.6415501792097403, 0.17909296589776927, 0.679212703954088, 0.6077075333781307, 0.6931868918046461, 0.19937948707927078, 0.3397817585936958, 0.49568575646616025, 0.2974356883327963, 0.1377711543640684, 0.12173320615680516, 0.5240628159189827, 0.6215894130539324]
Iteration 72: [0.32754310780119983, 0.6162790263431338, 0.5400056221154461, 0.1740139637669315, 0.13957066079717217, 0.6053136747783362, 0.4009277536156681, 0.6415501792097403, 0.17909296589776927, 0.679212703954088, 0.6077075333781307, 0.6931868918046461, 0.19937948707927078, 0.1019480012164522, 0.49568575646616025, 0.2974356883327963, 0.1377711543640684, 0.15717797372581155, 0.5240628159189827, 0.6215894130539324]
Iteration 73: [0.32754310780119983, 0.9940798232434622, 0.5400056221154461, 0.1740139637669315, 0.13957066079717217, 0.6053136747783362, 0.4009277536156681, 0.6415501792097403, 0.17909296589776927, 0.679212703954088, 0.6077075333781307, 0.6931868918046461, 0.19937948707927078, 0.1019480012164522, 0.49568575646616025, 0.2974356883327963, 0.1377711543640684, 0.15717797372581155, 0.5240628159189827, 0.6512740114262607]
Iteration 74: [0.32754310780119983, 0.9940798232434622, 0.5400056221154461, 0.1740139637669315, 0.13957066079717217, 0.6053136747783362, 0.4009277536156681, 0.6415501792097403, 0.17909296589776927, 0.679212703954088, 0.6077075333781307, 0.6931868918046461, 0.19937948707927078, 0.1019480012164522, 0.49568575646616025, 0.2974356883327963, 0.13677420390555728, 0.15717797372581155, 0.5240628159189827, 0.6512740114262607]
Iteration 75: [0.32754310780119983, 0.9940798232434622, 0.6440630688293052, 0.1740139637669315, 0.13957066079717217, 0.6053136747783362, 0.4009277536156681, 0.6415501792097403, 0.17909296589776927, 0.679212703954088, 0.6077075333781307, 0.6931868918046461, 0.19937948707927078, 0.1019480012164522, 0.49568575646616025, 0.2974356883327963, 0.15146881496184525, 0.15717797372581155, 0.5240628159189827, 0.6512740114262607]
Iteration 76: [0.32754310780119983, 0.9940798232434622, 0.6440630688293052, 0.1740139637669315, 0.13957066079717217, 0.6053136747783362, 0.4009277536156681, 0.6415501792097403, 0.17909296589776927, 0.679212703954088, 0.6077075333781307, 0.6931868918046461, 0.19937948707927078, 0.1019480012164522, 0.49568575646616025, 0.2974356883327963, 0.12895293968533306, 0.15717797372581155, 0.5240628159189827, 0.6512740114262607]
Iteration 77: [0.32754310780119983, 0.9940798232434622, 0.6440630688293052, 0.1740139637669315, 0.1786931137912686, 0.6053136747783362, 0.4009277536156681, 0.6415501792097403, 0.17909296589776927, 0.679212703954088, 0.6077075333781307, 0.6931868918046461, 0.19937948707927078, 0.1019480012164522, 0.49568575646616025, 0.2974356883327963, 0.12895293968533306, 0.15717797372581155, 0.5240628159189827, 0.6596590344122012]
Iteration 78: [0.32754310780119983, 0.9940798232434622, 0.6440630688293052, 0.1740139637669315, 0.1786931137912686, 0.6053136747783362, 0.4009277536156681, 0.6008630911634923, 0.17909296589776927, 0.679212703954088, 0.6077075333781307, 0.6931868918046461, 0.19937948707927078, 0.1019480012164522, 0.49568575646616025, 0.2974356883327963, 0.12895293968533306, 0.15717797372581155, 0.5240628159189827, 0.7253341315046714]
Iteration 79: [0.32754310780119983, 0.9940798232434622, 0.6440630688293052, 0.1740139637669315, 0.1786931137912686, 0.6053136747783362, 0.4009277536156681, 0.6008630911634923, 0.17909296589776927, 0.679212703954088, 0.6077075333781307, 0.2910198816858633, 0.19937948707927078, 0.1019480012164522, 0.49568575646616025, 0.2974356883327963, 0.12895293968533306, 0.15717797372581155, 0.5240628159189827, 0.6755632606436459]
Iteration 80: [0.32754310780119983, 0.9940798232434622, 0.6440630688293052, 0.1740139637669315, 0.14533993061161787, 0.6144023759764858, 0.4009277536156681, 0.6008630911634923, 0.17909296589776927, 0.679212703954088, 0.6077075333781307, 0.2910198816858633, 0.19937948707927078, 0.1019480012164522, 0.49568575646616025, 0.2974356883327963, 0.12895293968533306, 0.15717797372581155, 0.5240628159189827, 0.6755632606436459]
Iteration 81: [0.32754310780119983, 0.9940798232434622, 0.6440630688293052, 0.1740139637669315, 0.14533993061161787, 0.6144023759764858, 0.4009277536156681, 0.6008630911634923, 0.17909296589776927, 0.679212703954088, 0.6779775557558532, 0.2910198816858633, 0.19937948707927078, 0.1019480012164522, 0.49568575646616025, 0.2974356883327963, 0.16896096047112252, 0.15717797372581155, 0.5240628159189827, 0.6755632606436459]
Iteration 82: [0.32754310780119983, 0.9946526536846334, 0.6440630688293052, 0.1740139637669315, 0.14533993061161787, 0.6144023759764858, 0.4009277536156681, 0.6008630911634923, 0.17909296589776927, 0.679212703954088, 0.6779775557558532, 0.319272090522023, 0.19937948707927078, 0.1019480012164522, 0.49568575646616025, 0.2974356883327963, 0.16896096047112252, 0.15717797372581155, 0.5240628159189827, 0.6755632606436459]
Iteration 83: [0.32754310780119983, 0.9946526536846334, 0.6440630688293052, 0.1740139637669315, 0.14533993061161787, 0.5605562974534818, 0.4009277536156681, 0.6008630911634923, 0.17909296589776927, 0.679212703954088, 0.6779775557558532, 0.319272090522023, 0.19937948707927078, 0.1019480012164522, 0.49568575646616025, 0.2974356883327963, 0.24011809469963633, 0.15717797372581155, 0.5240628159189827, 0.6755632606436459]
Iteration 84: [0.32754310780119983, 0.9955095702213584, 0.6440630688293052, 0.1740139637669315, 0.14533993061161787, 0.5605562974534818, 0.4009277536156681, 0.6008630911634923, 0.17909296589776927, 0.679212703954088, 0.6779775557558532, 0.319272090522023, 0.2199293068018895, 0.1019480012164522, 0.49568575646616025, 0.2974356883327963, 0.24011809469963633, 0.15717797372581155, 0.5240628159189827, 0.6755632606436459]
Iteration 85: [0.32754310780119983, 0.9955095702213584, 0.6440630688293052, 0.1740139637669315, 0.14533993061161787, 0.5605562974534818, 0.4009277536156681, 0.2512457842838881, 0.17909296589776927, 0.679212703954088, 0.6790970495801286, 0.319272090522023, 0.2199293068018895, 0.1019480012164522, 0.49568575646616025, 0.2974356883327963, 0.24011809469963633, 0.15717797372581155, 0.5240628159189827, 0.6755632606436459]
Iteration 86: [0.32754310780119983, 0.9955095702213584, 0.6477501366773035, 0.1740139637669315, 0.14533993061161787, 0.5605562974534818, 0.41706346831984564, 0.2512457842838881, 0.17909296589776927, 0.679212703954088, 0.6790970495801286, 0.319272090522023, 0.2199293068018895, 0.1019480012164522, 0.49568575646616025, 0.2974356883327963, 0.24011809469963633, 0.15717797372581155, 0.5240628159189827, 0.6755632606436459]
Iteration 87: [0.32754310780119983, 0.9955095702213584, 0.6477501366773035, 0.1740139637669315, 0.14533993061161787, 0.5605562974534818, 0.41706346831984564, 0.2512457842838881, 0.17909296589776927, 0.6749124284550637, 0.6790970495801286, 0.319272090522023, 0.2199293068018895, 0.1019480012164522, 0.49568575646616025, 0.2974356883327963, 0.24011809469963633, 0.15717797372581155, 0.5240628159189827, 0.6755632606436459]
Iteration 88: [0.32754310780119983, 0.9955095702213584, 0.6477501366773035, 0.1740139637669315, 0.14533993061161787, 0.5605562974534818, 0.41706346831984564, 0.3013380838428211, 0.17909296589776927, 0.6749124284550637, 0.6790970495801286, 0.319272090522023, 0.2199293068018895, 0.1019480012164522, 0.49568575646616025, 0.5849947053957021, 0.24011809469963633, 0.15717797372581155, 0.5240628159189827, 0.6755632606436459]
Iteration 89: [0.32754310780119983, 0.9955095702213584, 0.6477501366773035, 0.1740139637669315, 0.12390078705500862, 0.5605562974534818, 0.531174705873983, 0.3013380838428211, 0.17909296589776927, 0.6749124284550637, 0.6790970495801286, 0.319272090522023, 0.2199293068018895, 0.1019480012164522, 0.49568575646616025, 0.5849947053957021, 0.24011809469963633, 0.15717797372581155, 0.5240628159189827, 0.6755632606436459]
Iteration 90: [0.32754310780119983, 0.9955095702213584, 0.6610367559569408, 0.1740139637669315, 0.12390078705500862, 0.5605562974534818, 0.531174705873983, 0.3013380838428211, 0.17909296589776927, 0.6749124284550637, 0.6790970495801286, 0.319272090522023, 0.2199293068018895, 0.1019480012164522, 0.49568575646616025, 0.5849947053957021, 0.24011809469963633, 0.15717797372581155, 0.5240628159189827, 0.6755632606436459]
Iteration 91: [0.32754310780119983, 0.9955095702213584, 0.6610367559569408, 0.1740139637669315, 0.11932790938739177, 0.5605562974534818, 0.531174705873983, 0.3013380838428211, 0.17909296589776927, 0.6749124284550637, 0.6790970495801286, 0.2997573436258895, 0.2199293068018895, 0.1019480012164522, 0.49568575646616025, 0.5849947053957021, 0.24011809469963633, 0.15717797372581155, 0.5240628159189827, 0.6755632606436459]
Iteration 92: [0.32754310780119983, 0.9955095702213584, 0.6610367559569408, 0.1740139637669315, 0.11932790938739177, 0.5605562974534818, 0.531174705873983, 0.3013380838428211, 0.17909296589776927, 0.6749124284550637, 0.6790970495801286, 0.2997573436258895, 0.2199293068018895, 0.1019480012164522, 0.49568575646616025, 0.5849947053957021, 0.24011809469963633, 0.15717797372581155, 0.5240628159189827, 0.5869242450498046]
Iteration 93: [0.32754310780119983, 0.9955095702213584, 0.6610367559569408, 0.1740139637669315, 0.11932790938739177, 0.5605562974534818, 0.531174705873983, 0.3013380838428211, 0.17909296589776927, 0.6749124284550637, 0.6790970495801286, 0.2997573436258895, 0.2199293068018895, 0.1019480012164522, 0.49568575646616025, 0.21182508677303022, 0.24011809469963633, 0.15717797372581155, 0.5240628159189827, 0.5869242450498046]
Iteration 94: [0.32754310780119983, 0.9955095702213584, 0.6610367559569408, 0.1740139637669315, 0.11932790938739177, 0.5605562974534818, 0.531174705873983, 0.3013380838428211, 0.17909296589776927, 0.6749124284550637, 0.5571502521255812, 0.28721919675083585, 0.2199293068018895, 0.1019480012164522, 0.49568575646616025, 0.21182508677303022, 0.24011809469963633, 0.15717797372581155, 0.5240628159189827, 0.5869242450498046]
Iteration 95: [0.32754310780119983, 0.9955095702213584, 0.6610367559569408, 0.1740139637669315, 0.11932790938739177, 0.5605562974534818, 0.531174705873983, 0.3013380838428211, 0.17909296589776927, 0.6749124284550637, 0.6698032598146614, 0.28721919675083585, 0.2199293068018895, 0.1019480012164522, 0.49568575646616025, 0.21182508677303022, 0.24011809469963633, 0.15717797372581155, 0.5240628159189827, 0.5869242450498046]
Iteration 96: [0.32754310780119983, 0.9955095702213584, 0.6610367559569408, 0.23185791351831042, 0.11932790938739177, 0.5605562974534818, 0.531174705873983, 0.3013380838428211, 0.17909296589776927, 0.6749124284550637, 0.6115833809662764, 0.28721919675083585, 0.2199293068018895, 0.1019480012164522, 0.49568575646616025, 0.21182508677303022, 0.24011809469963633, 0.15717797372581155, 0.5240628159189827, 0.5869242450498046]
Iteration 97: [0.32754310780119983, 0.9955095702213584, 0.6610367559569408, 0.23185791351831042, 0.11932790938739177, 0.5605562974534818, 0.527600420780184, 0.3013380838428211, 0.17909296589776927, 0.6749124284550637, 0.6115833809662764, 0.28721919675083585, 0.2199293068018895, 0.1019480012164522, 0.49568575646616025, 0.21182508677303022, 0.22805221698170858, 0.15717797372581155, 0.5240628159189827, 0.5869242450498046]
Iteration 98: [0.32754310780119983, 0.9963297661947123, 0.6610367559569408, 0.23185791351831042, 0.5282618157937049, 0.5605562974534818, 0.527600420780184, 0.3013380838428211, 0.17909296589776927, 0.6749124284550637, 0.6115833809662764, 0.28721919675083585, 0.2199293068018895, 0.1019480012164522, 0.49568575646616025, 0.21182508677303022, 0.22805221698170858, 0.15717797372581155, 0.5240628159189827, 0.5869242450498046]
Iteration 99: [0.32754310780119983, 0.9963297661947123, 0.632993944867778, 0.23185791351831042, 0.5282618157937049, 0.5605562974534818, 0.527600420780184, 0.3013380838428211, 0.17909296589776927, 0.6749124284550637, 0.6115833809662764, 0.28721919675083585, 0.2199293068018895, 0.1019480012164522, 0.49568575646616025, 0.21182508677303022, 0.22805221698170858, 0.15717797372581155, 0.5064889969630534, 0.5869242450498046]
Iteration 100: [0.11586644791944653, 0.9963297661947123, 0.632993944867778, 0.23185791351831042, 0.5282618157937049, 0.5605562974534818, 0.527600420780184, 0.3013380838428211, 0.2593093550084039, 0.6749124284550637, 0.6115833809662764, 0.28721919675083585, 0.2199293068018895, 0.1019480012164522, 0.49568575646616025, 0.21182508677303022, 0.22805221698170858, 0.15717797372581155, 0.5064889969630534, 0.5869242450498046]
Iteration 101: [0.08549077640850215, 0.9963297661947123, 0.632993944867778, 0.23185791351831042, 0.5282618157937049, 0.5605562974534818, 0.527600420780184, 0.3013380838428211, 0.2593093550084039, 0.6749124284550637, 0.6115833809662764, 0.28721919675083585, 0.2199293068018895, 0.1019480012164522, 0.49568575646616025, 0.31874621784137164, 0.22805221698170858, 0.15717797372581155, 0.5064889969630534, 0.5869242450498046]
Iteration 102: [0.1029661188705397, 0.9963297661947123, 0.632993944867778, 0.23185791351831042, 0.5282618157937049, 0.5605562974534818, 0.5450277703830478, 0.3013380838428211, 0.2593093550084039, 0.6749124284550637, 0.6115833809662764, 0.28721919675083585, 0.2199293068018895, 0.1019480012164522, 0.49568575646616025, 0.31874621784137164, 0.22805221698170858, 0.15717797372581155, 0.5064889969630534, 0.5869242450498046]
Iteration 103: [0.13333777164591581, 0.9963297661947123, 0.632993944867778, 0.23185791351831042, 0.5282618157937049, 0.5605562974534818, 0.5450277703830478, 0.3013380838428211, 0.2593093550084039, 0.6749124284550637, 0.6115833809662764, 0.31381663671717996, 0.2199293068018895, 0.1019480012164522, 0.49568575646616025, 0.31874621784137164, 0.22805221698170858, 0.15717797372581155, 0.5064889969630534, 0.5869242450498046]
Iteration 104: [0.13333777164591581, 0.9963297661947123, 0.632993944867778, 0.23185791351831042, 0.5282618157937049, 0.5605562974534818, 0.5450277703830478, 0.3419336260410912, 0.2593093550084039, 0.6749124284550637, 0.6115833809662764, 0.31381663671717996, 0.2199293068018895, 0.1019480012164522, 0.49568575646616025, 0.31874621784137164, 0.22805221698170858, 0.15717797372581155, 0.5064889969630534, 0.5869242450498046]
Iteration 105: [0.13333777164591581, 0.9963297661947123, 0.583697373033044, 0.15661046373229684, 0.5282618157937049, 0.5605562974534818, 0.5450277703830478, 0.3419336260410912, 0.2593093550084039, 0.6749124284550637, 0.6115833809662764, 0.31381663671717996, 0.2199293068018895, 0.1019480012164522, 0.49568575646616025, 0.31874621784137164, 0.22805221698170858, 0.15717797372581155, 0.5064889969630534, 0.5869242450498046]
Iteration 106: [0.13333777164591581, 0.9946729493031573, 0.583697373033044, 0.15661046373229684, 0.5282618157937049, 0.5605562974534818, 0.5450277703830478, 0.3419336260410912, 0.2593093550084039, 0.6749124284550637, 0.6115833809662764, 0.31381663671717996, 0.2199293068018895, 0.1019480012164522, 0.49568575646616025, 0.31874621784137164, 0.22805221698170858, 0.20864357727328375, 0.5064889969630534, 0.5869242450498046]
Iteration 107: [0.13333777164591581, 0.9946729493031573, 0.583697373033044, 0.15661046373229684, 0.5282618157937049, 0.5605562974534818, 0.5450277703830478, 0.3419336260410912, 0.2593093550084039, 0.6749124284550637, 0.6115833809662764, 0.31381663671717996, 0.2199293068018895, 0.1019480012164522, 0.49568575646616025, 0.31874621784137164, 0.2415237986255982, 0.20864357727328375, 0.5064889969630534, 0.5869242450498046]
Iteration 108: [0.13333777164591581, 0.9946729493031573, 0.583697373033044, 0.15661046373229684, 0.5282618157937049, 0.5605562974534818, 0.5450277703830478, 0.3419336260410912, 0.2593093550084039, 0.6749124284550637, 0.6115833809662764, 0.31381663671717996, 0.594928948373152, 0.1019480012164522, 0.49568575646616025, 0.31874621784137164, 0.23536023201975478, 0.20864357727328375, 0.5064889969630534, 0.5869242450498046]
Iteration 109: [0.13333777164591581, 0.9960186319491589, 0.583697373033044, 0.15661046373229684, 0.5282618157937049, 0.5605562974534818, 0.5450277703830478, 0.3419336260410912, 0.2593093550084039, 0.6749124284550637, 0.6115833809662764, 0.31381663671717996, 0.594928948373152, 0.1019480012164522, 0.49568575646616025, 0.31874621784137164, 0.23536023201975478, 0.20864357727328375, 0.5064889969630534, 0.18779831452420676]
Iteration 110: [0.13333777164591581, 0.9960186319491589, 0.583697373033044, 0.15661046373229684, 0.3717396720420342, 0.5605562974534818, 0.5450277703830478, 0.3419336260410912, 0.2593093550084039, 0.6749124284550637, 0.6115833809662764, 0.31381663671717996, 0.594928948373152, 0.1019480012164522, 0.5216400704827973, 0.31874621784137164, 0.23536023201975478, 0.20864357727328375, 0.5064889969630534, 0.18779831452420676]
Iteration 111: [0.10878705074022192, 0.9960186319491589, 0.583697373033044, 0.15661046373229684, 0.3717396720420342, 0.5605562974534818, 0.6365661073916133, 0.3419336260410912, 0.2593093550084039, 0.6749124284550637, 0.6115833809662764, 0.31381663671717996, 0.594928948373152, 0.1019480012164522, 0.5216400704827973, 0.31874621784137164, 0.23536023201975478, 0.20864357727328375, 0.5064889969630534, 0.18779831452420676]
Iteration 112: [0.10878705074022192, 0.6279774958723661, 0.583697373033044, 0.15661046373229684, 0.3717396720420342, 0.5605562974534818, 0.6365661073916133, 0.3419336260410912, 0.2593093550084039, 0.6749124284550637, 0.9931802717946038, 0.31381663671717996, 0.594928948373152, 0.1019480012164522, 0.5216400704827973, 0.31874621784137164, 0.23536023201975478, 0.20864357727328375, 0.5064889969630534, 0.18779831452420676]
Iteration 113: [0.10878705074022192, 0.6279774958723661, 0.583697373033044, 0.15661046373229684, 0.3717396720420342, 0.5605562974534818, 0.6365661073916133, 0.3419336260410912, 0.2593093550084039, 0.7093326653106947, 0.6993230713152468, 0.31381663671717996, 0.594928948373152, 0.1019480012164522, 0.5216400704827973, 0.31874621784137164, 0.23536023201975478, 0.20864357727328375, 0.5064889969630534, 0.18779831452420676]
Iteration 114: [0.10878705074022192, 0.6279774958723661, 0.583697373033044, 0.15661046373229684, 0.3717396720420342, 0.5605562974534818, 0.9916551342021346, 0.3419336260410912, 0.2593093550084039, 0.7093326653106947, 0.6993230713152468, 0.31381663671717996, 0.594928948373152, 0.1019480012164522, 0.5216400704827973, 0.33532993384469023, 0.23536023201975478, 0.20864357727328375, 0.5064889969630534, 0.18779831452420676]
Iteration 115: [0.10878705074022192, 0.6279774958723661, 0.583697373033044, 0.15661046373229684, 0.46822053156316007, 0.5605562974534818, 0.9947403674206887, 0.3419336260410912, 0.2593093550084039, 0.7093326653106947, 0.6993230713152468, 0.31381663671717996, 0.594928948373152, 0.1019480012164522, 0.5216400704827973, 0.33532993384469023, 0.23536023201975478, 0.20864357727328375, 0.5064889969630534, 0.18779831452420676]
Iteration 116: [0.10878705074022192, 0.6279774958723661, 0.583697373033044, 0.15661046373229684, 0.46822053156316007, 0.5605562974534818, 0.9947403674206887, 0.2945861451758888, 0.21810303652919313, 0.7093326653106947, 0.6993230713152468, 0.31381663671717996, 0.594928948373152, 0.1019480012164522, 0.5216400704827973, 0.33532993384469023, 0.23536023201975478, 0.20864357727328375, 0.5064889969630534, 0.18779831452420676]
Iteration 117: [0.10878705074022192, 0.6279774958723661, 0.583697373033044, 0.15661046373229684, 0.46822053156316007, 0.5605562974534818, 0.9947403674206887, 0.2945861451758888, 0.21810303652919313, 0.7093326653106947, 0.6993230713152468, 0.31381663671717996, 0.594928948373152, 0.1019480012164522, 0.5216400704827973, 0.33532993384469023, 0.17376045746238394, 0.20864357727328375, 0.5064889969630534, 0.18779831452420676]
Iteration 118: [0.23227011705559855, 0.6279774958723661, 0.583697373033044, 0.15661046373229684, 0.46822053156316007, 0.5605562974534818, 0.9947403674206887, 0.2945861451758888, 0.21810303652919313, 0.7093326653106947, 0.6993230713152468, 0.31381663671717996, 0.594928948373152, 0.1019480012164522, 0.5216400704827973, 0.33532993384469023, 0.17376045746238394, 0.24691416526327375, 0.5064889969630534, 0.18779831452420676]
Iteration 119: [0.23227011705559855, 0.6279774958723661, 0.583697373033044, 0.15661046373229684, 0.46822053156316007, 0.5605562974534818, 0.9947403674206887, 0.2806605487480496, 0.21810303652919313, 0.7093326653106947, 0.7084504206005691, 0.31381663671717996, 0.594928948373152, 0.1019480012164522, 0.5216400704827973, 0.33532993384469023, 0.17376045746238394, 0.24691416526327375, 0.5064889969630534, 0.18779831452420676]
Iteration 120: [0.23227011705559855, 0.6279774958723661, 0.24816674969764083, 0.15661046373229684, 0.46822053156316007, 0.5164954183979446, 0.9947403674206887, 0.2806605487480496, 0.21810303652919313, 0.7093326653106947, 0.7084504206005691, 0.31381663671717996, 0.594928948373152, 0.1019480012164522, 0.5216400704827973, 0.33532993384469023, 0.17376045746238394, 0.24691416526327375, 0.5064889969630534, 0.18779831452420676]
Iteration 121: [0.23227011705559855, 0.6279774958723661, 0.24816674969764083, 0.15661046373229684, 0.46822053156316007, 0.6450462007589705, 0.9947403674206887, 0.2806605487480496, 0.21810303652919313, 0.7093326653106947, 0.7084504206005691, 0.31381663671717996, 0.594928948373152, 0.1019480012164522, 0.5216400704827973, 0.33532993384469023, 0.40950443746147125, 0.24691416526327375, 0.5064889969630534, 0.18779831452420676]
Iteration 122: [0.23227011705559855, 0.6279774958723661, 0.24816674969764083, 0.15661046373229684, 0.46822053156316007, 0.6450462007589705, 0.9947403674206887, 0.2806605487480496, 0.21810303652919313, 0.658672303247497, 0.7084504206005691, 0.31381663671717996, 0.594928948373152, 0.1019480012164522, 0.5216400704827973, 0.33532993384469023, 0.14577754304359938, 0.24691416526327375, 0.5064889969630534, 0.18779831452420676]
Iteration 123: [0.23227011705559855, 0.6279774958723661, 0.24816674969764083, 0.15661046373229684, 0.46822053156316007, 0.6450462007589705, 0.9947403674206887, 0.2806605487480496, 0.21810303652919313, 0.583453897543879, 0.7084504206005691, 0.31381663671717996, 0.594928948373152, 0.1019480012164522, 0.5216400704827973, 0.33532993384469023, 0.14577754304359938, 0.24691416526327375, 0.5064889969630534, 0.18779831452420676]
Iteration 124: [0.23227011705559855, 0.6279774958723661, 0.24816674969764083, 0.15661046373229684, 0.46822053156316007, 0.6617404671083758, 0.9947403674206887, 0.2806605487480496, 0.21810303652919313, 0.583453897543879, 0.7084504206005691, 0.31381663671717996, 0.594928948373152, 0.1019480012164522, 0.6029265806287353, 0.33532993384469023, 0.14577754304359938, 0.24691416526327375, 0.5064889969630534, 0.18779831452420676]
Iteration 125: [0.23227011705559855, 0.6279774958723661, 0.24816674969764083, 0.15661046373229684, 0.46822053156316007, 0.6617404671083758, 0.9947403674206887, 0.2806605487480496, 0.21810303652919313, 0.5976596887137501, 0.7084504206005691, 0.32758731537800306, 0.594928948373152, 0.1019480012164522, 0.6029265806287353, 0.33532993384469023, 0.14577754304359938, 0.24691416526327375, 0.5064889969630534, 0.18779831452420676]
Iteration 126: [0.23227011705559855, 0.6279774958723661, 0.24816674969764083, 0.15661046373229684, 0.46822053156316007, 0.6617404671083758, 0.9947403674206887, 0.2806605487480496, 0.21595329953307793, 0.5976596887137501, 0.7084504206005691, 0.32758731537800306, 0.594928948373152, 0.1019480012164522, 0.6029265806287353, 0.5778071260048907, 0.14577754304359938, 0.24691416526327375, 0.5064889969630534, 0.18779831452420676]
Iteration 127: [0.23227011705559855, 0.6279774958723661, 0.24816674969764083, 0.15661046373229684, 0.46822053156316007, 0.6284903127645749, 0.9947403674206887, 0.2806605487480496, 0.21595329953307793, 0.5976596887137501, 0.7084504206005691, 0.32758731537800306, 0.594928948373152, 0.1019480012164522, 0.6029265806287353, 0.5765325786509744, 0.14577754304359938, 0.24691416526327375, 0.5064889969630534, 0.18779831452420676]
Iteration 128: [0.23227011705559855, 0.6279774958723661, 0.24816674969764083, 0.15661046373229684, 0.46822053156316007, 0.6284903127645749, 0.9947403674206887, 0.2806605487480496, 0.21595329953307793, 0.5989777753434812, 0.7084504206005691, 0.32758731537800306, 0.594928948373152, 0.1019480012164522, 0.6029265806287353, 0.5765325786509744, 0.5417613733247111, 0.24691416526327375, 0.5064889969630534, 0.18779831452420676]
Iteration 129: [0.23227011705559855, 0.6279774958723661, 0.24816674969764083, 0.15661046373229684, 0.46822053156316007, 0.6284903127645749, 0.9947403674206887, 0.2806605487480496, 0.21595329953307793, 0.5989777753434812, 0.7084504206005691, 0.32758731537800306, 0.594928948373152, 0.1019480012164522, 0.6029265806287353, 0.5650905003096093, 0.5417613733247111, 0.2618790172671809, 0.5064889969630534, 0.18779831452420676]
Iteration 130: [0.23227011705559855, 0.6606243780629898, 0.24816674969764083, 0.15661046373229684, 0.46822053156316007, 0.6284903127645749, 0.9947403674206887, 0.27261359163840954, 0.21595329953307793, 0.5989777753434812, 0.7084504206005691, 0.32758731537800306, 0.594928948373152, 0.1019480012164522, 0.6029265806287353, 0.5650905003096093, 0.5417613733247111, 0.2618790172671809, 0.5064889969630534, 0.18779831452420676]
Iteration 131: [0.23227011705559855, 0.6606243780629898, 0.24816674969764083, 0.15661046373229684, 0.46822053156316007, 0.6284903127645749, 0.9947403674206887, 0.27261359163840954, 0.18473777861165602, 0.5989777753434812, 0.7084504206005691, 0.32758731537800306, 0.594928948373152, 0.1019480012164522, 0.6029265806287353, 0.5650905003096093, 0.20704016248412857, 0.2618790172671809, 0.5064889969630534, 0.18779831452420676]
Iteration 132: [0.23227011705559855, 0.6704612973052326, 0.24816674969764083, 0.16487519877890058, 0.46822053156316007, 0.6284903127645749, 0.9947403674206887, 0.27261359163840954, 0.18473777861165602, 0.5989777753434812, 0.7084504206005691, 0.32758731537800306, 0.594928948373152, 0.1019480012164522, 0.6029265806287353, 0.5650905003096093, 0.20704016248412857, 0.2618790172671809, 0.5064889969630534, 0.18779831452420676]
Iteration 133: [0.23227011705559855, 0.6704612973052326, 0.24816674969764083, 0.16487519877890058, 0.46822053156316007, 0.6284903127645749, 0.9947403674206887, 0.27261359163840954, 0.18473777861165602, 0.5989777753434812, 0.7084504206005691, 0.32758731537800306, 0.594928948373152, 0.1019480012164522, 0.6029265806287353, 0.5650905003096093, 0.20704016248412857, 0.256678992657033, 0.5064889969630534, 0.18779831452420676]
Iteration 134: [0.23227011705559855, 0.6704612973052326, 0.24816674969764083, 0.16487519877890058, 0.46822053156316007, 0.6284903127645749, 0.9947403674206887, 0.27261359163840954, 0.18473777861165602, 0.5989777753434812, 0.7084504206005691, 0.32758731537800306, 0.594928948373152, 0.1019480012164522, 0.6029265806287353, 0.5650905003096093, 0.20704016248412857, 0.2613388814776048, 0.5064889969630534, 0.18779831452420676]
Iteration 135: [0.23227011705559855, 0.6704612973052326, 0.5787908295001157, 0.16487519877890058, 0.46222154665022674, 0.6284903127645749, 0.9947403674206887, 0.27261359163840954, 0.18473777861165602, 0.5989777753434812, 0.7084504206005691, 0.32758731537800306, 0.594928948373152, 0.1019480012164522, 0.6029265806287353, 0.5650905003096093, 0.20704016248412857, 0.2613388814776048, 0.5064889969630534, 0.18779831452420676]
Iteration 136: [0.23227011705559855, 0.6704612973052326, 0.5787908295001157, 0.16487519877890058, 0.46222154665022674, 0.6034888294141398, 0.9947403674206887, 0.27261359163840954, 0.18473777861165602, 0.5989777753434812, 0.7084504206005691, 0.32758731537800306, 0.594928948373152, 0.1019480012164522, 0.6029265806287353, 0.5650905003096093, 0.20704016248412857, 0.2613388814776048, 0.5064889969630534, 0.1982921795415449]
Iteration 137: [0.19559089666633234, 0.6704612973052326, 0.5787908295001157, 0.20517468598392802, 0.46222154665022674, 0.6034888294141398, 0.9947403674206887, 0.27261359163840954, 0.18473777861165602, 0.5989777753434812, 0.7084504206005691, 0.32758731537800306, 0.594928948373152, 0.1019480012164522, 0.6029265806287353, 0.5650905003096093, 0.20704016248412857, 0.2613388814776048, 0.5064889969630534, 0.1982921795415449]
Iteration 138: [0.19559089666633234, 0.6704612973052326, 0.5787908295001157, 0.2568854705970884, 0.46222154665022674, 0.6034888294141398, 0.9947403674206887, 0.27261359163840954, 0.18473777861165602, 0.5989777753434812, 0.7084504206005691, 0.32758731537800306, 0.5799915312809668, 0.1019480012164522, 0.6029265806287353, 0.5650905003096093, 0.20704016248412857, 0.2613388814776048, 0.5064889969630534, 0.1982921795415449]
Iteration 139: [0.19559089666633234, 0.6704612973052326, 0.5787908295001157, 0.2568854705970884, 0.46222154665022674, 0.5824354954046379, 0.9947403674206887, 0.27261359163840954, 0.18473777861165602, 0.5989777753434812, 0.7084504206005691, 0.32758731537800306, 0.5799915312809668, 0.1019480012164522, 0.6029265806287353, 0.5650905003096093, 0.20704016248412857, 0.2613388814776048, 0.47404370145524316, 0.1982921795415449]
Iteration 140: [0.19559089666633234, 0.6704612973052326, 0.5787908295001157, 0.2568854705970884, 0.4763325750953351, 0.5824354954046379, 0.9947403674206887, 0.27261359163840954, 0.18473777861165602, 0.6448166788068416, 0.7084504206005691, 0.32758731537800306, 0.5799915312809668, 0.1019480012164522, 0.6029265806287353, 0.5650905003096093, 0.20704016248412857, 0.2613388814776048, 0.47404370145524316, 0.1982921795415449]
Iteration 141: [0.19559089666633234, 0.6704612973052326, 0.5787908295001157, 0.2568854705970884, 0.4763325750953351, 0.5824354954046379, 0.9947403674206887, 0.27261359163840954, 0.18473777861165602, 0.6448166788068416, 0.7084504206005691, 0.32758731537800306, 0.5799915312809668, 0.1019480012164522, 0.6029265806287353, 0.0006365384023816222, 0.20704016248412857, 0.2613388814776048, 0.5121996349464243, 0.1982921795415449]
Iteration 142: [0.19559089666633234, 0.6704612973052326, 0.5787908295001157, 0.2568854705970884, 0.4763325750953351, 0.5824354954046379, 0.9947403674206887, 0.325137782087462, 0.18473777861165602, 0.6448166788068416, 0.7084504206005691, 0.32758731537800306, 0.5799915312809668, 0.1019480012164522, 0.6570425293887296, 0.0006365384023816222, 0.20704016248412857, 0.2613388814776048, 0.5121996349464243, 0.1982921795415449]
Iteration 143: [0.19559089666633234, 0.6704612973052326, 0.5787908295001157, 0.2568854705970884, 0.4763325750953351, 0.5824354954046379, 0.6498935933747594, 0.325137782087462, 0.6057812642500111, 0.6448166788068416, 0.7084504206005691, 0.32758731537800306, 0.5799915312809668, 0.1019480012164522, 0.6570425293887296, 0.0006365384023816222, 0.20704016248412857, 0.2613388814776048, 0.5121996349464243, 0.1982921795415449]
Iteration 144: [0.19559089666633234, 0.6704612973052326, 0.5787908295001157, 0.2568854705970884, 0.4763325750953351, 0.5824354954046379, 0.6498935933747594, 0.325137782087462, 0.6057812642500111, 0.6448166788068416, 0.7084504206005691, 0.32758731537800306, 0.13465193214430554, 0.1019480012164522, 0.6570425293887296, 0.0006365384023816222, 0.4170878203628037, 0.2613388814776048, 0.5121996349464243, 0.1982921795415449]
Iteration 145: [0.19559089666633234, 0.609793671079448, 0.5787908295001157, 0.2568854705970884, 0.4763325750953351, 0.5824354954046379, 0.6498935933747594, 0.325137782087462, 0.6057812642500111, 0.6448166788068416, 0.7084504206005691, 0.32758731537800306, 0.13465193214430554, 0.1019480012164522, 0.6570425293887296, 0.0006365384023816222, 0.4170878203628037, 0.2613388814776048, 0.5160954122745205, 0.1982921795415449]
Iteration 146: [0.19559089666633234, 0.609793671079448, 0.5787908295001157, 0.2568854705970884, 0.6957724078146489, 0.5824354954046379, 0.6498935933747594, 0.325137782087462, 0.6057812642500111, 0.6448166788068416, 0.7084504206005691, 0.32758731537800306, 0.13465193214430554, 0.1019480012164522, 0.6570425293887296, 0.0006365384023816222, 0.4170878203628037, 0.2613388814776048, 0.6076376360484496, 0.1982921795415449]
Iteration 147: [0.19559089666633234, 0.609793671079448, 0.5787908295001157, 0.21478544961700602, 0.6957724078146489, 0.5824354954046379, 0.6498935933747594, 0.325137782087462, 0.6057812642500111, 0.6448166788068416, 0.7084504206005691, 0.32758731537800306, 0.13465193214430554, 0.1019480012164522, 0.6570425293887296, 0.0006365384023816222, 0.4170878203628037, 0.2673352144731966, 0.6076376360484496, 0.1982921795415449]
Iteration 148: [0.19559089666633234, 0.609793671079448, 0.5787908295001157, 0.21478544961700602, 0.6957724078146489, 0.5824354954046379, 0.6498935933747594, 0.325137782087462, 0.6057812642500111, 0.6448166788068416, 0.6230483769680999, 0.32758731537800306, 0.13465193214430554, 0.1019480012164522, 0.6570425293887296, 0.0006365384023816222, 0.4170878203628037, 0.2673352144731966, 0.6307186836588312, 0.1982921795415449]
Iteration 149: [0.19559089666633234, 0.609793671079448, 0.5787908295001157, 0.21478544961700602, 0.6295741588596021, 0.5824354954046379, 0.6498935933747594, 0.3015378288865422, 0.6057812642500111, 0.6448166788068416, 0.6230483769680999, 0.32758731537800306, 0.13465193214430554, 0.1019480012164522, 0.6570425293887296, 0.0006365384023816222, 0.4170878203628037, 0.2673352144731966, 0.6307186836588312, 0.1982921795415449]
Iteration 150: [0.19559089666633234, 0.609793671079448, 0.5787908295001157, 0.21478544961700602, 0.617212191467034, 0.6140686145175317, 0.6498935933747594, 0.3015378288865422, 0.6057812642500111, 0.6448166788068416, 0.6230483769680999, 0.32758731537800306, 0.13465193214430554, 0.1019480012164522, 0.6570425293887296, 0.0006365384023816222, 0.4170878203628037, 0.2673352144731966, 0.6307186836588312, 0.1982921795415449]
