There are 16 agents who believe in con
There are 1 agents who believe in pro
There are 3 agents who are neutral 

Iteration 1: [0.4813417547707219, 0.4789674023307657, 0.46681096040303477, 0.3815013317847469, 0.5270772966104722, 0.486482112923338, 0.6020828240712859, 0.3652010156796094, 0.3802942398542014, 0.44857473495973926, 0.6187491808898989, 0.3071292202252218, 0.2977337341654114, 0.34803173928987097, 0.5309838729756694, 0.5993656614543356, 0.28797235069311516, 0.4962882410522119, 0.35670268936310434, 0.22385671046172295]
Iteration 2: [0.4813417547707219, 0.4789674023307657, 0.46681096040303477, 0.3815013317847469, 0.5270772966104722, 0.486482112923338, 0.6020828240712859, 0.3652010156796094, 0.3802942398542014, 0.44857473495973926, 0.6187491808898989, 0.3071292202252218, 0.2977337341654114, 0.2985473940059536, 0.5309838729756694, 0.5993656614543356, 0.28797235069311516, 0.4962882410522119, 0.35670268936310434, 0.22385671046172295]
Iteration 3: [0.4813417547707219, 0.4789674023307657, 0.46681096040303477, 0.3815013317847469, 0.5270772966104722, 0.486482112923338, 0.5950619302037241, 0.3652010156796094, 0.3802942398542014, 0.44857473495973926, 0.31400187035550964, 0.3071292202252218, 0.2977337341654114, 0.2985473940059536, 0.5309838729756694, 0.5993656614543356, 0.28797235069311516, 0.4962882410522119, 0.35670268936310434, 0.22385671046172295]
Iteration 4: [0.4813417547707219, 0.4789674023307657, 0.46681096040303477, 0.3815013317847469, 0.5270772966104722, 0.486482112923338, 0.5950619302037241, 0.3652010156796094, 0.3802942398542014, 0.44857473495973926, 0.31400187035550964, 0.3071292202252218, 0.2977337341654114, 0.2399276037698775, 0.5309838729756694, 0.5993656614543356, 0.11232668566365611, 0.4962882410522119, 0.35670268936310434, 0.22385671046172295]
Iteration 5: [0.4813417547707219, 0.147397958892491, 0.46681096040303477, 0.3815013317847469, 0.5270772966104722, 0.486482112923338, 0.5950619302037241, 0.3652010156796094, 0.3802942398542014, 0.44857473495973926, 0.31400187035550964, 0.3071292202252218, 0.2977337341654114, 0.2399276037698775, 0.5032094399952889, 0.5993656614543356, 0.11232668566365611, 0.4962882410522119, 0.35670268936310434, 0.22385671046172295]
Iteration 6: [0.4813417547707219, 0.147397958892491, 0.46681096040303477, 0.3815013317847469, 0.5270772966104722, 0.5876433656107826, 0.5950619302037241, 0.3652010156796094, 0.38507266798153234, 0.44857473495973926, 0.31400187035550964, 0.3071292202252218, 0.2977337341654114, 0.2399276037698775, 0.5032094399952889, 0.5993656614543356, 0.11232668566365611, 0.4962882410522119, 0.35670268936310434, 0.22385671046172295]
Iteration 7: [0.4813417547707219, 0.147397958892491, 0.46681096040303477, 0.3815013317847469, 0.5270772966104722, 0.5876433656107826, 0.7166952182220485, 0.3652010156796094, 0.38507266798153234, 0.44857473495973926, 0.31400187035550964, 0.3071292202252218, 0.2977337341654114, 0.2399276037698775, 0.5032094399952889, 0.6695521262493367, 0.11232668566365611, 0.4962882410522119, 0.35670268936310434, 0.22385671046172295]
Iteration 8: [0.4813417547707219, 0.147397958892491, 0.46681096040303477, 0.3815013317847469, 0.5270772966104722, 0.5876433656107826, 0.7166952182220485, 0.3652010156796094, 0.38507266798153234, 0.44857473495973926, 0.3111912519890426, 0.3071292202252218, 0.2977337341654114, 0.2399276037698775, 0.5032094399952889, 0.6695521262493367, 0.11232668566365611, 0.4962882410522119, 0.35670268936310434, 0.22385671046172295]
Iteration 9: [0.3448637678687532, 0.147397958892491, 0.46681096040303477, 0.3815013317847469, 0.5270772966104722, 0.5876433656107826, 0.7166952182220485, 0.3652010156796094, 0.38507266798153234, 0.44857473495973926, 0.3111912519890426, 0.3071292202252218, 0.2977337341654114, 0.2399276037698775, 0.5032094399952889, 0.6695521262493367, 0.11232668566365611, 0.4962882410522119, 0.35670268936310434, 0.505462394349534]
Iteration 10: [0.3448637678687532, 0.147397958892491, 0.46681096040303477, 0.3815013317847469, 0.4965077138240037, 0.5876433656107826, 0.7166952182220485, 0.3652010156796094, 0.38507266798153234, 0.44857473495973926, 0.3111912519890426, 0.12858666892375345, 0.2977337341654114, 0.2399276037698775, 0.5032094399952889, 0.6695521262493367, 0.11232668566365611, 0.4962882410522119, 0.35670268936310434, 0.505462394349534]
Iteration 11: [0.3448637678687532, 0.147397958892491, 0.46681096040303477, 0.3815013317847469, 0.4965077138240037, 0.5876433656107826, 0.7166952182220485, 0.3652010156796094, 0.38507266798153234, 0.44857473495973926, 0.3111912519890426, 0.12858666892375345, 0.2977337341654114, 0.2399276037698775, 0.4288560025282456, 0.6695521262493367, 0.11232668566365611, 0.3383008339311673, 0.35670268936310434, 0.505462394349534]
Iteration 12: [0.3448637678687532, 0.2531677890169925, 0.46681096040303477, 0.3815013317847469, 0.4965077138240037, 0.5876433656107826, 0.7166952182220485, 0.3652010156796094, 0.38507266798153234, 0.44857473495973926, 0.38558363128223033, 0.12858666892375345, 0.2977337341654114, 0.2399276037698775, 0.4288560025282456, 0.6695521262493367, 0.11232668566365611, 0.3383008339311673, 0.35670268936310434, 0.505462394349534]
Iteration 13: [0.3448637678687532, 0.2531677890169925, 0.46681096040303477, 0.3815013317847469, 0.4965077138240037, 0.5876433656107826, 0.7166952182220485, 0.3652010156796094, 0.38507266798153234, 0.44857473495973926, 0.38558363128223033, 0.12858666892375345, 0.2977337341654114, 0.2399276037698775, 0.4288560025282456, 0.6695521262493367, 0.11232668566365611, 0.25511458072640514, 0.2681110612774343, 0.505462394349534]
Iteration 14: [0.3448637678687532, 0.2531677890169925, 0.46681096040303477, 0.3815013317847469, 0.4965077138240037, 0.5876433656107826, 0.7166952182220485, 0.3652010156796094, 0.38507266798153234, 0.44857473495973926, 0.5620631258570306, 0.12858666892375345, 0.2977337341654114, 0.2399276037698775, 0.4288560025282456, 0.6695521262493367, 0.0017931872907612203, 0.25511458072640514, 0.2681110612774343, 0.505462394349534]
Iteration 15: [0.3448637678687532, 0.2531677890169925, 0.46681096040303477, 0.3815013317847469, 0.4965077138240037, 0.5876433656107826, 0.700918450327631, 0.3652010156796094, 0.37224501579005986, 0.44857473495973926, 0.5620631258570306, 0.12858666892375345, 0.2977337341654114, 0.2399276037698775, 0.4288560025282456, 0.6695521262493367, 0.0017931872907612203, 0.25511458072640514, 0.2681110612774343, 0.505462394349534]
Iteration 16: [0.3448637678687532, 0.2531677890169925, 0.13154007952637387, 0.3815013317847469, 0.4965077138240037, 0.5876433656107826, 0.700918450327631, 0.3652010156796094, 0.37224501579005986, 0.44857473495973926, 0.5620631258570306, 0.12858666892375345, 0.2977337341654114, 0.2399276037698775, 0.4288560025282456, 0.6695521262493367, 0.0017931872907612203, 0.25511458072640514, 0.16449893082241623, 0.505462394349534]
Iteration 17: [0.3448637678687532, 0.2531677890169925, 0.13154007952637387, 0.3815013317847469, 0.4965077138240037, 0.5876433656107826, 0.700918450327631, 0.3652010156796094, 0.37224501579005986, 0.44857473495973926, 0.5620631258570306, 0.12858666892375345, 0.2977337341654114, 0.2399276037698775, 0.4288560025282456, 0.5914609263020363, 0.11726848464567693, 0.25511458072640514, 0.16449893082241623, 0.505462394349534]
Iteration 18: [0.3448637678687532, 0.2531677890169925, 0.13154007952637387, 0.3815013317847469, 0.4965077138240037, 0.5804142592161687, 0.6945659898687309, 0.3652010156796094, 0.37224501579005986, 0.44857473495973926, 0.5620631258570306, 0.12858666892375345, 0.2977337341654114, 0.2399276037698775, 0.4288560025282456, 0.5914609263020363, 0.11726848464567693, 0.25511458072640514, 0.16449893082241623, 0.505462394349534]
Iteration 19: [0.3448637678687532, 0.2531677890169925, 0.13154007952637387, 0.10695144103616529, 0.4965077138240037, 0.5804142592161687, 0.6945659898687309, 0.3652010156796094, 0.37224501579005986, 0.5534686862491321, 0.5620631258570306, 0.12858666892375345, 0.2977337341654114, 0.2399276037698775, 0.4288560025282456, 0.5914609263020363, 0.11726848464567693, 0.25511458072640514, 0.16449893082241623, 0.505462394349534]
Iteration 20: [0.3448637678687532, 0.2531677890169925, 0.13154007952637387, 0.10695144103616529, 0.4965077138240037, 0.5804142592161687, 0.6945659898687309, 0.3652010156796094, 0.37224501579005986, 0.5534686862491321, 0.2184102403766328, 0.12858666892375345, 0.2977337341654114, 0.2399276037698775, 0.4288560025282456, 0.5914609263020363, 0.10453854966835234, 0.25511458072640514, 0.16449893082241623, 0.505462394349534]
Iteration 21: [0.3448637678687532, 0.2531677890169925, 0.13154007952637387, 0.3320534680804273, 0.4965077138240037, 0.5804142592161687, 0.6945659898687309, 0.3652010156796094, 0.37224501579005986, 0.5534686862491321, 0.2184102403766328, 0.12858666892375345, 0.2977337341654114, 0.2399276037698775, 0.4288560025282456, 0.5914609263020363, 0.10453854966835234, 0.25511458072640514, 0.16449893082241623, 0.5107977636583764]
Iteration 22: [0.3448637678687532, 0.2531677890169925, 0.13154007952637387, 0.3320534680804273, 0.4965077138240037, 0.5804142592161687, 0.6945659898687309, 0.11870986718517529, 0.37224501579005986, 0.5534686862491321, 0.2184102403766328, 0.12858666892375345, 0.2977337341654114, 0.2399276037698775, 0.4288560025282456, 0.5914609263020363, 0.10453854966835234, 0.25511458072640514, 0.13699481171643596, 0.5107977636583764]
Iteration 23: [0.3448637678687532, 0.2286441874543089, 0.13154007952637387, 0.10711233699008424, 0.4965077138240037, 0.5804142592161687, 0.6945659898687309, 0.11870986718517529, 0.37224501579005986, 0.5534686862491321, 0.2184102403766328, 0.12858666892375345, 0.2977337341654114, 0.2399276037698775, 0.4288560025282456, 0.5914609263020363, 0.10453854966835234, 0.25511458072640514, 0.13699481171643596, 0.5107977636583764]
Iteration 24: [0.3448637678687532, 0.2286441874543089, 0.13154007952637387, 0.10711233699008424, 0.4965077138240037, 0.5804142592161687, 0.6945659898687309, 0.11870986718517529, 0.37224501579005986, 0.5534686862491321, 0.2184102403766328, 0.12858666892375345, 0.2087564040956353, 0.2399276037698775, 0.4288560025282456, 0.5914609263020363, 0.10453854966835234, 0.25511458072640514, 0.991668340908078, 0.5107977636583764]
Iteration 25: [0.3448637678687532, 0.2286441874543089, 0.13154007952637387, 0.10711233699008424, 0.4965077138240037, 0.5804142592161687, 0.6945659898687309, 0.11870986718517529, 0.37224501579005986, 0.5386418086272575, 0.2184102403766328, 0.12858666892375345, 0.2087564040956353, 0.2399276037698775, 0.4288560025282456, 0.5914609263020363, 0.10453854966835234, 0.11549017056891252, 0.991668340908078, 0.5107977636583764]
Iteration 26: [0.3448637678687532, 0.2286441874543089, 0.13154007952637387, 0.10711233699008424, 0.4965077138240037, 0.5804142592161687, 0.6945659898687309, 0.11870986718517529, 0.37224501579005986, 0.5386418086272575, 0.2184102403766328, 0.12858666892375345, 0.2087564040956353, 0.2399276037698775, 0.4288560025282456, 0.6248327487010016, 0.10453854966835234, 0.2649040432459417, 0.991668340908078, 0.5107977636583764]
Iteration 27: [0.3448637678687532, 0.2286441874543089, 0.13154007952637387, 0.10711233699008424, 0.4965077138240037, 0.5804142592161687, 0.6945659898687309, 0.11870986718517529, 0.37224501579005986, 0.5386418086272575, 0.07516609151878449, 0.12858666892375345, 0.2087564040956353, 0.2399276037698775, 0.4288560025282456, 0.6248327487010016, 0.10453854966835234, 0.2649040432459417, 0.991668340908078, 0.5530962861480755]
Iteration 28: [0.3448637678687532, 0.2286441874543089, 0.13154007952637387, 0.10711233699008424, 0.4965077138240037, 0.5804142592161687, 0.6945659898687309, 0.11870986718517529, 0.37224501579005986, 0.5386418086272575, 0.07516609151878449, 0.12858666892375345, 0.2087564040956353, 0.2399276037698775, 0.45450123003594006, 0.6248327487010016, 0.10453854966835234, 0.2649040432459417, 0.991668340908078, 0.1451953145327117]
Iteration 29: [0.3448637678687532, 0.2286441874543089, 0.13154007952637387, 0.10711233699008424, 0.4965077138240037, 0.5804142592161687, 0.6945659898687309, 0.11870986718517529, 0.37224501579005986, 0.5386418086272575, 0.07516609151878449, 0.12858666892375345, 0.2087564040956353, 0.2512593134801192, 0.45450123003594006, 0.6248327487010016, 0.10453854966835234, 0.2649040432459417, 0.6529476237257894, 0.1451953145327117]
Iteration 30: [0.3448637678687532, 0.2286441874543089, 0.13154007952637387, 0.10711233699008424, 0.4965077138240037, 0.5804142592161687, 0.6945659898687309, 0.11870986718517529, 0.37224501579005986, 0.5386418086272575, 0.07516609151878449, 0.12858666892375345, 0.2087564040956353, 0.2512593134801192, 0.45450123003594006, 0.6248327487010016, 0.10453854966835234, 0.2649040432459417, 0.6529476237257894, 0.1451953145327117]
Iteration 31: [0.3448637678687532, 0.2286441874543089, 0.13154007952637387, 0.10711233699008424, 0.5256130224731056, 0.5804142592161687, 0.6587570390304213, 0.11870986718517529, 0.37224501579005986, 0.5386418086272575, 0.07516609151878449, 0.12858666892375345, 0.2087564040956353, 0.2512593134801192, 0.45450123003594006, 0.6248327487010016, 0.10453854966835234, 0.2649040432459417, 0.6529476237257894, 0.1451953145327117]
Iteration 32: [0.3448637678687532, 0.2286441874543089, 0.13154007952637387, 0.10711233699008424, 0.5256130224731056, 0.5804142592161687, 0.6587570390304213, 0.1494087250466874, 0.37224501579005986, 0.5386418086272575, 0.07516609151878449, 0.3540161412642674, 0.2087564040956353, 0.2512593134801192, 0.45450123003594006, 0.6248327487010016, 0.10453854966835234, 0.2649040432459417, 0.6529476237257894, 0.1451953145327117]
Iteration 33: [0.3448637678687532, 0.2286441874543089, 0.13154007952637387, 0.10711233699008424, 0.5256130224731056, 0.5804142592161687, 0.6587570390304213, 0.21600518336926025, 0.37224501579005986, 0.5386418086272575, 0.07516609151878449, 0.3540161412642674, 0.2087564040956353, 0.2512593134801192, 0.45450123003594006, 0.6248327487010016, 0.10453854966835234, 0.2649040432459417, 0.6529476237257894, 0.1451953145327117]
Iteration 34: [0.3448637678687532, 0.2286441874543089, 0.13154007952637387, 0.09415611635584994, 0.5256130224731056, 0.5348821051460322, 0.6587570390304213, 0.21600518336926025, 0.37224501579005986, 0.5386418086272575, 0.07516609151878449, 0.3540161412642674, 0.2087564040956353, 0.2512593134801192, 0.45450123003594006, 0.6248327487010016, 0.10453854966835234, 0.2649040432459417, 0.6529476237257894, 0.1451953145327117]
Iteration 35: [0.3448637678687532, 0.2286441874543089, 0.13154007952637387, 0.09415611635584994, 0.5256130224731056, 0.5348821051460322, 0.6587570390304213, 0.21600518336926025, 0.37224501579005986, 0.5386418086272575, 0.07516609151878449, 0.3540161412642674, 0.2087564040956353, 0.2512593134801192, 0.45450123003594006, 0.6248327487010016, 0.0932463249869495, 0.2649040432459417, 0.6495999563885122, 0.1451953145327117]
Iteration 36: [0.3448637678687532, 0.2286441874543089, 0.13154007952637387, 0.09415611635584994, 0.5256130224731056, 0.5348821051460322, 0.6587570390304213, 0.19763284581595425, 0.37224501579005986, 0.5386418086272575, 0.07516609151878449, 0.3540161412642674, 0.2087564040956353, 0.2512593134801192, 0.45450123003594006, 0.6248327487010016, 0.0932463249869495, 0.24334495499067088, 0.6495999563885122, 0.1451953145327117]
Iteration 37: [0.3448637678687532, 0.2286441874543089, 0.13154007952637387, 0.09415611635584994, 0.5256130224731056, 0.5348821051460322, 0.6798467142660345, 0.19763284581595425, 0.37224501579005986, 0.5386418086272575, 0.07516609151878449, 0.3540161412642674, 0.2087564040956353, 0.2512593134801192, 0.45450123003594006, 0.6248327487010016, 0.0932463249869495, 0.24334495499067088, 0.6495999563885122, 0.138950541888912]
Iteration 38: [0.3448637678687532, 0.2286441874543089, 0.13154007952637387, 0.09415611635584994, 0.5256130224731056, 0.5348821051460322, 0.6798467142660345, 0.2278581220491568, 0.37224501579005986, 0.5386418086272575, 0.07516609151878449, 0.4785147025785905, 0.2087564040956353, 0.2512593134801192, 0.45450123003594006, 0.6248327487010016, 0.0932463249869495, 0.24334495499067088, 0.6495999563885122, 0.138950541888912]
Iteration 39: [0.3448637678687532, 0.2286441874543089, 0.08214822699231891, 0.09415611635584994, 0.5256130224731056, 0.5348821051460322, 0.6798467142660345, 0.2198296981763922, 0.37224501579005986, 0.5386418086272575, 0.07516609151878449, 0.4785147025785905, 0.2087564040956353, 0.2512593134801192, 0.45450123003594006, 0.6248327487010016, 0.0932463249869495, 0.24334495499067088, 0.6495999563885122, 0.138950541888912]
Iteration 40: [0.3448637678687532, 0.2286441874543089, 0.08214822699231891, 0.09415611635584994, 0.5256130224731056, 0.5993117027729727, 0.6207247200905147, 0.2198296981763922, 0.37224501579005986, 0.5386418086272575, 0.07516609151878449, 0.4785147025785905, 0.2087564040956353, 0.2512593134801192, 0.45450123003594006, 0.6248327487010016, 0.0932463249869495, 0.24334495499067088, 0.6495999563885122, 0.138950541888912]
Iteration 41: [0.3448637678687532, 0.2286441874543089, 0.08214822699231891, 0.28896217416831416, 0.5256130224731056, 0.5993117027729727, 0.6207247200905147, 0.2198296981763922, 0.37224501579005986, 0.5386418086272575, 0.07516609151878449, 0.4785147025785905, 0.2087564040956353, 0.2512593134801192, 0.45450123003594006, 0.6248327487010016, 0.12002428965252483, 0.24334495499067088, 0.6495999563885122, 0.138950541888912]
Iteration 42: [0.3448637678687532, 0.2286441874543089, 0.09373830247700733, 0.28896217416831416, 0.5256130224731056, 0.5993117027729727, 0.6207247200905147, 0.2198296981763922, 0.37224501579005986, 0.5386418086272575, 0.07516609151878449, 0.456928176831021, 0.2087564040956353, 0.2512593134801192, 0.45450123003594006, 0.6248327487010016, 0.12002428965252483, 0.24334495499067088, 0.6495999563885122, 0.138950541888912]
Iteration 43: [0.3448637678687532, 0.2286441874543089, 0.09373830247700733, 0.28896217416831416, 0.5256130224731056, 0.5993117027729727, 0.6207247200905147, 0.2198296981763922, 0.37224501579005986, 0.4548943199396806, 0.07516609151878449, 0.456928176831021, 0.2087564040956353, 0.2512593134801192, 0.44060269827386545, 0.6248327487010016, 0.12002428965252483, 0.24334495499067088, 0.6495999563885122, 0.138950541888912]
Iteration 44: [0.3448637678687532, 0.2286441874543089, 0.09373830247700733, 0.28896217416831416, 0.5256130224731056, 0.5936295938277057, 0.6207247200905147, 0.2198296981763922, 0.37224501579005986, 0.4548943199396806, 0.07516609151878449, 0.456928176831021, 0.2087564040956353, 0.2512593134801192, 0.44060269827386545, 0.6248327487010016, 0.12002428965252483, 0.24334495499067088, 0.6495999563885122, 0.138950541888912]
Iteration 45: [0.3448637678687532, 0.2286441874543089, 0.09373830247700733, 0.25816959762426495, 0.5256130224731056, 0.5936295938277057, 0.6207247200905147, 0.2198296981763922, 0.37224501579005986, 0.4548943199396806, 0.07516609151878449, 0.456928176831021, 0.2087564040956353, 0.2512593134801192, 0.44060269827386545, 0.6248327487010016, 0.12002428965252483, 0.24334495499067088, 0.6495999563885122, 0.138950541888912]
Iteration 46: [0.3448637678687532, 0.2286441874543089, 0.09373830247700733, 0.25816959762426495, 0.5256130224731056, 0.5936295938277057, 0.6904853973131362, 0.2198296981763922, 0.37224501579005986, 0.4548943199396806, 0.07516609151878449, 0.456928176831021, 0.2087564040956353, 0.2512593134801192, 0.44060269827386545, 0.6248327487010016, 0.12002428965252483, 0.24334495499067088, 0.6495999563885122, 0.44568479347589746]
Iteration 47: [0.4171653913078823, 0.22044093974576653, 0.09373830247700733, 0.25816959762426495, 0.5256130224731056, 0.5936295938277057, 0.6904853973131362, 0.2198296981763922, 0.37224501579005986, 0.4548943199396806, 0.07516609151878449, 0.456928176831021, 0.2087564040956353, 0.2512593134801192, 0.44060269827386545, 0.6248327487010016, 0.12002428965252483, 0.24334495499067088, 0.6495999563885122, 0.44568479347589746]
Iteration 48: [0.4171653913078823, 0.22044093974576653, 0.09373830247700733, 0.21965185726841124, 0.5256130224731056, 0.5936295938277057, 0.6904853973131362, 0.2198296981763922, 0.37224501579005986, 0.4548943199396806, 0.07516609151878449, 0.456928176831021, 0.2087564040956353, 0.2512593134801192, 0.44060269827386545, 0.6248327487010016, 0.12002428965252483, 0.24334495499067088, 0.6495999563885122, 0.44568479347589746]
Iteration 49: [0.4171653913078823, 0.22044093974576653, 0.09373830247700733, 0.21965185726841124, 0.5256130224731056, 0.5936295938277057, 0.6904853973131362, 0.2198296981763922, 0.14479482147375788, 0.4548943199396806, 0.07516609151878449, 0.456928176831021, 0.2087564040956353, 0.2512593134801192, 0.44060269827386545, 0.6248327487010016, 0.12002428965252483, 0.24334495499067088, 0.6495999563885122, 0.44568479347589746]
Iteration 50: [0.4171653913078823, 0.22044093974576653, 0.0877062923387812, 0.21965185726841124, 0.5256130224731056, 0.5936295938277057, 0.6904853973131362, 0.2198296981763922, 0.14479482147375788, 0.4548943199396806, 0.07516609151878449, 0.456928176831021, 0.2087564040956353, 0.2512593134801192, 0.44060269827386545, 0.6248327487010016, 0.11408304600686726, 0.24334495499067088, 0.6495999563885122, 0.44568479347589746]
Iteration 51: [0.4171653913078823, 0.22044093974576653, 0.0877062923387812, 0.21965185726841124, 0.5256130224731056, 0.5813181417274429, 0.6904853973131362, 0.2198296981763922, 0.14479482147375788, 0.4548943199396806, 0.07516609151878449, 0.456928176831021, 0.2087564040956353, 0.2512593134801192, 0.44060269827386545, 0.6252652741612957, 0.11408304600686726, 0.24334495499067088, 0.6495999563885122, 0.44568479347589746]
Iteration 52: [0.4171653913078823, 0.22044093974576653, 0.0877062923387812, 0.21965185726841124, 0.3296902210588063, 0.5813181417274429, 0.6904853973131362, 0.2198296981763922, 0.14479482147375788, 0.4548943199396806, 0.07516609151878449, 0.456928176831021, 0.2087564040956353, 0.2512593134801192, 0.46072373583860887, 0.6252652741612957, 0.11408304600686726, 0.24334495499067088, 0.6495999563885122, 0.44568479347589746]
Iteration 53: [0.4171653913078823, 0.22044093974576653, 0.0877062923387812, 0.08839325601769044, 0.3296902210588063, 0.5813181417274429, 0.6746792399412771, 0.2198296981763922, 0.14479482147375788, 0.4548943199396806, 0.07516609151878449, 0.456928176831021, 0.2087564040956353, 0.2512593134801192, 0.46072373583860887, 0.6252652741612957, 0.11408304600686726, 0.24334495499067088, 0.6495999563885122, 0.44568479347589746]
Iteration 54: [0.4171653913078823, 0.22044093974576653, 0.3626963247881333, 0.08839325601769044, 0.3296902210588063, 0.5813181417274429, 0.6746792399412771, 0.2198296981763922, 0.14479482147375788, 0.4548943199396806, 0.07516609151878449, 0.40346768965013974, 0.2087564040956353, 0.2512593134801192, 0.46072373583860887, 0.6252652741612957, 0.11408304600686726, 0.24334495499067088, 0.6495999563885122, 0.44568479347589746]
Iteration 55: [0.4171653913078823, 0.22044093974576653, 0.5141424633628527, 0.08839325601769044, 0.3296902210588063, 0.5813181417274429, 0.6746792399412771, 0.2198296981763922, 0.14479482147375788, 0.4548943199396806, 0.07516609151878449, 0.40346768965013974, 0.2087564040956353, 0.2512593134801192, 0.46072373583860887, 0.6252652741612957, 0.11408304600686726, 0.24334495499067088, 0.6625133890772856, 0.44568479347589746]
Iteration 56: [0.4171653913078823, 0.22044093974576653, 0.5141424633628527, 0.08839325601769044, 0.3296902210588063, 0.5813181417274429, 0.6746792399412771, 0.2198296981763922, 0.14479482147375788, 0.4548943199396806, 0.07516609151878449, 0.40346768965013974, 0.2710368104286021, 0.2512593134801192, 0.46072373583860887, 0.6252652741612957, 0.11408304600686726, 0.24334495499067088, 0.6610071908382273, 0.44568479347589746]
Iteration 57: [0.4171653913078823, 0.22044093974576653, 0.5141424633628527, 0.08839325601769044, 0.3296902210588063, 0.5813181417274429, 0.6746792399412771, 0.2198296981763922, 0.13252142945808093, 0.3651435348773862, 0.07516609151878449, 0.40346768965013974, 0.2710368104286021, 0.2512593134801192, 0.46072373583860887, 0.6252652741612957, 0.11408304600686726, 0.24334495499067088, 0.6610071908382273, 0.44568479347589746]
Iteration 58: [0.4171653913078823, 0.22044093974576653, 0.5141424633628527, 0.08839325601769044, 0.3296902210588063, 0.5813181417274429, 0.6746792399412771, 0.21562360976885334, 0.12400204591250319, 0.3651435348773862, 0.07516609151878449, 0.40346768965013974, 0.2710368104286021, 0.2512593134801192, 0.46072373583860887, 0.6252652741612957, 0.11408304600686726, 0.24334495499067088, 0.6610071908382273, 0.44568479347589746]
Iteration 59: [0.4171653913078823, 0.22044093974576653, 0.47883724371650893, 0.08839325601769044, 0.3296902210588063, 0.581680635368871, 0.6746792399412771, 0.21562360976885334, 0.12400204591250319, 0.3651435348773862, 0.07516609151878449, 0.40346768965013974, 0.2710368104286021, 0.2512593134801192, 0.46072373583860887, 0.6252652741612957, 0.11408304600686726, 0.24334495499067088, 0.6610071908382273, 0.44568479347589746]
Iteration 60: [0.4171653913078823, 0.22044093974576653, 0.47883724371650893, 0.08839325601769044, 0.3296902210588063, 0.581680635368871, 0.27453254687300593, 0.21562360976885334, 0.1877053413012226, 0.3651435348773862, 0.07516609151878449, 0.40346768965013974, 0.2710368104286021, 0.2512593134801192, 0.46072373583860887, 0.6252652741612957, 0.11408304600686726, 0.24334495499067088, 0.6610071908382273, 0.44568479347589746]
Iteration 61: [0.4171653913078823, 0.22044093974576653, 0.47883724371650893, 0.08839325601769044, 0.3296902210588063, 0.581680635368871, 0.27453254687300593, 0.21925644109795364, 0.1877053413012226, 0.3651435348773862, 0.07516609151878449, 0.40346768965013974, 0.2710368104286021, 0.2512593134801192, 0.46072373583860887, 0.6252652741612957, 0.11408304600686726, 0.24334495499067088, 0.6610071908382273, 0.44568479347589746]
Iteration 62: [0.4171653913078823, 0.19190308866876765, 0.47883724371650893, 0.08839325601769044, 0.29517896225167667, 0.581680635368871, 0.27453254687300593, 0.21925644109795364, 0.1877053413012226, 0.3651435348773862, 0.07516609151878449, 0.40346768965013974, 0.2710368104286021, 0.2512593134801192, 0.46072373583860887, 0.6252652741612957, 0.11408304600686726, 0.24334495499067088, 0.6610071908382273, 0.44568479347589746]
Iteration 63: [0.4171653913078823, 0.19190308866876765, 0.47883724371650893, 0.08839325601769044, 0.29517896225167667, 0.581680635368871, 0.27453254687300593, 0.21925644109795364, 0.1877053413012226, 0.3651435348773862, 0.07866393024262318, 0.40346768965013974, 0.2710368104286021, 0.2512593134801192, 0.450918501989373, 0.6252652741612957, 0.11408304600686726, 0.24334495499067088, 0.6610071908382273, 0.44568479347589746]
Iteration 64: [0.4252567484613748, 0.19190308866876765, 0.47883724371650893, 0.08839325601769044, 0.29517896225167667, 0.581680635368871, 0.27453254687300593, 0.21925644109795364, 0.1877053413012226, 0.3651435348773862, 0.07866393024262318, 0.40346768965013974, 0.2710368104286021, 0.2512593134801192, 0.450918501989373, 0.6252652741612957, 0.10154322353258247, 0.24334495499067088, 0.6610071908382273, 0.44568479347589746]
Iteration 65: [0.4252567484613748, 0.19190308866876765, 0.47883724371650893, 0.08839325601769044, 0.29517896225167667, 0.581680635368871, 0.15603641879224647, 0.21925644109795364, 0.1877053413012226, 0.3651435348773862, 0.07866393024262318, 0.40346768965013974, 0.2710368104286021, 0.2512593134801192, 0.450918501989373, 0.6252652741612957, 0.10467082575715152, 0.24334495499067088, 0.6610071908382273, 0.44568479347589746]
Iteration 66: [0.4252567484613748, 0.19190308866876765, 0.47883724371650893, 0.08839325601769044, 0.29517896225167667, 0.581680635368871, 0.15603641879224647, 0.21925644109795364, 0.1877053413012226, 0.3651435348773862, 0.11383825977835854, 0.40346768965013974, 0.2710368104286021, 0.2512593134801192, 0.450918501989373, 0.6252652741612957, 0.10467082575715152, 0.24334495499067088, 0.6610071908382273, 0.44568479347589746]
Iteration 67: [0.303142594400695, 0.19190308866876765, 0.47883724371650893, 0.08839325601769044, 0.29517896225167667, 0.581680635368871, 0.15603641879224647, 0.21925644109795364, 0.1877053413012226, 0.3651435348773862, 0.11383825977835854, 0.40346768965013974, 0.2710368104286021, 0.2512593134801192, 0.450918501989373, 0.6066430003950006, 0.10467082575715152, 0.24334495499067088, 0.6610071908382273, 0.44568479347589746]
Iteration 68: [0.303142594400695, 0.19190308866876765, 0.47883724371650893, 0.08839325601769044, 0.29517896225167667, 0.581680635368871, 0.15603641879224647, 0.21925644109795364, 0.1187449875545174, 0.3651435348773862, 0.11383825977835854, 0.40346768965013974, 0.2710368104286021, 0.2512593134801192, 0.450918501989373, 0.6066430003950006, 0.10467082575715152, 0.24334495499067088, 0.6610071908382273, 0.44568479347589746]
Iteration 69: [0.303142594400695, 0.19190308866876765, 0.47883724371650893, 0.08839325601769044, 0.29517896225167667, 0.581680635368871, 0.15603641879224647, 0.21925644109795364, 0.1187449875545174, 0.3651435348773862, 0.12369293244298746, 0.40346768965013974, 0.2710368104286021, 0.2512593134801192, 0.450918501989373, 0.616704357987529, 0.10467082575715152, 0.24334495499067088, 0.6610071908382273, 0.44568479347589746]
Iteration 70: [0.303142594400695, 0.19190308866876765, 0.47883724371650893, 0.08839325601769044, 0.29517896225167667, 0.581680635368871, 0.15603641879224647, 0.21925644109795364, 0.1187449875545174, 0.3651435348773862, 0.12369293244298746, 0.40346768965013974, 0.2710368104286021, 0.250167968096067, 0.450918501989373, 0.616704357987529, 0.10467082575715152, 0.24334495499067088, 0.6404789484582037, 0.44568479347589746]
Iteration 71: [0.3864322646325852, 0.19190308866876765, 0.47883724371650893, 0.08839325601769044, 0.29517896225167667, 0.581680635368871, 0.15603641879224647, 0.21925644109795364, 0.1187449875545174, 0.3651435348773862, 0.12283295739689869, 0.40346768965013974, 0.2710368104286021, 0.250167968096067, 0.450918501989373, 0.616704357987529, 0.10467082575715152, 0.24334495499067088, 0.6404789484582037, 0.44568479347589746]
Iteration 72: [0.5614770360611356, 0.19190308866876765, 0.47883724371650893, 0.08839325601769044, 0.29517896225167667, 0.581680635368871, 0.15603641879224647, 0.21925644109795364, 0.1187449875545174, 0.3651435348773862, 0.12283295739689869, 0.40346768965013974, 0.2710368104286021, 0.250167968096067, 0.450918501989373, 0.616704357987529, 0.10780110954591159, 0.24334495499067088, 0.6404789484582037, 0.44568479347589746]
Iteration 73: [0.16884222393272905, 0.19190308866876765, 0.5216904267196287, 0.08839325601769044, 0.29517896225167667, 0.581680635368871, 0.15603641879224647, 0.21925644109795364, 0.1187449875545174, 0.3651435348773862, 0.12283295739689869, 0.40346768965013974, 0.2710368104286021, 0.250167968096067, 0.450918501989373, 0.616704357987529, 0.10780110954591159, 0.24334495499067088, 0.6404789484582037, 0.44568479347589746]
Iteration 74: [0.16884222393272905, 0.19190308866876765, 0.5216904267196287, 0.08839325601769044, 0.29517896225167667, 0.581680635368871, 0.15603641879224647, 0.21925644109795364, 0.1187449875545174, 0.34445190402798664, 0.12283295739689869, 0.40346768965013974, 0.6216171978854048, 0.250167968096067, 0.450918501989373, 0.616704357987529, 0.10780110954591159, 0.24334495499067088, 0.6404789484582037, 0.44568479347589746]
Iteration 75: [0.16884222393272905, 0.19190308866876765, 0.5216904267196287, 0.08839325601769044, 0.08686402757811862, 0.581680635368871, 0.15603641879224647, 0.21925644109795364, 0.1187449875545174, 0.34445190402798664, 0.12283295739689869, 0.45776877851267866, 0.6216171978854048, 0.250167968096067, 0.450918501989373, 0.616704357987529, 0.10780110954591159, 0.24334495499067088, 0.6404789484582037, 0.44568479347589746]
Iteration 76: [0.16884222393272905, 0.19190308866876765, 0.5216904267196287, 0.08839325601769044, 0.08686402757811862, 0.581680635368871, 0.15603641879224647, 0.21925644109795364, 0.1187449875545174, 0.34445190402798664, 0.11214098176322004, 0.45776877851267866, 0.6216171978854048, 0.250167968096067, 0.450918501989373, 0.616704357987529, 0.10780110954591159, 0.24334495499067088, 0.6404789484582037, 0.44568479347589746]
Iteration 77: [0.16884222393272905, 0.19190308866876765, 0.5216904267196287, 0.10771561780515718, 0.08686402757811862, 0.581680635368871, 0.15603641879224647, 0.21925644109795364, 0.1187449875545174, 0.34445190402798664, 0.11214098176322004, 0.45776877851267866, 0.6216171978854048, 0.250167968096067, 0.02676317775138024, 0.616704357987529, 0.10780110954591159, 0.24334495499067088, 0.6404789484582037, 0.44568479347589746]
Iteration 78: [0.16884222393272905, 0.19190308866876765, 0.5216904267196287, 0.10771561780515718, 0.08686402757811862, 0.581680635368871, 0.15603641879224647, 0.21925644109795364, 0.1187449875545174, 0.34445190402798664, 0.11214098176322004, 0.45776877851267866, 0.6216171978854048, 0.2786294317074925, 0.02676317775138024, 0.616704357987529, 0.10780110954591159, 0.24334495499067088, 0.6404789484582037, 0.35700021330021514]
Iteration 79: [0.16884222393272905, 0.19190308866876765, 0.5482284891739582, 0.10771561780515718, 0.08686402757811862, 0.581680635368871, 0.19116404220085847, 0.21925644109795364, 0.1187449875545174, 0.34445190402798664, 0.11214098176322004, 0.45776877851267866, 0.6216171978854048, 0.2786294317074925, 0.02676317775138024, 0.616704357987529, 0.10780110954591159, 0.24334495499067088, 0.6404789484582037, 0.35700021330021514]
Iteration 80: [0.16884222393272905, 0.19190308866876765, 0.5482284891739582, 0.10771561780515718, 0.08686402757811862, 0.581680635368871, 0.19116404220085847, 0.21925644109795364, 0.16117895156470224, 0.34445190402798664, 0.11214098176322004, 0.45776877851267866, 0.6216171978854048, 0.2786294317074925, 0.02676317775138024, 0.616704357987529, 0.10780110954591159, 0.24334495499067088, 0.2626947561345414, 0.35700021330021514]
Iteration 81: [0.16884222393272905, 0.19190308866876765, 0.5482284891739582, 0.10771561780515718, 0.08686402757811862, 0.581680635368871, 0.19116404220085847, 0.21925644109795364, 0.16117895156470224, 0.34445190402798664, 0.11214098176322004, 0.45776877851267866, 0.6216171978854048, 0.25969455582469747, 0.02676317775138024, 0.616704357987529, 0.10780110954591159, 0.24334495499067088, 0.2446516525390388, 0.35700021330021514]
Iteration 82: [0.16884222393272905, 0.19190308866876765, 0.5482284891739582, 0.10771561780515718, 0.08686402757811862, 0.581680635368871, 0.19116404220085847, 0.21925644109795364, 0.16117895156470224, 0.34445190402798664, 0.11214098176322004, 0.45776877851267866, 0.6216171978854048, 0.25969455582469747, 0.02676317775138024, 0.616704357987529, 0.10780110954591159, 0.2913006839277785, 0.2446516525390388, 0.35700021330021514]
Iteration 83: [0.16884222393272905, 0.19190308866876765, 0.5482284891739582, 0.10771561780515718, 0.08686402757811862, 0.581680635368871, 0.19116404220085847, 0.20708386333087847, 0.16117895156470224, 0.34445190402798664, 0.11214098176322004, 0.45776877851267866, 0.6216171978854048, 0.25969455582469747, 0.02676317775138024, 0.616704357987529, 0.10467423084102231, 0.2913006839277785, 0.2446516525390388, 0.35700021330021514]
Iteration 84: [0.16884222393272905, 0.19190308866876765, 0.5482284891739582, 0.10771561780515718, 0.08686402757811862, 0.581680635368871, 0.19116404220085847, 0.20708386333087847, 0.16117895156470224, 0.34445190402798664, 0.11214098176322004, 0.15771739993739, 0.6216171978854048, 0.25969455582469747, 0.02676317775138024, 0.616704357987529, 0.10467423084102231, 0.2913006839277785, 0.5503748995660268, 0.35700021330021514]
Iteration 85: [0.16884222393272905, 0.19190308866876765, 0.5482284891739582, 0.10771561780515718, 0.08686402757811862, 0.581680635368871, 0.19116404220085847, 0.20708386333087847, 0.16117895156470224, 0.34445190402798664, 0.11214098176322004, 0.15771739993739, 0.6216171978854048, 0.25969455582469747, 0.02676317775138024, 0.24259755343001824, 0.10467423084102231, 0.2913006839277785, 0.5503748995660268, 0.10994114111115658]
Iteration 86: [0.16884222393272905, 0.19190308866876765, 0.5482284891739582, 0.10771561780515718, 0.08686402757811862, 0.581680635368871, 0.19116404220085847, 0.22460167848547996, 0.16117895156470224, 0.34445190402798664, 0.11214098176322004, 0.15771739993739, 0.6216171978854048, 0.25969455582469747, 0.02676317775138024, 0.24259755343001824, 0.10467423084102231, 0.21340277383067463, 0.5503748995660268, 0.10994114111115658]
Iteration 87: [0.16884222393272905, 0.19190308866876765, 0.5482284891739582, 0.10771561780515718, 0.08686402757811862, 0.581680635368871, 0.19116404220085847, 0.22460167848547996, 0.16117895156470224, 0.34445190402798664, 0.469139541350195, 0.15771739993739, 0.6216171978854048, 0.25969455582469747, 0.9823976404727996, 0.24259755343001824, 0.10467423084102231, 0.21340277383067463, 0.5503748995660268, 0.10994114111115658]
Iteration 88: [0.16884222393272905, 0.19190308866876765, 0.5482284891739582, 0.10771561780515718, 0.08686402757811862, 0.581680635368871, 0.6418367443795443, 0.22460167848547996, 0.16117895156470224, 0.34445190402798664, 0.469139541350195, 0.15771739993739, 0.6216171978854048, 0.25969455582469747, 0.9823976404727996, 0.24259755343001824, 0.10467423084102231, 0.21340277383067463, 0.5503748995660268, 0.10994114111115658]
Iteration 89: [0.16884222393272905, 0.19190308866876765, 0.5482284891739582, 0.10771561780515718, 0.08686402757811862, 0.581680635368871, 0.6418367443795443, 0.22460167848547996, 0.1708445105555109, 0.13203921036898852, 0.469139541350195, 0.15771739993739, 0.6216171978854048, 0.25969455582469747, 0.9823976404727996, 0.24259755343001824, 0.10467423084102231, 0.21340277383067463, 0.5503748995660268, 0.10994114111115658]
Iteration 90: [0.16884222393272905, 0.19190308866876765, 0.5482284891739582, 0.10771561780515718, 0.08686402757811862, 0.581680635368871, 0.6418367443795443, 0.22460167848547996, 0.1708445105555109, 0.13203921036898852, 0.469139541350195, 0.28344557185665126, 0.6216171978854048, 0.25969455582469747, 0.9823976404727996, 0.24259755343001824, 0.10467423084102231, 0.21340277383067463, 0.5503748995660268, 0.12525263224570435]
Iteration 91: [0.16453425369605387, 0.19190308866876765, 0.5482284891739582, 0.10771561780515718, 0.08686402757811862, 0.581680635368871, 0.6418367443795443, 0.22460167848547996, 0.1708445105555109, 0.13203921036898852, 0.469139541350195, 0.28344557185665126, 0.6216171978854048, 0.25969455582469747, 0.9823976404727996, 0.24259755343001824, 0.10467423084102231, 0.21340277383067463, 0.5503748995660268, 0.12525263224570435]
Iteration 92: [0.16453425369605387, 0.19190308866876765, 0.5482284891739582, 0.10771561780515718, 0.08686402757811862, 0.581680635368871, 0.55956342798041, 0.22460167848547996, 0.1708445105555109, 0.13203921036898852, 0.469139541350195, 0.28344557185665126, 0.6216171978854048, 0.25969455582469747, 0.9823976404727996, 0.24259755343001824, 0.10467423084102231, 0.21340277383067463, 0.5503748995660268, 0.15918629366038217]
Iteration 93: [0.16453425369605387, 0.19190308866876765, 0.5482284891739582, 0.10771561780515718, 0.08686402757811862, 0.581680635368871, 0.55956342798041, 0.22460167848547996, 0.1708445105555109, 0.13203921036898852, 0.469139541350195, 0.28344557185665126, 0.6216171978854048, 0.25969455582469747, 0.9823976404727996, 0.5805518463653663, 0.10467423084102231, 0.21340277383067463, 0.6768945310168699, 0.15918629366038217]
Iteration 94: [0.16453425369605387, 0.19190308866876765, 0.5482284891739582, 0.10771561780515718, 0.09690011943449457, 0.581680635368871, 0.55956342798041, 0.22460167848547996, 0.1708445105555109, 0.13203921036898852, 0.469139541350195, 0.28344557185665126, 0.6216171978854048, 0.25969455582469747, 0.9823976404727996, 0.5805518463653663, 0.10467423084102231, 0.21340277383067463, 0.6872037799407692, 0.15918629366038217]
Iteration 95: [0.16453425369605387, 0.19190308866876765, 0.5482284891739582, 0.10771561780515718, 0.09690011943449457, 0.581680635368871, 0.55956342798041, 0.22460167848547996, 0.5953079035057803, 0.13203921036898852, 0.469139541350195, 0.28344557185665126, 0.6216171978854048, 0.25969455582469747, 0.9823976404727996, 0.5805518463653663, 0.10467423084102231, 0.21340277383067463, 0.6872037799407692, 0.2565606953972375]
Iteration 96: [0.16453425369605387, 0.19190308866876765, 0.5482284891739582, 0.10771561780515718, 0.11446788938924389, 0.581680635368871, 0.55956342798041, 0.22460167848547996, 0.5953079035057803, 0.18767918883161414, 0.469139541350195, 0.28344557185665126, 0.6216171978854048, 0.25969455582469747, 0.9823976404727996, 0.5805518463653663, 0.10467423084102231, 0.21340277383067463, 0.6872037799407692, 0.2565606953972375]
Iteration 97: [0.16453425369605387, 0.19190308866876765, 0.5482284891739582, 0.10771561780515718, 0.11446788938924389, 0.581680635368871, 0.55956342798041, 0.22460167848547996, 0.5233661704214858, 0.18767918883161414, 0.469139541350195, 0.28344557185665126, 0.6216171978854048, 0.25969455582469747, 0.9823976404727996, 0.5805518463653663, 0.10467423084102231, 0.21340277383067463, 0.6872037799407692, 0.2565606953972375]
Iteration 98: [0.16453425369605387, 0.19190308866876765, 0.5482284891739582, 0.11801404232449268, 0.11446788938924389, 0.581680635368871, 0.55956342798041, 0.23911520591796037, 0.5233661704214858, 0.18767918883161414, 0.469139541350195, 0.28344557185665126, 0.6216171978854048, 0.25969455582469747, 0.9823976404727996, 0.5805518463653663, 0.10467423084102231, 0.21340277383067463, 0.6872037799407692, 0.2565606953972375]
Iteration 99: [0.16453425369605387, 0.19190308866876765, 0.5482284891739582, 0.21642857798214482, 0.11446788938924389, 0.581680635368871, 0.55956342798041, 0.23086707265913417, 0.5233661704214858, 0.18767918883161414, 0.469139541350195, 0.28344557185665126, 0.6216171978854048, 0.25969455582469747, 0.9823976404727996, 0.5805518463653663, 0.10467423084102231, 0.21340277383067463, 0.6872037799407692, 0.2565606953972375]
Iteration 100: [0.16453425369605387, 0.19190308866876765, 0.5482284891739582, 0.21642857798214482, 0.11446788938924389, 0.581680635368871, 0.55956342798041, 0.23086707265913417, 0.5233661704214858, 0.18767918883161414, 0.4673712500824202, 0.28344557185665126, 0.6216171978854048, 0.25969455582469747, 0.9823976404727996, 0.5805518463653663, 0.3128505894708067, 0.21340277383067463, 0.6872037799407692, 0.2565606953972375]
Iteration 101: [0.16453425369605387, 0.19190308866876765, 0.5482284891739582, 0.21642857798214482, 0.11446788938924389, 0.581680635368871, 0.55956342798041, 0.23086707265913417, 0.5233661704214858, 0.18767918883161414, 0.4673712500824202, 0.28344557185665126, 0.6216171978854048, 0.25969455582469747, 0.9823976404727996, 0.5538110147526087, 0.3128505894708067, 0.21340277383067463, 0.6777109956070191, 0.2565606953972375]
Iteration 102: [0.1503454158245946, 0.19190308866876765, 0.5482284891739582, 0.21642857798214482, 0.11446788938924389, 0.581680635368871, 0.55956342798041, 0.23086707265913417, 0.5233661704214858, 0.18767918883161414, 0.4673712500824202, 0.28344557185665126, 0.3972233787459883, 0.25969455582469747, 0.9823976404727996, 0.5538110147526087, 0.3128505894708067, 0.21340277383067463, 0.6777109956070191, 0.2565606953972375]
Iteration 103: [0.1503454158245946, 0.19190308866876765, 0.5482284891739582, 0.21642857798214482, 0.11236341012275512, 0.5626225728373213, 0.55956342798041, 0.23086707265913417, 0.5233661704214858, 0.18767918883161414, 0.4673712500824202, 0.28344557185665126, 0.3972233787459883, 0.25969455582469747, 0.9823976404727996, 0.5538110147526087, 0.3128505894708067, 0.21340277383067463, 0.6777109956070191, 0.2565606953972375]
Iteration 104: [0.1503454158245946, 0.19190308866876765, 0.5482284891739582, 0.21642857798214482, 0.11236341012275512, 0.5626225728373213, 0.55956342798041, 0.23086707265913417, 0.5599916518416805, 0.18767918883161414, 0.4673712500824202, 0.28344557185665126, 0.3972233787459883, 0.25969455582469747, 0.9823976404727996, 0.5538110147526087, 0.3128505894708067, 0.21340277383067463, 0.6777109956070191, 0.2425455398091689]
Iteration 105: [0.1503454158245946, 0.19190308866876765, 0.5482284891739582, 0.21642857798214482, 0.11236341012275512, 0.5626225728373213, 0.55956342798041, 0.23086707265913417, 0.5599916518416805, 0.18767918883161414, 0.4673712500824202, 0.28344557185665126, 0.3972233787459883, 0.25969455582469747, 0.5486013491851341, 0.5538110147526087, 0.09559361715670338, 0.21340277383067463, 0.6777109956070191, 0.2425455398091689]
Iteration 106: [0.1503454158245946, 0.19190308866876765, 0.5482284891739582, 0.21642857798214482, 0.11236341012275512, 0.5626225728373213, 0.55956342798041, 0.23086707265913417, 0.5599916518416805, 0.18767918883161414, 0.4673712500824202, 0.28344557185665126, 0.3972233787459883, 0.25969455582469747, 0.5486013491851341, 0.6115009863594332, 0.09559361715670338, 0.21340277383067463, 0.6777109956070191, 0.2425455398091689]
Iteration 107: [0.1503454158245946, 0.19190308866876765, 0.5482284891739582, 0.21642857798214482, 0.11236341012275512, 0.5736611037357835, 0.55956342798041, 0.23086707265913417, 0.5599916518416805, 0.18767918883161414, 0.4673712500824202, 0.28344557185665126, 0.14426759775601716, 0.25969455582469747, 0.5486013491851341, 0.6115009863594332, 0.09559361715670338, 0.21340277383067463, 0.6777109956070191, 0.2425455398091689]
Iteration 108: [0.1503454158245946, 0.19190308866876765, 0.5482284891739582, 0.2267949608249013, 0.11236341012275512, 0.5736611037357835, 0.55956342798041, 0.23086707265913417, 0.5599916518416805, 0.18767918883161414, 0.4673712500824202, 0.28344557185665126, 0.14426759775601716, 0.25969455582469747, 0.5486013491851341, 0.6115009863594332, 0.09559361715670338, 0.21340277383067463, 0.6777109956070191, 0.2425455398091689]
Iteration 109: [0.1503454158245946, 0.19190308866876765, 0.5482284891739582, 0.2267949608249013, 0.11236341012275512, 0.5736611037357835, 0.55956342798041, 0.23086707265913417, 0.5599916518416805, 0.18767918883161414, 0.4673712500824202, 0.28344557185665126, 0.14426759775601716, 0.25969455582469747, 0.5486013491851341, 0.3130318517402624, 0.09559361715670338, 0.21340277383067463, 0.6876437755894846, 0.2425455398091689]
Iteration 110: [0.1503454158245946, 0.19190308866876765, 0.5482284891739582, 0.22648509972023653, 0.11236341012275512, 0.5736611037357835, 0.55956342798041, 0.23086707265913417, 0.5599916518416805, 0.18767918883161414, 0.4673712500824202, 0.28344557185665126, 0.14426759775601716, 0.25969455582469747, 0.5486013491851341, 0.3130318517402624, 0.09559361715670338, 0.21340277383067463, 0.6876437755894846, 0.2425455398091689]
Iteration 111: [0.1503454158245946, 0.19190308866876765, 0.5482284891739582, 0.22648509972023653, 0.11236341012275512, 0.5736611037357835, 0.55956342798041, 0.23086707265913417, 0.46654795223255063, 0.18767918883161414, 0.4673712500824202, 0.28344557185665126, 0.3736611026191957, 0.25969455582469747, 0.5486013491851341, 0.3130318517402624, 0.09559361715670338, 0.21340277383067463, 0.6876437755894846, 0.2425455398091689]
Iteration 112: [0.1503454158245946, 0.19190308866876765, 0.5482284891739582, 0.22648509972023653, 0.11236341012275512, 0.5736611037357835, 0.55956342798041, 0.23086707265913417, 0.46654795223255063, 0.18767918883161414, 0.4673712500824202, 0.28344557185665126, 0.3736611026191957, 0.25969455582469747, 0.5486013491851341, 0.3130318517402624, 0.09559361715670338, 0.21340277383067463, 0.6876437755894846, 0.2425455398091689]
Iteration 113: [0.1503454158245946, 0.19190308866876765, 0.5482284891739582, 0.22648509972023653, 0.11236341012275512, 0.5736611037357835, 0.24985543015144376, 0.20684597820195058, 0.46654795223255063, 0.18767918883161414, 0.4673712500824202, 0.28344557185665126, 0.3736611026191957, 0.25969455582469747, 0.5486013491851341, 0.3130318517402624, 0.09559361715670338, 0.21340277383067463, 0.6876437755894846, 0.2425455398091689]
Iteration 114: [0.1503454158245946, 0.19190308866876765, 0.5482284891739582, 0.22648509972023653, 0.11236341012275512, 0.22428023709273706, 0.24985543015144376, 0.20684597820195058, 0.46654795223255063, 0.18767918883161414, 0.4673712500824202, 0.28344557185665126, 0.3736611026191957, 0.25969455582469747, 0.9879551473364393, 0.3130318517402624, 0.09559361715670338, 0.21340277383067463, 0.6876437755894846, 0.2425455398091689]
Iteration 115: [0.1503454158245946, 0.19190308866876765, 0.4644677051465016, 0.22648509972023653, 0.1412739440485667, 0.22428023709273706, 0.24985543015144376, 0.20684597820195058, 0.46654795223255063, 0.18767918883161414, 0.4673712500824202, 0.28344557185665126, 0.3736611026191957, 0.25969455582469747, 0.9879551473364393, 0.3130318517402624, 0.09559361715670338, 0.21340277383067463, 0.6876437755894846, 0.2425455398091689]
Iteration 116: [0.1503454158245946, 0.19190308866876765, 0.4644677051465016, 0.22648509972023653, 0.1412739440485667, 0.598503796672483, 0.24985543015144376, 0.20684597820195058, 0.46654795223255063, 0.18767918883161414, 0.4673712500824202, 0.28344557185665126, 0.3736611026191957, 0.25969455582469747, 0.9879551473364393, 0.3130318517402624, 0.09559361715670338, 0.21340277383067463, 0.6598081451316788, 0.2425455398091689]
Iteration 117: [0.1503454158245946, 0.19190308866876765, 0.6327749908190694, 0.22648509972023653, 0.1412739440485667, 0.598503796672483, 0.24985543015144376, 0.20684597820195058, 0.5294802242998754, 0.18767918883161414, 0.4673712500824202, 0.28344557185665126, 0.3736611026191957, 0.25969455582469747, 0.9879551473364393, 0.3130318517402624, 0.09559361715670338, 0.21340277383067463, 0.6598081451316788, 0.2425455398091689]
Iteration 118: [0.1503454158245946, 0.19190308866876765, 0.6327749908190694, 0.22648509972023653, 0.1412739440485667, 0.598503796672483, 0.21327685212697325, 0.20684597820195058, 0.5294802242998754, 0.18767918883161414, 0.4673712500824202, 0.28344557185665126, 0.3736611026191957, 0.25969455582469747, 0.9879551473364393, 0.3130318517402624, 0.09559361715670338, 0.21340277383067463, 0.6598081451316788, 0.2425455398091689]
Iteration 119: [0.1503454158245946, 0.19190308866876765, 0.6850425744572962, 0.22648509972023653, 0.1412739440485667, 0.598503796672483, 0.21327685212697325, 0.20684597820195058, 0.5294802242998754, 0.18767918883161414, 0.5820975137217964, 0.28344557185665126, 0.3736611026191957, 0.25969455582469747, 0.9879551473364393, 0.3130318517402624, 0.09559361715670338, 0.21340277383067463, 0.6598081451316788, 0.2425455398091689]
Iteration 120: [0.1503454158245946, 0.19190308866876765, 0.6850425744572962, 0.22648509972023653, 0.1412739440485667, 0.5910076816809279, 0.21327685212697325, 0.20684597820195058, 0.5602357758499361, 0.18767918883161414, 0.5820975137217964, 0.28344557185665126, 0.3736611026191957, 0.25969455582469747, 0.9879551473364393, 0.3130318517402624, 0.09559361715670338, 0.21340277383067463, 0.6598081451316788, 0.2425455398091689]
Iteration 121: [0.1503454158245946, 0.19190308866876765, 0.6850425744572962, 0.22648509972023653, 0.19223403935503608, 0.5910076816809279, 0.21327685212697325, 0.20684597820195058, 0.5602357758499361, 0.18767918883161414, 0.5820975137217964, 0.28344557185665126, 0.3736611026191957, 0.25969455582469747, 0.9879551473364393, 0.3130318517402624, 0.09559361715670338, 0.2515937616716549, 0.6598081451316788, 0.2425455398091689]
Iteration 122: [0.1503454158245946, 0.19190308866876765, 0.6850425744572962, 0.22648509972023653, 0.19223403935503608, 0.5910076816809279, 0.21327685212697325, 0.20684597820195058, 0.5602357758499361, 0.18767918883161414, 0.5820975137217964, 0.28344557185665126, 0.3736611026191957, 0.25969455582469747, 0.48291488572005714, 0.3130318517402624, 0.09559361715670338, 0.2515937616716549, 0.6598081451316788, 0.2468321355541172]
Iteration 123: [0.1503454158245946, 0.19190308866876765, 0.6850425744572962, 0.22648509972023653, 0.19223403935503608, 0.5910076816809279, 0.21327685212697325, 0.20684597820195058, 0.5602357758499361, 0.2283727882726438, 0.5820975137217964, 0.28344557185665126, 0.3736611026191957, 0.25969455582469747, 0.48291488572005714, 0.3130318517402624, 0.09559361715670338, 0.2515937616716549, 0.6598081451316788, 0.2468321355541172]
Iteration 124: [0.1503454158245946, 0.19190308866876765, 0.6850425744572962, 0.2134982766627688, 0.19223403935503608, 0.5910076816809279, 0.21327685212697325, 0.20684597820195058, 0.5602357758499361, 0.2283727882726438, 0.5820975137217964, 0.28344557185665126, 0.3736611026191957, 0.25969455582469747, 0.48291488572005714, 0.3130318517402624, 0.09559361715670338, 0.2515937616716549, 0.6598081451316788, 0.2468321355541172]
Iteration 125: [0.1503454158245946, 0.28704094282693815, 0.6850425744572962, 0.2134982766627688, 0.19223403935503608, 0.5910076816809279, 0.21327685212697325, 0.20684597820195058, 0.5602357758499361, 0.2283727882726438, 0.5820975137217964, 0.28344557185665126, 0.3736611026191957, 0.25969455582469747, 0.48291488572005714, 0.3130318517402624, 0.09559361715670338, 0.36486486753116715, 0.6598081451316788, 0.2468321355541172]
Iteration 126: [0.1503454158245946, 0.28704094282693815, 0.6850425744572962, 0.2134982766627688, 0.19223403935503608, 0.5910076816809279, 0.21327685212697325, 0.20684597820195058, 0.2433934630773807, 0.2283727882726438, 0.5820975137217964, 0.28344557185665126, 0.3736611026191957, 0.25969455582469747, 0.48291488572005714, 0.3130318517402624, 0.09559361715670338, 0.36289909280803173, 0.6598081451316788, 0.2468321355541172]
Iteration 127: [0.1503454158245946, 0.28704094282693815, 0.6850425744572962, 0.2134982766627688, 0.19223403935503608, 0.5910076816809279, 0.19955992241362627, 0.20684597820195058, 0.2433934630773807, 0.2283727882726438, 0.5820975137217964, 0.28344557185665126, 0.3736611026191957, 0.25969455582469747, 0.48291488572005714, 0.3130318517402624, 0.09559361715670338, 0.36289909280803173, 0.6598081451316788, 0.2468321355541172]
Iteration 128: [0.1503454158245946, 0.28704094282693815, 0.6850425744572962, 0.2134982766627688, 0.19223403935503608, 0.5910076816809279, 0.19955992241362627, 0.20684597820195058, 0.2433934630773807, 0.2283727882726438, 0.5820975137217964, 0.28344557185665126, 0.3736611026191957, 0.06357153874007788, 0.48291488572005714, 0.3130318517402624, 0.2798519150479635, 0.36289909280803173, 0.6598081451316788, 0.2468321355541172]
Iteration 129: [0.1503454158245946, 0.28704094282693815, 0.600282197826857, 0.2134982766627688, 0.19223403935503608, 0.5910076816809279, 0.19955992241362627, 0.20684597820195058, 0.2433934630773807, 0.2283727882726438, 0.5820975137217964, 0.28344557185665126, 0.3736611026191957, 0.06357153874007788, 0.48291488572005714, 0.32494788062112606, 0.2798519150479635, 0.36289909280803173, 0.6598081451316788, 0.2468321355541172]
Iteration 130: [0.1503454158245946, 0.28704094282693815, 0.600282197826857, 0.2134982766627688, 0.19223403935503608, 0.5910076816809279, 0.19955992241362627, 0.20684597820195058, 0.2433934630773807, 0.2283727882726438, 0.5820975137217964, 0.28344557185665126, 0.3736611026191957, 0.06357153874007788, 0.48291488572005714, 0.32494788062112606, 0.31709048857145966, 0.36289909280803173, 0.6598081451316788, 0.2468321355541172]
Iteration 131: [0.1503454158245946, 0.28704094282693815, 0.600282197826857, 0.21606390347767615, 0.19223403935503608, 0.5910076816809279, 0.19955992241362627, 0.20684597820195058, 0.2433934630773807, 0.2283727882726438, 0.5820975137217964, 0.28344557185665126, 0.3736611026191957, 0.06357153874007788, 0.48291488572005714, 0.3021306490629501, 0.31709048857145966, 0.36289909280803173, 0.6598081451316788, 0.2468321355541172]
Iteration 132: [0.1503454158245946, 0.28704094282693815, 0.600282197826857, 0.21606390347767615, 0.17999574174923616, 0.5910076816809279, 0.19955992241362627, 0.20684597820195058, 0.2433934630773807, 0.14341799785941753, 0.5820975137217964, 0.28344557185665126, 0.3736611026191957, 0.06357153874007788, 0.48291488572005714, 0.3021306490629501, 0.31709048857145966, 0.36289909280803173, 0.6598081451316788, 0.2468321355541172]
Iteration 133: [0.1503454158245946, 0.28704094282693815, 0.600282197826857, 0.21606390347767615, 0.17999574174923616, 0.5910076816809279, 0.19955992241362627, 0.20684597820195058, 0.2433934630773807, 0.14341799785941753, 0.13605849082150237, 0.23867755809037275, 0.3736611026191957, 0.06357153874007788, 0.48291488572005714, 0.3021306490629501, 0.31709048857145966, 0.36289909280803173, 0.6598081451316788, 0.2468321355541172]
Iteration 134: [0.1503454158245946, 0.28704094282693815, 0.600282197826857, 0.21606390347767615, 0.17999574174923616, 0.5910076816809279, 0.19955992241362627, 0.20684597820195058, 0.24705927480784715, 0.14341799785941753, 0.13605849082150237, 0.23867755809037275, 0.3736611026191957, 0.06357153874007788, 0.48291488572005714, 0.3021306490629501, 0.31709048857145966, 0.36289909280803173, 0.3049332596593416, 0.2468321355541172]
Iteration 135: [0.1503454158245946, 0.28704094282693815, 0.600282197826857, 0.21606390347767615, 0.17999574174923616, 0.417713423385737, 0.19955992241362627, 0.20684597820195058, 0.24705927480784715, 0.14341799785941753, 0.13605849082150237, 0.23867755809037275, 0.3736611026191957, 0.06357153874007788, 0.48291488572005714, 0.3021306490629501, 0.31709048857145966, 0.36289909280803173, 0.3049332596593416, 0.2468321355541172]
Iteration 136: [0.1503454158245946, 0.28704094282693815, 0.600282197826857, 0.21606390347767615, 0.17999574174923616, 0.417713423385737, 0.19955992241362627, 0.20684597820195058, 0.24705927480784715, 0.14341799785941753, 0.13605849082150237, 0.23867755809037275, 0.3736611026191957, 0.06357153874007788, 0.4819189781668984, 0.6948777570924562, 0.31709048857145966, 0.36289909280803173, 0.3049332596593416, 0.2468321355541172]
Iteration 137: [0.1503454158245946, 0.22694278389429795, 0.600282197826857, 0.17627034794061114, 0.17999574174923616, 0.417713423385737, 0.19955992241362627, 0.20684597820195058, 0.24705927480784715, 0.14341799785941753, 0.13605849082150237, 0.23867755809037275, 0.3736611026191957, 0.06357153874007788, 0.4819189781668984, 0.6948777570924562, 0.31709048857145966, 0.36289909280803173, 0.3049332596593416, 0.2468321355541172]
Iteration 138: [0.1503454158245946, 0.22694278389429795, 0.600282197826857, 0.17627034794061114, 0.20415581159359672, 0.417713423385737, 0.19955992241362627, 0.2285902352638922, 0.24705927480784715, 0.14341799785941753, 0.13605849082150237, 0.23867755809037275, 0.3736611026191957, 0.06357153874007788, 0.4819189781668984, 0.6948777570924562, 0.31709048857145966, 0.36289909280803173, 0.3049332596593416, 0.2468321355541172]
Iteration 139: [0.1503454158245946, 0.22694278389429795, 0.600282197826857, 0.24499131461748755, 0.2198877962876219, 0.417713423385737, 0.19955992241362627, 0.2285902352638922, 0.24705927480784715, 0.14341799785941753, 0.13605849082150237, 0.23867755809037275, 0.3736611026191957, 0.06357153874007788, 0.4819189781668984, 0.6948777570924562, 0.31709048857145966, 0.36289909280803173, 0.3049332596593416, 0.2468321355541172]
Iteration 140: [0.5387969919390533, 0.22694278389429795, 0.600282197826857, 0.24499131461748755, 0.2198877962876219, 0.417713423385737, 0.19955992241362627, 0.2285902352638922, 0.24705927480784715, 0.14341799785941753, 0.03287589116825314, 0.23867755809037275, 0.3736611026191957, 0.06357153874007788, 0.4819189781668984, 0.6948777570924562, 0.31709048857145966, 0.36289909280803173, 0.3049332596593416, 0.2468321355541172]
Iteration 141: [0.5387969919390533, 0.22694278389429795, 0.600282197826857, 0.24499131461748755, 0.2198877962876219, 0.417713423385737, 0.5771415790231885, 0.2285902352638922, 0.24705927480784715, 0.14341799785941753, 0.03287589116825314, 0.23867755809037275, 0.3736611026191957, 0.06357153874007788, 0.4819189781668984, 0.6948777570924562, 0.31709048857145966, 0.36289909280803173, 0.18330500937469502, 0.2468321355541172]
Iteration 142: [0.5387969919390533, 0.22694278389429795, 0.600282197826857, 0.24499131461748755, 0.2198877962876219, 0.417713423385737, 0.5771415790231885, 0.2285902352638922, 0.24705927480784715, 0.14341799785941753, 0.2304670300751497, 0.2565492319954357, 0.3736611026191957, 0.06357153874007788, 0.4819189781668984, 0.6948777570924562, 0.31709048857145966, 0.36289909280803173, 0.18330500937469502, 0.2468321355541172]
Iteration 143: [0.5387969919390533, 0.22694278389429795, 0.563777077743757, 0.24499131461748755, 0.2198877962876219, 0.417713423385737, 0.5771415790231885, 0.2285902352638922, 0.24705927480784715, 0.14341799785941753, 0.2304670300751497, 0.2565492319954357, 0.3736611026191957, 0.12160858205332109, 0.4819189781668984, 0.6948777570924562, 0.31709048857145966, 0.36289909280803173, 0.18330500937469502, 0.2468321355541172]
Iteration 144: [0.5387969919390533, 0.22694278389429795, 0.563777077743757, 0.24499131461748755, 0.2198877962876219, 0.417713423385737, 0.20348718806582522, 0.2285902352638922, 0.24705927480784715, 0.14341799785941753, 0.2304670300751497, 0.2565492319954357, 0.3736611026191957, 0.12160858205332109, 0.4819189781668984, 0.583575577611362, 0.31709048857145966, 0.36289909280803173, 0.18330500937469502, 0.2468321355541172]
Iteration 145: [0.5387969919390533, 0.22694278389429795, 0.563777077743757, 0.24499131461748755, 0.2198877962876219, 0.417713423385737, 0.20348718806582522, 0.2285902352638922, 0.24705927480784715, 0.14341799785941753, 0.2304670300751497, 0.2565492319954357, 0.3736611026191957, 0.12160858205332109, 0.4819189781668984, 0.583575577611362, 0.31709048857145966, 0.39220263183082976, 0.10647258268789017, 0.2468321355541172]
Iteration 146: [0.5286232868893159, 0.22694278389429795, 0.563777077743757, 0.24499131461748755, 0.2198877962876219, 0.417713423385737, 0.20348718806582522, 0.2285902352638922, 0.24705927480784715, 0.14341799785941753, 0.2304670300751497, 0.2565492319954357, 0.3736611026191957, 0.12160858205332109, 0.4819189781668984, 0.6141319129592234, 0.31709048857145966, 0.39220263183082976, 0.10647258268789017, 0.2468321355541172]
Iteration 147: [0.5286232868893159, 0.22694278389429795, 0.563777077743757, 0.24499131461748755, 0.2198877962876219, 0.417713423385737, 0.20348718806582522, 0.2157779259376917, 0.24705927480784715, 0.14341799785941753, 0.1798605113182061, 0.2565492319954357, 0.3736611026191957, 0.12160858205332109, 0.4819189781668984, 0.6141319129592234, 0.31709048857145966, 0.39220263183082976, 0.10647258268789017, 0.2468321355541172]
Iteration 148: [0.5286232868893159, 0.22694278389429795, 0.563777077743757, 0.24499131461748755, 0.2198877962876219, 0.417713423385737, 0.20348718806582522, 0.2157779259376917, 0.24705927480784715, 0.14341799785941753, 0.1798605113182061, 0.2565492319954357, 0.3736611026191957, 0.12160858205332109, 0.4819189781668984, 0.6021251154219103, 0.31709048857145966, 0.39220263183082976, 0.10647258268789017, 0.1811327196612643]
Iteration 149: [0.5286232868893159, 0.22694278389429795, 0.563777077743757, 0.24499131461748755, 0.2198877962876219, 0.417713423385737, 0.20348718806582522, 0.2150914478609396, 0.24705927480784715, 0.14341799785941753, 0.1798605113182061, 0.2565492319954357, 0.3736611026191957, 0.12160858205332109, 0.027348118261905592, 0.6021251154219103, 0.31709048857145966, 0.39220263183082976, 0.10647258268789017, 0.1811327196612643]
Iteration 150: [0.5286232868893159, 0.22694278389429795, 0.4878920957214394, 0.24499131461748755, 0.2198877962876219, 0.417713423385737, 0.20348718806582522, 0.2150914478609396, 0.23367873999026145, 0.14341799785941753, 0.1798605113182061, 0.2565492319954357, 0.3736611026191957, 0.12160858205332109, 0.027348118261905592, 0.6021251154219103, 0.31709048857145966, 0.39220263183082976, 0.10647258268789017, 0.1811327196612643]
