There are 8 agents who believe in con
There are 11 agents who believe in pro
There are 1 agents who are neutral 

Iteration 1: [0.09823499698207969, 0.13335783931647782, 0.05091196638917814, 0.17723061943502955, 0.15390469291851705, 0.02838520439935645, 0.09023675037192136, 0.09621315509372091, 0.17545298054548608, 0.14758227826222325, 0.9280821043136298, 0.9530156626442583, 0.9677992178989511, 0.8815610273988614, 0.8106657248742616, 0.8425510396696186, 0.9542410398114886, 0.9108369047035512, 0.8263086975223016, 0.8582129346100842]
Iteration 2: [0.09823499698207969, 0.13335783931647782, 0.05091196638917814, 0.17723061943502955, 0.15390469291851705, 0.02838520439935645, 0.09023675037192136, 0.09621315509372091, 0.17545298054548608, 0.14758227826222325, 0.9280821043136298, 0.9530156626442583, 0.9677992178989511, 0.8815610273988614, 0.7967696793263865, 0.8425510396696186, 0.9542410398114886, 0.9108369047035512, 0.8263086975223016, 0.8661550674369541]
Iteration 3: [0.09823499698207969, 0.1881919519186019, 0.05091196638917814, 0.17723061943502955, 0.15390469291851705, 0.02838520439935645, 0.09023675037192136, 0.09621315509372091, 0.5784568501422176, 0.14758227826222325, 0.9280821043136298, 0.9530156626442583, 0.9677992178989511, 0.8815610273988614, 0.7967696793263865, 0.8425510396696186, 0.9542410398114886, 0.9108369047035512, 0.8263086975223016, 0.8661550674369541]
Iteration 4: [0.09823499698207969, 0.1881919519186019, 0.05091196638917814, 0.17723061943502955, 0.15390469291851705, 0.02838520439935645, 0.09023675037192136, 0.09621315509372091, 0.5051094063652691, 0.14758227826222325, 0.9280821043136298, 0.9530156626442583, 0.9677992178989511, 0.8815610273988614, 0.7967696793263865, 0.8425510396696186, 0.9542410398114886, 0.9108369047035512, 0.8263086975223016, 0.8359984716150344]
Iteration 5: [0.09823499698207969, 0.1881919519186019, 0.05091196638917814, 0.17723061943502955, 0.15390469291851705, 0.02838520439935645, 0.09023675037192136, 0.09621315509372091, 0.5051094063652691, 0.14758227826222325, 0.9280821043136298, 0.9530156626442583, 0.9677992178989511, 0.8815610273988614, 0.6536747410212054, 0.8117478638961396, 0.9542410398114886, 0.9108369047035512, 0.8263086975223016, 0.8359984716150344]
Iteration 6: [0.09823499698207969, 0.1881919519186019, 0.05091196638917814, 0.17723061943502955, 0.15390469291851705, 0.02838520439935645, 0.09023675037192136, 0.09621315509372091, 0.5051094063652691, 0.14758227826222325, 0.9559188375406893, 0.9530156626442583, 0.9677992178989511, 0.8815610273988614, 0.6536747410212054, 0.8117478638961396, 0.9667053858611865, 0.9108369047035512, 0.8263086975223016, 0.8359984716150344]
Iteration 7: [0.09823499698207969, 0.14813148751736913, 0.05091196638917814, 0.17723061943502955, 0.15390469291851705, 0.02838520439935645, 0.09023675037192136, 0.11657403724070302, 0.5051094063652691, 0.14758227826222325, 0.9559188375406893, 0.9530156626442583, 0.9677992178989511, 0.8815610273988614, 0.6536747410212054, 0.8117478638961396, 0.9667053858611865, 0.9108369047035512, 0.8263086975223016, 0.8359984716150344]
Iteration 8: [0.09823499698207969, 0.14813148751736913, 0.05091196638917814, 0.17723061943502955, 0.15390469291851705, 0.02838520439935645, 0.5516532899968504, 0.11657403724070302, 0.5051094063652691, 0.14758227826222325, 0.9559188375406893, 0.7169017251489729, 0.9677992178989511, 0.8815610273988614, 0.6536747410212054, 0.8117478638961396, 0.9667053858611865, 0.9108369047035512, 0.8263086975223016, 0.8359984716150344]
Iteration 9: [0.08207107847164297, 0.14813148751736913, 0.05091196638917814, 0.17723061943502955, 0.15390469291851705, 0.02838520439935645, 0.5516532899968504, 0.11657403724070302, 0.5051094063652691, 0.14758227826222325, 0.9559188375406893, 0.7169017251489729, 0.9677992178989511, 0.8815610273988614, 0.6536747410212054, 0.696811654083955, 0.9667053858611865, 0.9108369047035512, 0.8263086975223016, 0.8359984716150344]
Iteration 10: [0.08207107847164297, 0.14813148751736913, 0.05091196638917814, 0.2774846162533143, 0.15390469291851705, 0.02838520439935645, 0.5516532899968504, 0.11657403724070302, 0.5051094063652691, 0.14758227826222325, 0.9559188375406893, 0.6706367349305257, 0.9677992178989511, 0.8815610273988614, 0.6536747410212054, 0.696811654083955, 0.9667053858611865, 0.9108369047035512, 0.8263086975223016, 0.8359984716150344]
Iteration 11: [0.08207107847164297, 0.14813148751736913, 0.05091196638917814, 0.2774846162533143, 0.15390469291851705, 0.02838520439935645, 0.5516532899968504, 0.11657403724070302, 0.5051094063652691, 0.14758227826222325, 0.9559188375406893, 0.6706367349305257, 0.9677992178989511, 0.4767777319035402, 0.6536747410212054, 0.696811654083955, 0.9667053858611865, 0.48970417149417844, 0.8263086975223016, 0.8359984716150344]
Iteration 12: [0.08207107847164297, 0.14813148751736913, 0.05091196638917814, 0.2774846162533143, 0.15390469291851705, 0.02838520439935645, 0.5516532899968504, 0.11657403724070302, 0.5051094063652691, 0.14758227826222325, 0.9559188375406893, 0.6706367349305257, 0.9677992178989511, 0.9006910914055207, 0.5988168182968641, 0.696811654083955, 0.9667053858611865, 0.48970417149417844, 0.8263086975223016, 0.8359984716150344]
Iteration 13: [0.08207107847164297, 0.14813148751736913, 0.05091196638917814, 0.2774846162533143, 0.15261479902766767, 0.02838520439935645, 0.5516532899968504, 0.11657403724070302, 0.5051094063652691, 0.14758227826222325, 0.9559188375406893, 0.6706367349305257, 0.9358249070650394, 0.9006910914055207, 0.5988168182968641, 0.696811654083955, 0.9667053858611865, 0.48970417149417844, 0.8263086975223016, 0.8359984716150344]
Iteration 14: [0.08207107847164297, 0.14813148751736913, 0.05091196638917814, 0.2774846162533143, 0.15261479902766767, 0.28349905967780287, 0.5516532899968504, 0.11657403724070302, 0.5051094063652691, 0.14758227826222325, 0.9559188375406893, 0.6706367349305257, 0.9358249070650394, 0.9006910914055207, 0.5988168182968641, 0.696811654083955, 0.06985071329457761, 0.48970417149417844, 0.8263086975223016, 0.8359984716150344]
Iteration 15: [0.08207107847164297, 0.14813148751736913, 0.05091196638917814, 0.2774846162533143, 0.15261479902766767, 0.28349905967780287, 0.5516532899968504, 0.11657403724070302, 0.5051094063652691, 0.14758227826222325, 0.9559188375406893, 0.7336525402357944, 0.9358249070650394, 0.9006910914055207, 0.5988168182968641, 0.696811654083955, 0.06985071329457761, 0.19193278596320143, 0.8263086975223016, 0.8359984716150344]
Iteration 16: [0.08207107847164297, 0.14813148751736913, 0.05091196638917814, 0.2774846162533143, 0.15261479902766767, 0.28349905967780287, 0.5516532899968504, 0.11657403724070302, 0.5051094063652691, 0.14758227826222325, 0.7941633899276409, 0.7336525402357944, 0.9358249070650394, 0.9006910914055207, 0.5988168182968641, 0.696811654083955, 0.06985071329457761, 0.7465271023548736, 0.8263086975223016, 0.8359984716150344]
Iteration 17: [0.08207107847164297, 0.14813148751736913, 0.05091196638917814, 0.33932935238167433, 0.15261479902766767, 0.28349905967780287, 0.5516532899968504, 0.11657403724070302, 0.5051094063652691, 0.14758227826222325, 0.7941633899276409, 0.7336525402357944, 0.9358249070650394, 0.6590654665683054, 0.5988168182968641, 0.696811654083955, 0.06985071329457761, 0.7465271023548736, 0.8263086975223016, 0.8359984716150344]
Iteration 18: [0.08207107847164297, 0.14813148751736913, 0.05091196638917814, 0.33932935238167433, 0.15261479902766767, 0.28349905967780287, 0.4295004533928343, 0.11657403724070302, 0.5051094063652691, 0.14758227826222325, 0.7941633899276409, 0.7336525402357944, 0.9358249070650394, 0.6590654665683054, 0.5988168182968641, 0.696811654083955, 0.06985071329457761, 0.3576441089001067, 0.8263086975223016, 0.8359984716150344]
Iteration 19: [0.08207107847164297, 0.14813148751736913, 0.2591436889519031, 0.33932935238167433, 0.15261479902766767, 0.28349905967780287, 0.4295004533928343, 0.11657403724070302, 0.5051094063652691, 0.14758227826222325, 0.7941633899276409, 0.7336525402357944, 0.9358249070650394, 0.6590654665683054, 0.5988168182968641, 0.696811654083955, 0.678916136740786, 0.3576441089001067, 0.8263086975223016, 0.8359984716150344]
Iteration 20: [0.08207107847164297, 0.14813148751736913, 0.2591436889519031, 0.6322220682240184, 0.2114104346050497, 0.28349905967780287, 0.4295004533928343, 0.11657403724070302, 0.5051094063652691, 0.14758227826222325, 0.7941633899276409, 0.7336525402357944, 0.9358249070650394, 0.6590654665683054, 0.5988168182968641, 0.696811654083955, 0.678916136740786, 0.3576441089001067, 0.8263086975223016, 0.8359984716150344]
Iteration 21: [0.08207107847164297, 0.14813148751736913, 0.2591436889519031, 0.6322220682240184, 0.2114104346050497, 0.28349905967780287, 0.4295004533928343, 0.11657403724070302, 0.5051094063652691, 0.14758227826222325, 0.7941633899276409, 0.852710519994691, 0.9358249070650394, 0.6590654665683054, 0.5988168182968641, 0.696811654083955, 0.678916136740786, 0.3884363706749236, 0.8263086975223016, 0.8359984716150344]
Iteration 22: [0.08207107847164297, 0.14813148751736913, 0.2591436889519031, 0.6322220682240184, 0.2114104346050497, 0.28349905967780287, 0.4295004533928343, 0.11657403724070302, 0.5051094063652691, 0.14758227826222325, 0.7941633899276409, 0.852710519994691, 0.9358249070650394, 0.6384943413252449, 0.5988168182968641, 0.696811654083955, 0.678916136740786, 0.3884363706749236, 0.8263086975223016, 0.7301579985922078]
Iteration 23: [0.08207107847164297, 0.14813148751736913, 0.2591436889519031, 0.6322220682240184, 0.2114104346050497, 0.7866883680642462, 0.4295004533928343, 0.11657403724070302, 0.5051094063652691, 0.14758227826222325, 0.7941633899276409, 0.852710519994691, 0.9358249070650394, 0.929684062303601, 0.5988168182968641, 0.696811654083955, 0.678916136740786, 0.3884363706749236, 0.8263086975223016, 0.7301579985922078]
Iteration 24: [0.08207107847164297, 0.14813148751736913, 0.23090698387340852, 0.6322220682240184, 0.2114104346050497, 0.7866883680642462, 0.4295004533928343, 0.11657403724070302, 0.9169618925133438, 0.14758227826222325, 0.7941633899276409, 0.852710519994691, 0.9358249070650394, 0.929684062303601, 0.5988168182968641, 0.696811654083955, 0.678916136740786, 0.3884363706749236, 0.8263086975223016, 0.7301579985922078]
Iteration 25: [0.08207107847164297, 0.14813148751736913, 0.23090698387340852, 0.6322220682240184, 0.2114104346050497, 0.7866883680642462, 0.4295004533928343, 0.11657403724070302, 0.6723200891332692, 0.14758227826222325, 0.7941633899276409, 0.852710519994691, 0.9358249070650394, 0.929684062303601, 0.5988168182968641, 0.696811654083955, 0.2328233173273507, 0.3884363706749236, 0.8263086975223016, 0.7301579985922078]
Iteration 26: [0.08207107847164297, 0.14813148751736913, 0.23090698387340852, 0.6322220682240184, 0.2114104346050497, 0.7866883680642462, 0.463497495632384, 0.11657403724070302, 0.6723200891332692, 0.14758227826222325, 0.7941633899276409, 0.852710519994691, 0.9358249070650394, 0.929684062303601, 0.5988168182968641, 0.696811654083955, 0.2328233173273507, 0.43481995428889414, 0.8263086975223016, 0.7301579985922078]
Iteration 27: [0.08207107847164297, 0.14813148751736913, 0.20281256170617398, 0.6322220682240184, 0.2114104346050497, 0.7866883680642462, 0.463497495632384, 0.11657403724070302, 0.6723200891332692, 0.14758227826222325, 0.7941633899276409, 0.852710519994691, 0.9358249070650394, 0.929684062303601, 0.5988168182968641, 0.696811654083955, 0.2328233173273507, 0.43481995428889414, 0.8263086975223016, 0.8211916548898807]
Iteration 28: [0.08207107847164297, 0.3402605193313906, 0.20281256170617398, 0.6322220682240184, 0.2114104346050497, 0.7866883680642462, 0.463497495632384, 0.11657403724070302, 0.6723200891332692, 0.14758227826222325, 0.7941633899276409, 0.852710519994691, 0.9358249070650394, 0.929684062303601, 0.3931974959382351, 0.696811654083955, 0.2328233173273507, 0.43481995428889414, 0.8263086975223016, 0.8211916548898807]
Iteration 29: [0.08207107847164297, 0.3402605193313906, 0.20281256170617398, 0.6322220682240184, 0.2114104346050497, 0.7866883680642462, 0.463497495632384, 0.11657403724070302, 0.5349777173192732, 0.14758227826222325, 0.7941633899276409, 0.852710519994691, 0.9358249070650394, 0.929684062303601, 0.3931974959382351, 0.696811654083955, 0.2328233173273507, 0.3527446227776101, 0.8263086975223016, 0.8211916548898807]
Iteration 30: [0.2827620497905748, 0.3402605193313906, 0.20281256170617398, 0.6322220682240184, 0.2114104346050497, 0.7866883680642462, 0.463497495632384, 0.11657403724070302, 0.5349777173192732, 0.14758227826222325, 0.7941633899276409, 0.852710519994691, 0.9358249070650394, 0.929684062303601, 0.3931974959382351, 0.696811654083955, 0.2328233173273507, 0.3527446227776101, 0.7881367170729993, 0.8211916548898807]
Variances: [0.15403481 0.15390284 0.14637947 0.14526523 0.14133572 0.14308375
 0.14364023 0.12702732 0.12505537 0.12131728 0.10569312 0.11339491
 0.11198745 0.10034205 0.10539196 0.09907669 0.09055786 0.08614076
 0.07468963 0.07283139 0.07592549 0.07263539 0.08127127 0.08887583
 0.08635956 0.08557352 0.0887039  0.08391036 0.08386685 0.07596718]
Convergence Rates: [0.016005547654118657, 0.4067172221762951, 0.07930490388481184, 0.14637280145674417, 0.03049989572442991, 0.04493780512937558, 0.5183194136041706, 0.11606724166448763, 0.11041427986430769, 0.5841252393900209, 0.427448158318509, 0.03200031842893523, 0.932433044705941, 0.3043662099499701, 0.5777020690688617, 0.24941474287772403, 0.40761660673817957, 0.6436778233861633, 0.2987357858651226, 0.12297546881178657, 0.1078210411907684, 0.5813698768235934, 0.41281930897190355, 0.5087714766899604, 0.0575085707517751, 0.09527026364943912, 0.2814122786820345, 0.15999777229130754, 0.20428892789468114]
