There are 3 agents who believe in con
There are 10 agents who believe in pro
There are 7 agents who are neutral 

Iteration 1: [0.5415518170972572, 0.48468156584181504, 0.42131516576935396, 0.5698127127672392, 0.06409208379275519, 0.5315125830625166, 0.4447094128291898, 0.5722964191856115, 0.4983242391463455, 0.41979505262677336, 0.6014703867303018, 0.5677284328086613, 0.38329647317443477, 0.5523981495647163, 0.44848827243778705, 0.9095586276796424, 0.6023992412118914, 0.4413669422036015, 0.43948248658694333, 0.6683592204407889]
Iteration 2: [0.5415518170972572, 0.48468156584181504, 0.42131516576935396, 0.5698127127672392, 0.06409208379275519, 0.5315125830625166, 0.4447094128291898, 0.5722964191856115, 0.4983242391463455, 0.41979505262677336, 0.6014703867303018, 0.5677284328086613, 0.9529697073107681, 0.5523981495647163, 0.44848827243778705, 0.9095586276796424, 0.6023992412118914, 0.4413669422036015, 0.43948248658694333, 0.6683592204407889]
Iteration 3: [0.5415518170972572, 0.42569309190366, 0.42131516576935396, 0.5698127127672392, 0.06409208379275519, 0.5315125830625166, 0.4447094128291898, 0.5722964191856115, 0.4983242391463455, 0.41979505262677336, 0.6728764723559633, 0.5677284328086613, 0.9529697073107681, 0.5523981495647163, 0.44848827243778705, 0.9095586276796424, 0.6023992412118914, 0.4413669422036015, 0.43948248658694333, 0.6683592204407889]
Iteration 4: [0.5415518170972572, 0.42569309190366, 0.6034217067163404, 0.5698127127672392, 0.06409208379275519, 0.5315125830625166, 0.4447094128291898, 0.5722964191856115, 0.9061424865339286, 0.41979505262677336, 0.6728764723559633, 0.5677284328086613, 0.9529697073107681, 0.5523981495647163, 0.44848827243778705, 0.9095586276796424, 0.6023992412118914, 0.4413669422036015, 0.43948248658694333, 0.6683592204407889]
Iteration 5: [0.5415518170972572, 0.3674058507722151, 0.6034217067163404, 0.5698127127672392, 0.06409208379275519, 0.5315125830625166, 0.4447094128291898, 0.5722964191856115, 0.9061424865339286, 0.41979505262677336, 0.6728764723559633, 0.5677284328086613, 0.9529697073107681, 0.5523981495647163, 0.44848827243778705, 0.9095586276796424, 0.6023992412118914, 0.4413669422036015, 0.43948248658694333, 0.9137766617343128]
Iteration 6: [0.5415518170972572, 0.3674058507722151, 0.6034217067163404, 0.5698127127672392, 0.06986181722099545, 0.5315125830625166, 0.4447094128291898, 0.5722964191856115, 0.9061424865339286, 0.41979505262677336, 0.6728764723559633, 0.5677284328086613, 0.9529697073107681, 0.5523981495647163, 0.44848827243778705, 0.9095586276796424, 0.6023992412118914, 0.4413669422036015, 0.43948248658694333, 0.9137766617343128]
Iteration 7: [0.5415518170972572, 0.3674058507722151, 0.6034217067163404, 0.5698127127672392, 0.06986181722099545, 0.5315125830625166, 0.4447094128291898, 0.9243096348163564, 0.9061424865339286, 0.41979505262677336, 0.6728764723559633, 0.5677284328086613, 0.9529697073107681, 0.5523981495647163, 0.44848827243778705, 0.9095586276796424, 0.07037869850730837, 0.4413669422036015, 0.43948248658694333, 0.9137766617343128]
Iteration 8: [0.5415518170972572, 0.3674058507722151, 0.6034217067163404, 0.5698127127672392, 0.06986181722099545, 0.5315125830625166, 0.4447094128291898, 0.9243096348163564, 0.9061424865339286, 0.41979505262677336, 0.6728764723559633, 0.5677284328086613, 0.9529697073107681, 0.5523981495647163, 0.44848827243778705, 0.9095586276796424, 0.07037869850730837, 0.4413669422036015, 0.43948248658694333, 0.9137766617343128]
Iteration 9: [0.5415518170972572, 0.3674058507722151, 0.6034217067163404, 0.5698127127672392, 0.06986181722099545, 0.5315125830625166, 0.4447094128291898, 0.9243096348163564, 0.9061424865339286, 0.41979505262677336, 0.9231633807578379, 0.5677284328086613, 0.9529697073107681, 0.5523981495647163, 0.44848827243778705, 0.9095586276796424, 0.07037869850730837, 0.4413669422036015, 0.43948248658694333, 0.9137766617343128]
Iteration 10: [0.5415518170972572, 0.3674058507722151, 0.6034217067163404, 0.5698127127672392, 0.06986181722099545, 0.5315125830625166, 0.4447094128291898, 0.9243096348163564, 0.9061424865339286, 0.41979505262677336, 0.9231633807578379, 0.9467429316223887, 0.9529697073107681, 0.5523981495647163, 0.44848827243778705, 0.9095586276796424, 0.07037869850730837, 0.4413669422036015, 0.43948248658694333, 0.9137766617343128]
Iteration 11: [0.5415518170972572, 0.3674058507722151, 0.6034217067163404, 0.5698127127672392, 0.06986181722099545, 0.5315125830625166, 0.6191993584445299, 0.9243096348163564, 0.9061424865339286, 0.3701089784035257, 0.9231633807578379, 0.9467429316223887, 0.9529697073107681, 0.5523981495647163, 0.44848827243778705, 0.9095586276796424, 0.07037869850730837, 0.4413669422036015, 0.43948248658694333, 0.9137766617343128]
Iteration 12: [0.5415518170972572, 0.3674058507722151, 0.9215582419488058, 0.5698127127672392, 0.06986181722099545, 0.5315125830625166, 0.6191993584445299, 0.9243096348163564, 0.9061424865339286, 0.07245518011853355, 0.9231633807578379, 0.9467429316223887, 0.9529697073107681, 0.5523981495647163, 0.44848827243778705, 0.9095586276796424, 0.07037869850730837, 0.4413669422036015, 0.43948248658694333, 0.9137766617343128]
Iteration 13: [0.5415518170972572, 0.3674058507722151, 0.9215582419488058, 0.5698127127672392, 0.06986181722099545, 0.5315125830625166, 0.6191993584445299, 0.9243096348163564, 0.9061424865339286, 0.07245518011853355, 0.9231633807578379, 0.9467429316223887, 0.9529697073107681, 0.5523981495647163, 0.44848827243778705, 0.9095586276796424, 0.07037869850730837, 0.4413669422036015, 0.43948248658694333, 0.9137766617343128]
Iteration 14: [0.5415518170972572, 0.3674058507722151, 0.9215582419488058, 0.5698127127672392, 0.06986181722099545, 0.5315125830625166, 0.9174756348280809, 0.9234388595419801, 0.9061424865339286, 0.07245518011853355, 0.9231633807578379, 0.9467429316223887, 0.9529697073107681, 0.5523981495647163, 0.44848827243778705, 0.9095586276796424, 0.07037869850730837, 0.4413669422036015, 0.43948248658694333, 0.9137766617343128]
Iteration 15: [0.5415518170972572, 0.3674058507722151, 0.9215582419488058, 0.5698127127672392, 0.06986181722099545, 0.5315125830625166, 0.9174756348280809, 0.9234388595419801, 0.9061424865339286, 0.07245518011853355, 0.9231633807578379, 0.9467429316223887, 0.9529697073107681, 0.5523981495647163, 0.44848827243778705, 0.9095586276796424, 0.07037869850730837, 0.4413669422036015, 0.5843582010564172, 0.9137766617343128]
Iteration 16: [0.5415518170972572, 0.3674058507722151, 0.9215582419488058, 0.5698127127672392, 0.06986181722099545, 0.5315125830625166, 0.9174756348280809, 0.9234388595419801, 0.904615267238691, 0.07245518011853355, 0.9231633807578379, 0.9467429316223887, 0.9529697073107681, 0.5523981495647163, 0.44848827243778705, 0.9095586276796424, 0.07037869850730837, 0.4413669422036015, 0.5843582010564172, 0.9137766617343128]
Iteration 17: [0.5415518170972572, 0.3674058507722151, 0.9215582419488058, 0.5698127127672392, 0.06986181722099545, 0.5315125830625166, 0.9174756348280809, 0.9234388595419801, 0.904615267238691, 0.07245518011853355, 0.9231633807578379, 0.9467429316223887, 0.9529697073107681, 0.5523981495647163, 0.5908856887733801, 0.9095586276796424, 0.07037869850730837, 0.4413669422036015, 0.5843582010564172, 0.9137766617343128]
Iteration 18: [0.5415518170972572, 0.3674058507722151, 0.9215582419488058, 0.5698127127672392, 0.06986181722099545, 0.5315125830625166, 0.9174756348280809, 0.9234388595419801, 0.904615267238691, 0.07245518011853355, 0.9231633807578379, 0.9467429316223887, 0.9529697073107681, 0.5523981495647163, 0.5908856887733801, 0.9095586276796424, 0.07037869850730837, 0.4413669422036015, 0.5843582010564172, 0.9235554505942455]
Iteration 19: [0.5415518170972572, 0.3674058507722151, 0.9215582419488058, 0.5698127127672392, 0.06986181722099545, 0.5315125830625166, 0.9174756348280809, 0.9234388595419801, 0.904615267238691, 0.07245518011853355, 0.9231633807578379, 0.9467429316223887, 0.9529697073107681, 0.5523981495647163, 0.5908856887733801, 0.9095586276796424, 0.07037869850730837, 0.4413669422036015, 0.5843582010564172, 0.9235554505942455]
Iteration 20: [0.5415518170972572, 0.3674058507722151, 0.9215582419488058, 0.5698127127672392, 0.06986181722099545, 0.5315125830625166, 0.9174756348280809, 0.9234388595419801, 0.904615267238691, 0.07245518011853355, 0.9231633807578379, 0.9467429316223887, 0.9529697073107681, 0.5523981495647163, 0.5908856887733801, 0.9095586276796424, 0.07037869850730837, 0.4413669422036015, 0.5843582010564172, 0.9235554505942455]
Iteration 21: [0.5415518170972572, 0.3674058507722151, 0.9215582419488058, 0.5698127127672392, 0.06986181722099545, 0.5315125830625166, 0.9174756348280809, 0.9234388595419801, 0.904615267238691, 0.07245518011853355, 0.9231633807578379, 0.9467429316223887, 0.9529697073107681, 0.5523981495647163, 0.5908856887733801, 0.9095586276796424, 0.07037869850730837, 0.4413669422036015, 0.9438385181613531, 0.9235554505942455]
Iteration 22: [0.5415518170972572, 0.3674058507722151, 0.9215582419488058, 0.5698127127672392, 0.06986181722099545, 0.5315125830625166, 0.9174756348280809, 0.9234388595419801, 0.904615267238691, 0.07245518011853355, 0.9231633807578379, 0.9467429316223887, 0.9529697073107681, 0.5523981495647163, 0.5908856887733801, 0.9095586276796424, 0.07037869850730837, 0.06685895131890922, 0.9438385181613531, 0.9235554505942455]
Iteration 23: [0.5415518170972572, 0.3674058507722151, 0.9215582419488058, 0.3426779544055366, 0.06986181722099545, 0.5315125830625166, 0.9174756348280809, 0.9234388595419801, 0.904615267238691, 0.07245518011853355, 0.9231633807578379, 0.9467429316223887, 0.9529697073107681, 0.5523981495647163, 0.5908856887733801, 0.9095586276796424, 0.07037869850730837, 0.06685895131890922, 0.9438385181613531, 0.9235554505942455]
Iteration 24: [0.5415518170972572, 0.3674058507722151, 0.9158358514761751, 0.3426779544055366, 0.06986181722099545, 0.5315125830625166, 0.9174756348280809, 0.9234388595419801, 0.904615267238691, 0.07245518011853355, 0.9231633807578379, 0.9467429316223887, 0.9529697073107681, 0.5523981495647163, 0.5908856887733801, 0.9095586276796424, 0.07037869850730837, 0.06685895131890922, 0.9438385181613531, 0.9235554505942455]
Iteration 25: [0.5415518170972572, 0.3674058507722151, 0.9158358514761751, 0.3426779544055366, 0.06986181722099545, 0.5315125830625166, 0.9174756348280809, 0.9234388595419801, 0.905595966071136, 0.07245518011853355, 0.8993741629816411, 0.9467429316223887, 0.9529697073107681, 0.5523981495647163, 0.5908856887733801, 0.9095586276796424, 0.07037869850730837, 0.06685895131890922, 0.9438385181613531, 0.9235554505942455]
Iteration 26: [0.5415518170972572, 0.3674058507722151, 0.9158358514761751, 0.3426779544055366, 0.06986181722099545, 0.5315125830625166, 0.9174756348280809, 0.9234388595419801, 0.905595966071136, 0.07245518011853355, 0.8993741629816411, 0.9467429316223887, 0.9529697073107681, 0.9267472938923718, 0.5908856887733801, 0.9095586276796424, 0.07037869850730837, 0.06685895131890922, 0.9438385181613531, 0.9235554505942455]
Iteration 27: [0.5415518170972572, 0.3674058507722151, 0.9158358514761751, 0.3426779544055366, 0.06986181722099545, 0.595269972077909, 0.9174756348280809, 0.9234388595419801, 0.905595966071136, 0.07245518011853355, 0.8993741629816411, 0.948226289626227, 0.9529697073107681, 0.9267472938923718, 0.5908856887733801, 0.9095586276796424, 0.07037869850730837, 0.06685895131890922, 0.9438385181613531, 0.9235554505942455]
Iteration 28: [0.5415518170972572, 0.43193797213142954, 0.9158358514761751, 0.3426779544055366, 0.06986181722099545, 0.595269972077909, 0.9174756348280809, 0.9234388595419801, 0.905595966071136, 0.07245518011853355, 0.8993741629816411, 0.948226289626227, 0.9529697073107681, 0.9493452464796247, 0.5908856887733801, 0.9095586276796424, 0.07037869850730837, 0.06685895131890922, 0.9438385181613531, 0.9235554505942455]
Iteration 29: [0.5415518170972572, 0.43193797213142954, 0.9158358514761751, 0.3426779544055366, 0.06986181722099545, 0.595269972077909, 0.9174756348280809, 0.9234388595419801, 0.905595966071136, 0.07245518011853355, 0.8993741629816411, 0.948226289626227, 0.9529697073107681, 0.9493452464796247, 0.930523848308593, 0.9095586276796424, 0.07037869850730837, 0.06685895131890922, 0.9438385181613531, 0.9235554505942455]
Iteration 30: [0.5415518170972572, 0.43193797213142954, 0.9158358514761751, 0.3426779544055366, 0.06986181722099545, 0.595269972077909, 0.9174756348280809, 0.9234388595419801, 0.905595966071136, 0.07245518011853355, 0.8993741629816411, 0.948226289626227, 0.9529697073107681, 0.9493452464796247, 0.930523848308593, 0.9095586276796424, 0.07037869850730837, 0.06685895131890922, 0.9438385181613531, 0.9235554505942455]
Iteration 31: [0.5415518170972572, 0.43193797213142954, 0.9158358514761751, 0.3426779544055366, 0.06986181722099545, 0.595269972077909, 0.9174756348280809, 0.9234388595419801, 0.905595966071136, 0.07245518011853355, 0.8993741629816411, 0.948226289626227, 0.9529697073107681, 0.9458796911036742, 0.930523848308593, 0.9095586276796424, 0.07037869850730837, 0.06685895131890922, 0.9438385181613531, 0.9235554505942455]
Iteration 32: [0.5415518170972572, 0.43193797213142954, 0.9158358514761751, 0.3426779544055366, 0.06986181722099545, 0.595269972077909, 0.9174756348280809, 0.9234388595419801, 0.4682329843562686, 0.07245518011853355, 0.8993741629816411, 0.948226289626227, 0.9529697073107681, 0.9458796911036742, 0.930523848308593, 0.9095586276796424, 0.07037869850730837, 0.06685895131890922, 0.9438385181613531, 0.9235554505942455]
Iteration 33: [0.5415518170972572, 0.43193797213142954, 0.9158358514761751, 0.3426779544055366, 0.06986181722099545, 0.595269972077909, 0.9174756348280809, 0.9234388595419801, 0.4682329843562686, 0.07245518011853355, 0.8993741629816411, 0.948226289626227, 0.9529697073107681, 0.9458796911036742, 0.930523848308593, 0.9095586276796424, 0.07037869850730837, 0.06685895131890922, 0.9438385181613531, 0.9235554505942455]
Iteration 34: [0.5415518170972572, 0.43193797213142954, 0.9158358514761751, 0.3426779544055366, 0.06986181722099545, 0.595269972077909, 0.9174756348280809, 0.9234388595419801, 0.4682329843562686, 0.07245518011853355, 0.8993741629816411, 0.948226289626227, 0.9529697073107681, 0.9458796911036742, 0.930523848308593, 0.9095586276796424, 0.07037869850730837, 0.06685895131890922, 0.9438385181613531, 0.9235554505942455]
Iteration 35: [0.38116707475360423, 0.43193797213142954, 0.9158358514761751, 0.3426779544055366, 0.06986181722099545, 0.595269972077909, 0.9174756348280809, 0.9234388595419801, 0.4682329843562686, 0.07245518011853355, 0.8993741629816411, 0.948226289626227, 0.9529697073107681, 0.9458796911036742, 0.930523848308593, 0.9095586276796424, 0.07037869850730837, 0.06685895131890922, 0.9438385181613531, 0.9235554505942455]
Iteration 36: [0.38116707475360423, 0.43193797213142954, 0.9158358514761751, 0.05961277953376325, 0.06986181722099545, 0.595269972077909, 0.9174756348280809, 0.9234388595419801, 0.4682329843562686, 0.07245518011853355, 0.8993741629816411, 0.948226289626227, 0.9529697073107681, 0.9458796911036742, 0.930523848308593, 0.9095586276796424, 0.07037869850730837, 0.06685895131890922, 0.9438385181613531, 0.9235554505942455]
Iteration 37: [0.38116707475360423, 0.43193797213142954, 0.9158358514761751, 0.05961277953376325, 0.06986181722099545, 0.595269972077909, 0.9174756348280809, 0.9234388595419801, 0.4682329843562686, 0.07245518011853355, 0.8993741629816411, 0.948226289626227, 0.9529697073107681, 0.9458796911036742, 0.9249213286703658, 0.9095586276796424, 0.07055789936460387, 0.06685895131890922, 0.9438385181613531, 0.9235554505942455]
Iteration 38: [0.38116707475360423, 0.43193797213142954, 0.9158358514761751, 0.05961277953376325, 0.06986181722099545, 0.595269972077909, 0.9174756348280809, 0.9234388595419801, 0.4682329843562686, 0.07245518011853355, 0.8993741629816411, 0.948226289626227, 0.9529697073107681, 0.473816594363663, 0.9249213286703658, 0.9095586276796424, 0.07055789936460387, 0.06685895131890922, 0.9438385181613531, 0.9235554505942455]
Iteration 39: [0.38116707475360423, 0.43193797213142954, 0.9158358514761751, 0.05961277953376325, 0.06986181722099545, 0.595269972077909, 0.9174756348280809, 0.9234388595419801, 0.4682329843562686, 0.07245518011853355, 0.8993741629816411, 0.948226289626227, 0.9529697073107681, 0.473816594363663, 0.9249213286703658, 0.9095586276796424, 0.07055789936460387, 0.06685895131890922, 0.9438385181613531, 0.9235554505942455]
Iteration 40: [0.38116707475360423, 0.43193797213142954, 0.9158358514761751, 0.05961277953376325, 0.06986181722099545, 0.595269972077909, 0.9174756348280809, 0.9234388595419801, 0.4682329843562686, 0.07245518011853355, 0.8993741629816411, 0.948226289626227, 0.9529697073107681, 0.473816594363663, 0.9249213286703658, 0.9095586276796424, 0.07055789936460387, 0.06685895131890922, 0.9438385181613531, 0.9235554505942455]
Iteration 41: [0.38116707475360423, 0.43193797213142954, 0.9158358514761751, 0.05961277953376325, 0.06986181722099545, 0.595269972077909, 0.9174756348280809, 0.9234388595419801, 0.4682329843562686, 0.07245518011853355, 0.8993741629816411, 0.948226289626227, 0.9529697073107681, 0.473816594363663, 0.9249213286703658, 0.9095586276796424, 0.07055789936460387, 0.06685895131890922, 0.9438385181613531, 0.9235554505942455]
Iteration 42: [0.38116707475360423, 0.43193797213142954, 0.9158358514761751, 0.05961277953376325, 0.06986181722099545, 0.595269972077909, 0.9174756348280809, 0.9234388595419801, 0.4682329843562686, 0.07245518011853355, 0.8993741629816411, 0.948226289626227, 0.9529697073107681, 0.473816594363663, 0.9249213286703658, 0.9095586276796424, 0.07055789936460387, 0.06685895131890922, 0.9438385181613531, 0.9235554505942455]
Iteration 43: [0.38116707475360423, 0.43193797213142954, 0.9158358514761751, 0.05961277953376325, 0.06986181722099545, 0.595269972077909, 0.9174756348280809, 0.9234388595419801, 0.4682329843562686, 0.07245518011853355, 0.8993741629816411, 0.948226289626227, 0.9529697073107681, 0.473816594363663, 0.9249213286703658, 0.9095586276796424, 0.07055789936460387, 0.06706445713286843, 0.9438385181613531, 0.9235554505942455]
Iteration 44: [0.38116707475360423, 0.43193797213142954, 0.9158358514761751, 0.05961277953376325, 0.06986181722099545, 0.595269972077909, 0.9211774307553225, 0.9234388595419801, 0.4682329843562686, 0.07245518011853355, 0.8993741629816411, 0.948226289626227, 0.9529697073107681, 0.473816594363663, 0.9249213286703658, 0.9095586276796424, 0.07055789936460387, 0.06706445713286843, 0.9438385181613531, 0.9235554505942455]
Iteration 45: [0.38116707475360423, 0.43193797213142954, 0.9158358514761751, 0.05961277953376325, 0.06986181722099545, 0.595269972077909, 0.9211774307553225, 0.9234388595419801, 0.4682329843562686, 0.07245518011853355, 0.8993741629816411, 0.948226289626227, 0.9529697073107681, 0.473816594363663, 0.9249213286703658, 0.9095586276796424, 0.07055789936460387, 0.06706445713286843, 0.9438385181613531, 0.9235554505942455]
Iteration 46: [0.38116707475360423, 0.43193797213142954, 0.9158358514761751, 0.05961277953376325, 0.06986181722099545, 0.595269972077909, 0.9211774307553225, 0.9234388595419801, 0.4682329843562686, 0.07245518011853355, 0.8993741629816411, 0.948226289626227, 0.9529697073107681, 0.473816594363663, 0.9249213286703658, 0.9095586276796424, 0.07055789936460387, 0.06706445713286843, 0.9438385181613531, 0.9235554505942455]
Iteration 47: [0.38116707475360423, 0.43193797213142954, 0.9158358514761751, 0.05961277953376325, 0.06986181722099545, 0.595269972077909, 0.9211774307553225, 0.9234388595419801, 0.4682329843562686, 0.07245518011853355, 0.8993741629816411, 0.948226289626227, 0.9529697073107681, 0.473816594363663, 0.9249213286703658, 0.9095586276796424, 0.07055789936460387, 0.06706445713286843, 0.9438385181613531, 0.9235554505942455]
Iteration 48: [0.38116707475360423, 0.43193797213142954, 0.9158358514761751, 0.05961277953376325, 0.06986181722099545, 0.595269972077909, 0.9211774307553225, 0.9234388595419801, 0.4682329843562686, 0.07245518011853355, 0.8993741629816411, 0.948226289626227, 0.9529697073107681, 0.473816594363663, 0.9249213286703658, 0.9095586276796424, 0.07055789936460387, 0.0741808831700834, 0.9438385181613531, 0.9235554505942455]
Iteration 49: [0.38116707475360423, 0.43193797213142954, 0.9158358514761751, 0.05961277953376325, 0.06986181722099545, 0.595269972077909, 0.9211774307553225, 0.9234388595419801, 0.4682329843562686, 0.07245518011853355, 0.8993741629816411, 0.948226289626227, 0.9529697073107681, 0.473816594363663, 0.9249213286703658, 0.9095586276796424, 0.07055789936460387, 0.0741808831700834, 0.9438385181613531, 0.9235554505942455]
Iteration 50: [0.38116707475360423, 0.43193797213142954, 0.9158358514761751, 0.05961277953376325, 0.06986181722099545, 0.595269972077909, 0.9211774307553225, 0.9234388595419801, 0.4682329843562686, 0.07245518011853355, 0.8993741629816411, 0.948226289626227, 0.9529697073107681, 0.473816594363663, 0.9249213286703658, 0.9095586276796424, 0.07055789936460387, 0.0741808831700834, 0.9438385181613531, 0.9235554505942455]
Iteration 51: [0.38116707475360423, 0.43193797213142954, 0.9158358514761751, 0.05961277953376325, 0.06986181722099545, 0.595269972077909, 0.9211774307553225, 0.9234388595419801, 0.4682329843562686, 0.07245518011853355, 0.8993741629816411, 0.948226289626227, 0.9529697073107681, 0.473816594363663, 0.9249213286703658, 0.9095586276796424, 0.07055789936460387, 0.0741808831700834, 0.9438385181613531, 0.9235554505942455]
Iteration 52: [0.38116707475360423, 0.43193797213142954, 0.9158358514761751, 0.05961277953376325, 0.06986181722099545, 0.595269972077909, 0.9211774307553225, 0.9234388595419801, 0.4682329843562686, 0.07245518011853355, 0.8993741629816411, 0.948226289626227, 0.9529697073107681, 0.473816594363663, 0.9249213286703658, 0.9095586276796424, 0.07055789936460387, 0.0741808831700834, 0.9438385181613531, 0.9235554505942455]
Iteration 53: [0.38116707475360423, 0.43193797213142954, 0.9158358514761751, 0.05961277953376325, 0.06986181722099545, 0.595269972077909, 0.9211774307553225, 0.9234388595419801, 0.4682329843562686, 0.07245518011853355, 0.8992738033596773, 0.948226289626227, 0.9529697073107681, 0.473816594363663, 0.9249213286703658, 0.9095586276796424, 0.07055789936460387, 0.07504763971095803, 0.9438385181613531, 0.9235554505942455]
Iteration 54: [0.9181442033115502, 0.43193797213142954, 0.9158358514761751, 0.05961277953376325, 0.06986181722099545, 0.595269972077909, 0.9211774307553225, 0.9234388595419801, 0.4682329843562686, 0.07245518011853355, 0.8992738033596773, 0.9483227544919245, 0.9529697073107681, 0.473816594363663, 0.9249213286703658, 0.9095586276796424, 0.07055789936460387, 0.07504763971095803, 0.9438385181613531, 0.9235554505942455]
Iteration 55: [0.9181442033115502, 0.43193797213142954, 0.9158358514761751, 0.05961277953376325, 0.06986181722099545, 0.595269972077909, 0.9211774307553225, 0.9234388595419801, 0.4682329843562686, 0.07245518011853355, 0.8992738033596773, 0.9483227544919245, 0.9529697073107681, 0.473816594363663, 0.9249213286703658, 0.9095586276796424, 0.07055789936460387, 0.07504763971095803, 0.9438385181613531, 0.9235554505942455]
Iteration 56: [0.9181442033115502, 0.43193797213142954, 0.9158358514761751, 0.05961277953376325, 0.06986181722099545, 0.595269972077909, 0.9211774307553225, 0.9234388595419801, 0.4682329843562686, 0.06457232858925537, 0.8992738033596773, 0.9483227544919245, 0.9529697073107681, 0.473816594363663, 0.9249213286703658, 0.9095586276796424, 0.08382656290489075, 0.07504763971095803, 0.9438385181613531, 0.9235554505942455]
Iteration 57: [0.9181442033115502, 0.43193797213142954, 0.9158358514761751, 0.05961277953376325, 0.06986181722099545, 0.595269972077909, 0.9211774307553225, 0.9234388595419801, 0.4682329843562686, 0.06457232858925537, 0.8992738033596773, 0.9483227544919245, 0.9529697073107681, 0.473816594363663, 0.9249213286703658, 0.9095586276796424, 0.08382656290489075, 0.07504763971095803, 0.9438385181613531, 0.9235554505942455]
Iteration 58: [0.9181442033115502, 0.43193797213142954, 0.9158358514761751, 0.05961277953376325, 0.06986181722099545, 0.595269972077909, 0.9211774307553225, 0.9234388595419801, 0.4682329843562686, 0.06457232858925537, 0.8992738033596773, 0.9483227544919245, 0.9529697073107681, 0.473816594363663, 0.9249213286703658, 0.9095586276796424, 0.08382656290489075, 0.07504763971095803, 0.9438385181613531, 0.9235554505942455]
Iteration 59: [0.9181442033115502, 0.43193797213142954, 0.9158358514761751, 0.05961277953376325, 0.06986181722099545, 0.595269972077909, 0.9211774307553225, 0.9234388595419801, 0.4682329843562686, 0.06457232858925537, 0.8992738033596773, 0.9483227544919245, 0.9529697073107681, 0.473816594363663, 0.9249213286703658, 0.9095586276796424, 0.48026617786735737, 0.07504763971095803, 0.9438385181613531, 0.9235554505942455]
Iteration 60: [0.9181442033115502, 0.43193797213142954, 0.9158358514761751, 0.05961277953376325, 0.06986181722099545, 0.595269972077909, 0.9211774307553225, 0.9234388595419801, 0.4682329843562686, 0.06457232858925537, 0.9196530292201546, 0.9483227544919245, 0.9529697073107681, 0.473816594363663, 0.9249213286703658, 0.9095586276796424, 0.48026617786735737, 0.07504763971095803, 0.9438385181613531, 0.9235554505942455]
Iteration 61: [0.9181442033115502, 0.43193797213142954, 0.9158358514761751, 0.05961277953376325, 0.06986181722099545, 0.595269972077909, 0.9211774307553225, 0.9234388595419801, 0.4682329843562686, 0.06457232858925537, 0.9196530292201546, 0.9483227544919245, 0.9529697073107681, 0.473816594363663, 0.9249213286703658, 0.9095586276796424, 0.48026617786735737, 0.07504763971095803, 0.9438385181613531, 0.9235554505942455]
Iteration 62: [0.9181442033115502, 0.43193797213142954, 0.9158358514761751, 0.05961277953376325, 0.06986181722099545, 0.595269972077909, 0.9211774307553225, 0.9234388595419801, 0.4682329843562686, 0.06457232858925537, 0.9196530292201546, 0.9483227544919245, 0.9529697073107681, 0.4588049767889075, 0.9249213286703658, 0.9095586276796424, 0.48026617786735737, 0.07504763971095803, 0.9438385181613531, 0.9235554505942455]
Iteration 63: [0.9181442033115502, 0.43193797213142954, 0.9158358514761751, 0.05961277953376325, 0.06986181722099545, 0.595269972077909, 0.9211774307553225, 0.9234388595419801, 0.4682329843562686, 0.06457232858925537, 0.9196530292201546, 0.9483227544919245, 0.9529697073107681, 0.4588049767889075, 0.9249213286703658, 0.9095586276796424, 0.48026617786735737, 0.07504763971095803, 0.9438385181613531, 0.9235554505942455]
Iteration 64: [0.9181442033115502, 0.43193797213142954, 0.9158358514761751, 0.05961277953376325, 0.06986181722099545, 0.595269972077909, 0.9211774307553225, 0.9234388595419801, 0.4682329843562686, 0.06457232858925537, 0.9196530292201546, 0.9483227544919245, 0.9529697073107681, 0.4588049767889075, 0.9249213286703658, 0.9095586276796424, 0.48026617786735737, 0.07504763971095803, 0.9438385181613531, 0.9235554505942455]
Iteration 65: [0.9181442033115502, 0.43193797213142954, 0.9158358514761751, 0.05961277953376325, 0.06986181722099545, 0.595269972077909, 0.9211774307553225, 0.9234388595419801, 0.4682329843562686, 0.06457232858925537, 0.9196530292201546, 0.9452994734616732, 0.9529697073107681, 0.4588049767889075, 0.9249213286703658, 0.9095586276796424, 0.48026617786735737, 0.07504763971095803, 0.9438385181613531, 0.9235554505942455]
Iteration 66: [0.9181442033115502, 0.43193797213142954, 0.9158358514761751, 0.05961277953376325, 0.06986181722099545, 0.595269972077909, 0.9211774307553225, 0.9234388595419801, 0.4682329843562686, 0.06457232858925537, 0.9196530292201546, 0.9452994734616732, 0.9529697073107681, 0.4588049767889075, 0.9249213286703658, 0.9095586276796424, 0.46479321895242265, 0.07504763971095803, 0.9438385181613531, 0.9235554505942455]
Iteration 67: [0.9181442033115502, 0.43193797213142954, 0.9158358514761751, 0.05961277953376325, 0.06986181722099545, 0.595269972077909, 0.9211774307553225, 0.9234388595419801, 0.4682329843562686, 0.06457232858925537, 0.9196530292201546, 0.9452994734616732, 0.9529697073107681, 0.4588049767889075, 0.9249213286703658, 0.9095586276796424, 0.46479321895242265, 0.07504763971095803, 0.9438385181613531, 0.9235554505942455]
Iteration 68: [0.9181442033115502, 0.43193797213142954, 0.9158358514761751, 0.05961277953376325, 0.06986181722099545, 0.7563944944423261, 0.9211774307553225, 0.9234388595419801, 0.4682329843562686, 0.06457232858925537, 0.9196530292201546, 0.9452994734616732, 0.9529697073107681, 0.4588049767889075, 0.9249213286703658, 0.9095586276796424, 0.46479321895242265, 0.07504763971095803, 0.9438385181613531, 0.9235554505942455]
Iteration 69: [0.9181442033115502, 0.43193797213142954, 0.9158358514761751, 0.05961277953376325, 0.06986181722099545, 0.7563944944423261, 0.9211774307553225, 0.9234388595419801, 0.4682329843562686, 0.06457232858925537, 0.9196530292201546, 0.9452994734616732, 0.9529697073107681, 0.4588049767889075, 0.9249213286703658, 0.9095586276796424, 0.46479321895242265, 0.07504763971095803, 0.9438385181613531, 0.9235554505942455]
Iteration 70: [0.9181442033115502, 0.43193797213142954, 0.9158358514761751, 0.05961277953376325, 0.06986181722099545, 0.7563944944423261, 0.9211774307553225, 0.9234388595419801, 0.4682329843562686, 0.06457232858925537, 0.9167448710476841, 0.9452994734616732, 0.9529697073107681, 0.4588049767889075, 0.9249213286703658, 0.9095586276796424, 0.46479321895242265, 0.07504763971095803, 0.9438385181613531, 0.9235554505942455]
Iteration 71: [0.9181442033115502, 0.43193797213142954, 0.9158358514761751, 0.05961277953376325, 0.06986181722099545, 0.7563944944423261, 0.9211774307553225, 0.9234388595419801, 0.4682329843562686, 0.06457232858925537, 0.9167448710476841, 0.9452994734616732, 0.9529697073107681, 0.4588049767889075, 0.9249213286703658, 0.9095586276796424, 0.46479321895242265, 0.07504763971095803, 0.9438385181613531, 0.9235554505942455]
Iteration 72: [0.9181442033115502, 0.43193797213142954, 0.9158358514761751, 0.05961277953376325, 0.06986181722099545, 0.7563944944423261, 0.9211774307553225, 0.9234388595419801, 0.4682329843562686, 0.06457232858925537, 0.9167448710476841, 0.9452994734616732, 0.9529697073107681, 0.4588049767889075, 0.9249213286703658, 0.9095586276796424, 0.46479321895242265, 0.07504763971095803, 0.9438385181613531, 0.9235554505942455]
Iteration 73: [0.9181442033115502, 0.43193797213142954, 0.9158358514761751, 0.05961277953376325, 0.06986181722099545, 0.7563944944423261, 0.9211774307553225, 0.9234388595419801, 0.4682329843562686, 0.06457232858925537, 0.9167448710476841, 0.9452994734616732, 0.9529697073107681, 0.4588049767889075, 0.9249213286703658, 0.9095586276796424, 0.46479321895242265, 0.07504763971095803, 0.9438385181613531, 0.9235554505942455]
Iteration 74: [0.9181442033115502, 0.43193797213142954, 0.9158358514761751, 0.05961277953376325, 0.06986181722099545, 0.7563944944423261, 0.9211774307553225, 0.9234388595419801, 0.4682329843562686, 0.06457232858925537, 0.9167448710476841, 0.9452994734616732, 0.9529697073107681, 0.4588049767889075, 0.9249213286703658, 0.9095586276796424, 0.46479321895242265, 0.07504763971095803, 0.9438385181613531, 0.9235554505942455]
Iteration 75: [0.9181442033115502, 0.43193797213142954, 0.9158358514761751, 0.05961277953376325, 0.06986181722099545, 0.7563944944423261, 0.9211774307553225, 0.9234388595419801, 0.4682329843562686, 0.06457232858925537, 0.9167448710476841, 0.9452994734616732, 0.9529697073107681, 0.4588049767889075, 0.9249213286703658, 0.9095586276796424, 0.46479321895242265, 0.07504763971095803, 0.9438385181613531, 0.9235554505942455]
Iteration 76: [0.9181442033115502, 0.43193797213142954, 0.9158358514761751, 0.05961277953376325, 0.06986181722099545, 0.7563944944423261, 0.9211774307553225, 0.9234388595419801, 0.4682329843562686, 0.06457232858925537, 0.9167448710476841, 0.9452994734616732, 0.9529697073107681, 0.4588049767889075, 0.9249213286703658, 0.9095586276796424, 0.46479321895242265, 0.07504763971095803, 0.9438385181613531, 0.9235554505942455]
Iteration 77: [0.9181442033115502, 0.43193797213142954, 0.9158358514761751, 0.05961277953376325, 0.06986181722099545, 0.7563944944423261, 0.9211774307553225, 0.9234388595419801, 0.4682329843562686, 0.06457232858925537, 0.46011985789598653, 0.9452994734616732, 0.9529697073107681, 0.4588049767889075, 0.9249213286703658, 0.9095586276796424, 0.46479321895242265, 0.07504763971095803, 0.9438385181613531, 0.9235554505942455]
Iteration 78: [0.9181442033115502, 0.43193797213142954, 0.9158358514761751, 0.05961277953376325, 0.06986181722099545, 0.7563944944423261, 0.9211774307553225, 0.9234388595419801, 0.4682329843562686, 0.06457232858925537, 0.46011985789598653, 0.9452994734616732, 0.9529697073107681, 0.4588049767889075, 0.9249213286703658, 0.9095586276796424, 0.46479321895242265, 0.07504763971095803, 0.9438385181613531, 0.9235554505942455]
Iteration 79: [0.9181442033115502, 0.43193797213142954, 0.9158358514761751, 0.05961277953376325, 0.06986181722099545, 0.726230578678137, 0.9211774307553225, 0.9234388595419801, 0.4682329843562686, 0.06457232858925537, 0.46011985789598653, 0.9452994734616732, 0.9529697073107681, 0.4588049767889075, 0.9249213286703658, 0.9095586276796424, 0.46479321895242265, 0.07504763971095803, 0.9438385181613531, 0.9235554505942455]
Iteration 80: [0.9181442033115502, 0.43193797213142954, 0.9158358514761751, 0.05961277953376325, 0.06986181722099545, 0.726230578678137, 0.9211774307553225, 0.9234388595419801, 0.4682329843562686, 0.06457232858925537, 0.46011985789598653, 0.9452994734616732, 0.9529697073107681, 0.4588049767889075, 0.9249213286703658, 0.9095586276796424, 0.46479321895242265, 0.07504763971095803, 0.9438385181613531, 0.9235554505942455]
Iteration 81: [0.9181442033115502, 0.43193797213142954, 0.9158358514761751, 0.05961277953376325, 0.06986181722099545, 0.726230578678137, 0.9211774307553225, 0.9234388595419801, 0.4682329843562686, 0.06457232858925537, 0.46011985789598653, 0.9452994734616732, 0.9529697073107681, 0.4588049767889075, 0.9249213286703658, 0.9095586276796424, 0.46479321895242265, 0.48356226306808725, 0.9438385181613531, 0.9235554505942455]
Iteration 82: [0.9181442033115502, 0.43193797213142954, 0.9158358514761751, 0.05961277953376325, 0.06986181722099545, 0.726230578678137, 0.9211774307553225, 0.9234388595419801, 0.4682329843562686, 0.06457232858925537, 0.46011985789598653, 0.9452994734616732, 0.9529697073107681, 0.4588049767889075, 0.9249213286703658, 0.9095586276796424, 0.46629609284785634, 0.48356226306808725, 0.9438385181613531, 0.9235554505942455]
Iteration 83: [0.9132413934216531, 0.43193797213142954, 0.9158358514761751, 0.05961277953376325, 0.06986181722099545, 0.726230578678137, 0.9211774307553225, 0.9234388595419801, 0.4682329843562686, 0.06457232858925537, 0.46011985789598653, 0.9452994734616732, 0.9529697073107681, 0.4588049767889075, 0.9249213286703658, 0.9095586276796424, 0.46629609284785634, 0.48356226306808725, 0.9438385181613531, 0.9235554505942455]
Iteration 84: [0.9132413934216531, 0.43193797213142954, 0.9158358514761751, 0.05961277953376325, 0.06986181722099545, 0.726230578678137, 0.9211774307553225, 0.9234388595419801, 0.4682329843562686, 0.06457232858925537, 0.46011985789598653, 0.9452994734616732, 0.9529697073107681, 0.4588049767889075, 0.9249213286703658, 0.9095586276796424, 0.46629609284785634, 0.48356226306808725, 0.9438385181613531, 0.9235554505942455]
Iteration 85: [0.9132413934216531, 0.43193797213142954, 0.9158358514761751, 0.05961277953376325, 0.06986181722099545, 0.726230578678137, 0.9211774307553225, 0.9234388595419801, 0.4682329843562686, 0.06457232858925537, 0.46011985789598653, 0.9452994734616732, 0.9529697073107681, 0.4588049767889075, 0.9249213286703658, 0.9095586276796424, 0.46629609284785634, 0.48356226306808725, 0.9438385181613531, 0.9235554505942455]
Iteration 86: [0.9132413934216531, 0.43193797213142954, 0.9158358514761751, 0.05961277953376325, 0.06986181722099545, 0.726230578678137, 0.9211774307553225, 0.9234388595419801, 0.4682329843562686, 0.06457232858925537, 0.46011985789598653, 0.9452994734616732, 0.9529697073107681, 0.4588049767889075, 0.9249213286703658, 0.9095586276796424, 0.46629609284785634, 0.48356226306808725, 0.9438385181613531, 0.9235554505942455]
Iteration 87: [0.9132413934216531, 0.43193797213142954, 0.9158358514761751, 0.05961277953376325, 0.06986181722099545, 0.726230578678137, 0.9211774307553225, 0.9234388595419801, 0.4682329843562686, 0.06457232858925537, 0.46011985789598653, 0.9452994734616732, 0.9529697073107681, 0.4588049767889075, 0.9249213286703658, 0.9095586276796424, 0.46629609284785634, 0.48356226306808725, 0.9438385181613531, 0.9235554505942455]
Iteration 88: [0.9132413934216531, 0.43193797213142954, 0.9158358514761751, 0.05961277953376325, 0.06986181722099545, 0.726230578678137, 0.9211774307553225, 0.9234388595419801, 0.4682329843562686, 0.06457232858925537, 0.46011985789598653, 0.9452994734616732, 0.9529697073107681, 0.4588049767889075, 0.9249213286703658, 0.9095586276796424, 0.46629609284785634, 0.48356226306808725, 0.9438385181613531, 0.9235554505942455]
Iteration 89: [0.9132413934216531, 0.43193797213142954, 0.9158358514761751, 0.05961277953376325, 0.06494961286669168, 0.726230578678137, 0.9211774307553225, 0.9234388595419801, 0.4682329843562686, 0.06457232858925537, 0.46011985789598653, 0.9452994734616732, 0.9529697073107681, 0.4588049767889075, 0.9249213286703658, 0.9095586276796424, 0.46629609284785634, 0.48356226306808725, 0.9438385181613531, 0.9235554505942455]
Iteration 90: [0.9132413934216531, 0.43193797213142954, 0.9158358514761751, 0.05961277953376325, 0.06494961286669168, 0.726230578678137, 0.9211774307553225, 0.9234388595419801, 0.4682329843562686, 0.06457232858925537, 0.46011985789598653, 0.9452994734616732, 0.9529697073107681, 0.4588049767889075, 0.9249213286703658, 0.9095586276796424, 0.46629609284785634, 0.48356226306808725, 0.9438385181613531, 0.9235554505942455]
Iteration 91: [0.9132413934216531, 0.43193797213142954, 0.9158358514761751, 0.05961277953376325, 0.06494961286669168, 0.726230578678137, 0.9211774307553225, 0.9234388595419801, 0.4682329843562686, 0.07611960526506156, 0.46011985789598653, 0.9452994734616732, 0.9529697073107681, 0.4588049767889075, 0.9249213286703658, 0.9095586276796424, 0.46629609284785634, 0.48356226306808725, 0.9438385181613531, 0.9235554505942455]
Iteration 92: [0.9132413934216531, 0.43193797213142954, 0.9158358514761751, 0.05961277953376325, 0.06494961286669168, 0.726230578678137, 0.9211774307553225, 0.9234388595419801, 0.4682329843562686, 0.07611960526506156, 0.46011985789598653, 0.9452994734616732, 0.9529697073107681, 0.4588049767889075, 0.9249213286703658, 0.9095586276796424, 0.46629609284785634, 0.48356226306808725, 0.9438385181613531, 0.9235554505942455]
Iteration 93: [0.9132413934216531, 0.43193797213142954, 0.9158358514761751, 0.05961277953376325, 0.06494961286669168, 0.726230578678137, 0.9211774307553225, 0.9234388595419801, 0.4682329843562686, 0.07611960526506156, 0.46011985789598653, 0.9452994734616732, 0.9529697073107681, 0.4588049767889075, 0.9249213286703658, 0.9095586276796424, 0.46629609284785634, 0.48356226306808725, 0.9438385181613531, 0.9235554505942455]
Iteration 94: [0.9132413934216531, 0.43193797213142954, 0.9158358514761751, 0.05961277953376325, 0.06494961286669168, 0.726230578678137, 0.9211774307553225, 0.9234388595419801, 0.4682329843562686, 0.07611960526506156, 0.46011985789598653, 0.9452994734616732, 0.9529697073107681, 0.4588049767889075, 0.9249213286703658, 0.9095586276796424, 0.46629609284785634, 0.48356226306808725, 0.9438385181613531, 0.9235554505942455]
Iteration 95: [0.9132413934216531, 0.43193797213142954, 0.9158358514761751, 0.05961277953376325, 0.06494961286669168, 0.726230578678137, 0.9211774307553225, 0.9234388595419801, 0.4682329843562686, 0.07611960526506156, 0.46011985789598653, 0.9452994734616732, 0.9529697073107681, 0.4588049767889075, 0.9249213286703658, 0.9095586276796424, 0.46629609284785634, 0.48356226306808725, 0.9438385181613531, 0.9235554505942455]
Iteration 96: [0.9132413934216531, 0.43193797213142954, 0.9158358514761751, 0.05961277953376325, 0.06494961286669168, 0.726230578678137, 0.9211774307553225, 0.9234388595419801, 0.4682329843562686, 0.07611960526506156, 0.46011985789598653, 0.9452994734616732, 0.9529697073107681, 0.4588049767889075, 0.9249213286703658, 0.9095586276796424, 0.46629609284785634, 0.48356226306808725, 0.9438385181613531, 0.9235554505942455]
Iteration 97: [0.9132413934216531, 0.43193797213142954, 0.9158358514761751, 0.05961277953376325, 0.06494961286669168, 0.726230578678137, 0.9211774307553225, 0.9234388595419801, 0.4682329843562686, 0.4710019749452874, 0.46011985789598653, 0.9452994734616732, 0.9529697073107681, 0.4588049767889075, 0.9249213286703658, 0.9095586276796424, 0.46629609284785634, 0.48356226306808725, 0.9438385181613531, 0.9235554505942455]
Iteration 98: [0.9132413934216531, 0.43193797213142954, 0.9158358514761751, 0.05961277953376325, 0.06494961286669168, 0.726230578678137, 0.9211774307553225, 0.9234388595419801, 0.4682329843562686, 0.4710019749452874, 0.46011985789598653, 0.9452994734616732, 0.9529697073107681, 0.4588049767889075, 0.9249213286703658, 0.9095586276796424, 0.46629609284785634, 0.48356226306808725, 0.9438385181613531, 0.9235554505942455]
Iteration 99: [0.9132413934216531, 0.43193797213142954, 0.9158358514761751, 0.05961277953376325, 0.06494961286669168, 0.726230578678137, 0.9211774307553225, 0.9245444235308813, 0.4682329843562686, 0.4710019749452874, 0.46011985789598653, 0.9452994734616732, 0.9529697073107681, 0.4588049767889075, 0.9249213286703658, 0.9095586276796424, 0.46629609284785634, 0.48356226306808725, 0.9438385181613531, 0.9235554505942455]
Iteration 100: [0.9132413934216531, 0.43193797213142954, 0.9158358514761751, 0.05961277953376325, 0.06494961286669168, 0.726230578678137, 0.9211774307553225, 0.9245444235308813, 0.4682329843562686, 0.4710019749452874, 0.46011985789598653, 0.9452994734616732, 0.9529697073107681, 0.4588049767889075, 0.9249213286703658, 0.9095586276796424, 0.46629609284785634, 0.48356226306808725, 0.9438385181613531, 0.9235554505942455]
Iteration 101: [0.9132413934216531, 0.43193797213142954, 0.9158358514761751, 0.05961277953376325, 0.06494961286669168, 0.726230578678137, 0.9211774307553225, 0.9245444235308813, 0.4682329843562686, 0.4710019749452874, 0.46011985789598653, 0.9452994734616732, 0.9529697073107681, 0.4588049767889075, 0.9249213286703658, 0.9095586276796424, 0.46629609284785634, 0.48356226306808725, 0.9438385181613531, 0.9235554505942455]
Iteration 102: [0.9132413934216531, 0.43193797213142954, 0.9158358514761751, 0.05961277953376325, 0.06494961286669168, 0.726230578678137, 0.9211774307553225, 0.9245444235308813, 0.4682329843562686, 0.4710019749452874, 0.46011985789598653, 0.9452994734616732, 0.9529697073107681, 0.4588049767889075, 0.9249213286703658, 0.9095586276796424, 0.46629609284785634, 0.48356226306808725, 0.9438385181613531, 0.9235554505942455]
Iteration 103: [0.9132413934216531, 0.43193797213142954, 0.9158358514761751, 0.05961277953376325, 0.06494961286669168, 0.726230578678137, 0.9211774307553225, 0.9245444235308813, 0.4682329843562686, 0.4710019749452874, 0.46011985789598653, 0.9452994734616732, 0.9529697073107681, 0.4588049767889075, 0.9249213286703658, 0.9095586276796424, 0.46629609284785634, 0.48356226306808725, 0.9438385181613531, 0.9235554505942455]
Iteration 104: [0.9132413934216531, 0.43193797213142954, 0.9158358514761751, 0.05961277953376325, 0.06494961286669168, 0.726230578678137, 0.9211774307553225, 0.9245444235308813, 0.4682329843562686, 0.4710019749452874, 0.46011985789598653, 0.9452994734616732, 0.9529697073107681, 0.4588049767889075, 0.9249213286703658, 0.9095586276796424, 0.46629609284785634, 0.48356226306808725, 0.9438385181613531, 0.9235554505942455]
Iteration 105: [0.9132413934216531, 0.43193797213142954, 0.9158358514761751, 0.05961277953376325, 0.06494961286669168, 0.726230578678137, 0.9211774307553225, 0.9245444235308813, 0.4682329843562686, 0.4710019749452874, 0.46011985789598653, 0.9452994734616732, 0.9529697073107681, 0.4588049767889075, 0.9249213286703658, 0.9095586276796424, 0.46629609284785634, 0.48356226306808725, 0.9438385181613531, 0.9235554505942455]
Iteration 106: [0.9132413934216531, 0.43193797213142954, 0.9158358514761751, 0.05961277953376325, 0.06494961286669168, 0.726230578678137, 0.9211774307553225, 0.9245444235308813, 0.4682329843562686, 0.4710019749452874, 0.46011985789598653, 0.9452994734616732, 0.9529697073107681, 0.4588049767889075, 0.9249213286703658, 0.9095586276796424, 0.46629609284785634, 0.48356226306808725, 0.9438385181613531, 0.9235554505942455]
Iteration 107: [0.9132413934216531, 0.43193797213142954, 0.9158358514761751, 0.05961277953376325, 0.06494961286669168, 0.726230578678137, 0.9211774307553225, 0.9245444235308813, 0.4682329843562686, 0.4710019749452874, 0.46011985789598653, 0.9452994734616732, 0.9529697073107681, 0.4588049767889075, 0.9249213286703658, 0.9095586276796424, 0.46629609284785634, 0.48356226306808725, 0.9438385181613531, 0.9235554505942455]
Iteration 108: [0.9132413934216531, 0.43193797213142954, 0.9158358514761751, 0.05961277953376325, 0.06494961286669168, 0.726230578678137, 0.9211774307553225, 0.9245444235308813, 0.4682329843562686, 0.4710019749452874, 0.46011985789598653, 0.9452994734616732, 0.9529697073107681, 0.4588049767889075, 0.9249213286703658, 0.9095586276796424, 0.46629609284785634, 0.48356226306808725, 0.9438385181613531, 0.9235554505942455]
Iteration 109: [0.9132413934216531, 0.43193797213142954, 0.9158358514761751, 0.05961277953376325, 0.06494961286669168, 0.726230578678137, 0.9211774307553225, 0.9245444235308813, 0.4682329843562686, 0.4710019749452874, 0.46011985789598653, 0.9452994734616732, 0.9529697073107681, 0.4588049767889075, 0.9249213286703658, 0.9095586276796424, 0.46629609284785634, 0.48356226306808725, 0.9438385181613531, 0.9235554505942455]
Iteration 110: [0.9132413934216531, 0.43193797213142954, 0.9158358514761751, 0.05961277953376325, 0.06494961286669168, 0.726230578678137, 0.9211774307553225, 0.9245444235308813, 0.4682329843562686, 0.4710019749452874, 0.46011985789598653, 0.9452994734616732, 0.9529697073107681, 0.4588049767889075, 0.9249213286703658, 0.9095586276796424, 0.46629609284785634, 0.48356226306808725, 0.9438385181613531, 0.9235554505942455]
Iteration 111: [0.9132413934216531, 0.43193797213142954, 0.9158358514761751, 0.05961277953376325, 0.06494961286669168, 0.726230578678137, 0.9211774307553225, 0.9245444235308813, 0.4682329843562686, 0.4710019749452874, 0.46011985789598653, 0.9452994734616732, 0.9529697073107681, 0.4588049767889075, 0.9249213286703658, 0.9095586276796424, 0.46629609284785634, 0.48356226306808725, 0.9438385181613531, 0.9235554505942455]
Iteration 112: [0.9132413934216531, 0.43193797213142954, 0.9158358514761751, 0.05961277953376325, 0.06494961286669168, 0.726230578678137, 0.9211774307553225, 0.9245444235308813, 0.4682329843562686, 0.4710019749452874, 0.46011985789598653, 0.9452994734616732, 0.9529697073107681, 0.4588049767889075, 0.9249213286703658, 0.9095586276796424, 0.46629609284785634, 0.48356226306808725, 0.9438385181613531, 0.9235554505942455]
Iteration 113: [0.9132413934216531, 0.43193797213142954, 0.9158358514761751, 0.05961277953376325, 0.06494961286669168, 0.726230578678137, 0.9211774307553225, 0.9245444235308813, 0.4682329843562686, 0.4710019749452874, 0.46011985789598653, 0.9452994734616732, 0.9529697073107681, 0.4588049767889075, 0.9249213286703658, 0.9095586276796424, 0.46629609284785634, 0.48356226306808725, 0.9438385181613531, 0.9235554505942455]
Iteration 114: [0.9132413934216531, 0.43193797213142954, 0.9158358514761751, 0.05961277953376325, 0.06494961286669168, 0.726230578678137, 0.9211774307553225, 0.9245444235308813, 0.4682329843562686, 0.4710019749452874, 0.46011985789598653, 0.9452994734616732, 0.9529697073107681, 0.4588049767889075, 0.9249213286703658, 0.9095586276796424, 0.46629609284785634, 0.48356226306808725, 0.9438385181613531, 0.9235554505942455]
Iteration 115: [0.9132413934216531, 0.43193797213142954, 0.9158358514761751, 0.05961277953376325, 0.06494961286669168, 0.726230578678137, 0.9211774307553225, 0.9245444235308813, 0.4682329843562686, 0.4710019749452874, 0.46011985789598653, 0.9452994734616732, 0.9529697073107681, 0.4588049767889075, 0.9249213286703658, 0.9095586276796424, 0.46629609284785634, 0.48356226306808725, 0.9438385181613531, 0.9235554505942455]
Iteration 116: [0.9132413934216531, 0.43193797213142954, 0.9158358514761751, 0.05961277953376325, 0.06494961286669168, 0.726230578678137, 0.9211774307553225, 0.9245444235308813, 0.4682329843562686, 0.4710019749452874, 0.46011985789598653, 0.9452994734616732, 0.9529697073107681, 0.4588049767889075, 0.9249213286703658, 0.9095586276796424, 0.46629609284785634, 0.48356226306808725, 0.9438385181613531, 0.9235554505942455]
Iteration 117: [0.9145881834722543, 0.43193797213142954, 0.9158358514761751, 0.05961277953376325, 0.06494961286669168, 0.726230578678137, 0.9211774307553225, 0.9245444235308813, 0.4682329843562686, 0.4710019749452874, 0.46011985789598653, 0.9452994734616732, 0.9529697073107681, 0.4588049767889075, 0.9249213286703658, 0.9095586276796424, 0.46629609284785634, 0.48356226306808725, 0.9438385181613531, 0.9235554505942455]
Iteration 118: [0.9145881834722543, 0.43193797213142954, 0.9158358514761751, 0.05961277953376325, 0.06494961286669168, 0.726230578678137, 0.9211774307553225, 0.9245444235308813, 0.4682329843562686, 0.4710019749452874, 0.46011985789598653, 0.9468911625334702, 0.9529697073107681, 0.4588049767889075, 0.9249213286703658, 0.9095586276796424, 0.46629609284785634, 0.48356226306808725, 0.9438385181613531, 0.9235554505942455]
Iteration 119: [0.9145881834722543, 0.43193797213142954, 0.9158358514761751, 0.05961277953376325, 0.06494961286669168, 0.726230578678137, 0.9211774307553225, 0.9245444235308813, 0.4682329843562686, 0.4710019749452874, 0.46011985789598653, 0.9468911625334702, 0.9529697073107681, 0.4588049767889075, 0.9249213286703658, 0.9095586276796424, 0.46629609284785634, 0.48356226306808725, 0.9438385181613531, 0.9235554505942455]
Iteration 120: [0.9145881834722543, 0.43193797213142954, 0.9158358514761751, 0.05961277953376325, 0.06494961286669168, 0.726230578678137, 0.9211774307553225, 0.9245444235308813, 0.4682329843562686, 0.4710019749452874, 0.46011985789598653, 0.9468911625334702, 0.9529697073107681, 0.4588049767889075, 0.9249213286703658, 0.9095586276796424, 0.46629609284785634, 0.48356226306808725, 0.9438385181613531, 0.9235554505942455]
Iteration 121: [0.9145881834722543, 0.43193797213142954, 0.9158358514761751, 0.05961277953376325, 0.06494961286669168, 0.726230578678137, 0.9211774307553225, 0.9245444235308813, 0.4682329843562686, 0.4710019749452874, 0.46011985789598653, 0.9468911625334702, 0.9529697073107681, 0.4588049767889075, 0.9249213286703658, 0.8963459016652553, 0.46629609284785634, 0.48356226306808725, 0.9438385181613531, 0.9235554505942455]
Iteration 122: [0.9145881834722543, 0.43193797213142954, 0.9158358514761751, 0.05961277953376325, 0.06494961286669168, 0.726230578678137, 0.9211774307553225, 0.9245444235308813, 0.4682329843562686, 0.4710019749452874, 0.46011985789598653, 0.9468911625334702, 0.9529697073107681, 0.4588049767889075, 0.9249213286703658, 0.8963459016652553, 0.46629609284785634, 0.48356226306808725, 0.9438385181613531, 0.9235554505942455]
Iteration 123: [0.9145881834722543, 0.43193797213142954, 0.9158358514761751, 0.05961277953376325, 0.06494961286669168, 0.726230578678137, 0.9211774307553225, 0.9245444235308813, 0.4682329843562686, 0.4710019749452874, 0.46011985789598653, 0.9468911625334702, 0.9529697073107681, 0.4588049767889075, 0.9249213286703658, 0.8963459016652553, 0.46629609284785634, 0.48356226306808725, 0.9438385181613531, 0.9235554505942455]
Iteration 124: [0.9145881834722543, 0.43193797213142954, 0.9158358514761751, 0.05961277953376325, 0.06494961286669168, 0.726230578678137, 0.9211774307553225, 0.9245444235308813, 0.4682329843562686, 0.4710019749452874, 0.46011985789598653, 0.9468911625334702, 0.9529697073107681, 0.4588049767889075, 0.9249213286703658, 0.8963459016652553, 0.46629609284785634, 0.48356226306808725, 0.9438385181613531, 0.9235554505942455]
Iteration 125: [0.9145881834722543, 0.43193797213142954, 0.9158358514761751, 0.05961277953376325, 0.06494961286669168, 0.726230578678137, 0.9211774307553225, 0.9245444235308813, 0.4682329843562686, 0.4710019749452874, 0.46011985789598653, 0.9468911625334702, 0.9529697073107681, 0.4588049767889075, 0.9249213286703658, 0.8963459016652553, 0.46629609284785634, 0.48356226306808725, 0.9438385181613531, 0.9235554505942455]
Iteration 126: [0.9145881834722543, 0.43193797213142954, 0.9158358514761751, 0.05961277953376325, 0.06494961286669168, 0.726230578678137, 0.9211774307553225, 0.9245444235308813, 0.4682329843562686, 0.4710019749452874, 0.46011985789598653, 0.9468911625334702, 0.9529697073107681, 0.4588049767889075, 0.9249213286703658, 0.8963459016652553, 0.46629609284785634, 0.48356226306808725, 0.9438385181613531, 0.9235554505942455]
Iteration 127: [0.9145881834722543, 0.43193797213142954, 0.9158358514761751, 0.05961277953376325, 0.06494961286669168, 0.726230578678137, 0.9211774307553225, 0.9245444235308813, 0.4682329843562686, 0.4710019749452874, 0.46011985789598653, 0.9468911625334702, 0.9529697073107681, 0.4588049767889075, 0.9249213286703658, 0.8963459016652553, 0.46629609284785634, 0.48356226306808725, 0.9438385181613531, 0.9235554505942455]
Iteration 128: [0.9145881834722543, 0.43193797213142954, 0.9158358514761751, 0.05961277953376325, 0.06494961286669168, 0.726230578678137, 0.9211774307553225, 0.9245444235308813, 0.4682329843562686, 0.4710019749452874, 0.46011985789598653, 0.9468911625334702, 0.9529697073107681, 0.4588049767889075, 0.6435128594310011, 0.8963459016652553, 0.46629609284785634, 0.48356226306808725, 0.9438385181613531, 0.9235554505942455]
Iteration 129: [0.9145881834722543, 0.43193797213142954, 0.9158358514761751, 0.05961277953376325, 0.06494961286669168, 0.6912384352471114, 0.9211774307553225, 0.9245444235308813, 0.4682329843562686, 0.4710019749452874, 0.46011985789598653, 0.9468911625334702, 0.9529697073107681, 0.4588049767889075, 0.6435128594310011, 0.8963459016652553, 0.46629609284785634, 0.48356226306808725, 0.9438385181613531, 0.9235554505942455]
Iteration 130: [0.9145881834722543, 0.43193797213142954, 0.9158358514761751, 0.05961277953376325, 0.06494961286669168, 0.6912384352471114, 0.9211774307553225, 0.9245444235308813, 0.4682329843562686, 0.4710019749452874, 0.46011985789598653, 0.9468911625334702, 0.9529697073107681, 0.4588049767889075, 0.9249213286703658, 0.8963459016652553, 0.46629609284785634, 0.48356226306808725, 0.9438385181613531, 0.9235554505942455]
Iteration 131: [0.9145881834722543, 0.43193797213142954, 0.9158358514761751, 0.05961277953376325, 0.06494961286669168, 0.6912384352471114, 0.9211774307553225, 0.9245444235308813, 0.4682329843562686, 0.4710019749452874, 0.46011985789598653, 0.9468911625334702, 0.9529697073107681, 0.4588049767889075, 0.9249213286703658, 0.8963459016652553, 0.46629609284785634, 0.48356226306808725, 0.9438385181613531, 0.9235554505942455]
Iteration 132: [0.9145881834722543, 0.43193797213142954, 0.9158358514761751, 0.05961277953376325, 0.06494961286669168, 0.6912384352471114, 0.9211774307553225, 0.9245444235308813, 0.4682329843562686, 0.4710019749452874, 0.46011985789598653, 0.9468911625334702, 0.9529697073107681, 0.4588049767889075, 0.9249213286703658, 0.8963459016652553, 0.46629609284785634, 0.48356226306808725, 0.9438385181613531, 0.9235554505942455]
Iteration 133: [0.9145881834722543, 0.43193797213142954, 0.9158358514761751, 0.05961277953376325, 0.06494961286669168, 0.6912384352471114, 0.9211774307553225, 0.9245444235308813, 0.4682329843562686, 0.4710019749452874, 0.46011985789598653, 0.9468911625334702, 0.9529697073107681, 0.4588049767889075, 0.9249213286703658, 0.8963459016652553, 0.47741724847237016, 0.48356226306808725, 0.9438385181613531, 0.9235554505942455]
Iteration 134: [0.9145881834722543, 0.43193797213142954, 0.9158358514761751, 0.05961277953376325, 0.06541533946523809, 0.6912384352471114, 0.9211774307553225, 0.9245444235308813, 0.4682329843562686, 0.4710019749452874, 0.46011985789598653, 0.9468911625334702, 0.9529697073107681, 0.4588049767889075, 0.9249213286703658, 0.8963459016652553, 0.47741724847237016, 0.48356226306808725, 0.9438385181613531, 0.9235554505942455]
Iteration 135: [0.9145881834722543, 0.43193797213142954, 0.9158358514761751, 0.05961277953376325, 0.06541533946523809, 0.6912384352471114, 0.9211774307553225, 0.9245444235308813, 0.4682329843562686, 0.4710019749452874, 0.46011985789598653, 0.9468911625334702, 0.9529697073107681, 0.4588049767889075, 0.9249213286703658, 0.8963459016652553, 0.47741724847237016, 0.48356226306808725, 0.9438385181613531, 0.9235554505942455]
Iteration 136: [0.9145881834722543, 0.43193797213142954, 0.9158358514761751, 0.05961277953376325, 0.06541533946523809, 0.6912384352471114, 0.9211774307553225, 0.9245444235308813, 0.4682329843562686, 0.4710019749452874, 0.46011985789598653, 0.9468911625334702, 0.9529697073107681, 0.4588049767889075, 0.9249213286703658, 0.8963459016652553, 0.47741724847237016, 0.48356226306808725, 0.9438385181613531, 0.9235554505942455]
Iteration 137: [0.9145881834722543, 0.43193797213142954, 0.9158358514761751, 0.05961277953376325, 0.06541533946523809, 0.6912384352471114, 0.9211774307553225, 0.9245444235308813, 0.4682329843562686, 0.4710019749452874, 0.46011985789598653, 0.9468911625334702, 0.9529697073107681, 0.4588049767889075, 0.9249213286703658, 0.8963459016652553, 0.47741724847237016, 0.48356226306808725, 0.9438385181613531, 0.9235554505942455]
Iteration 138: [0.9056588550315297, 0.43193797213142954, 0.9158358514761751, 0.05961277953376325, 0.06541533946523809, 0.6912384352471114, 0.9211774307553225, 0.9245444235308813, 0.4682329843562686, 0.4710019749452874, 0.46011985789598653, 0.9468911625334702, 0.9529697073107681, 0.4588049767889075, 0.9249213286703658, 0.8963459016652553, 0.47741724847237016, 0.48356226306808725, 0.9438385181613531, 0.9235554505942455]
Iteration 139: [0.9056588550315297, 0.43193797213142954, 0.9158358514761751, 0.05961277953376325, 0.06541533946523809, 0.6912384352471114, 0.9211774307553225, 0.9245444235308813, 0.4682329843562686, 0.4710019749452874, 0.46011985789598653, 0.9468911625334702, 0.9529697073107681, 0.4588049767889075, 0.9249213286703658, 0.8963459016652553, 0.47741724847237016, 0.48356226306808725, 0.9438385181613531, 0.9235554505942455]
Iteration 140: [0.9056588550315297, 0.43193797213142954, 0.9158358514761751, 0.04573119284021242, 0.06541533946523809, 0.6912384352471114, 0.9211774307553225, 0.9245444235308813, 0.4682329843562686, 0.4710019749452874, 0.46011985789598653, 0.9468911625334702, 0.9529697073107681, 0.4588049767889075, 0.9249213286703658, 0.8963459016652553, 0.47741724847237016, 0.48356226306808725, 0.9438385181613531, 0.9235554505942455]
Iteration 141: [0.9056588550315297, 0.43193797213142954, 0.9158358514761751, 0.04573119284021242, 0.06541533946523809, 0.6912384352471114, 0.9211774307553225, 0.9245444235308813, 0.4682329843562686, 0.4710019749452874, 0.46011985789598653, 0.9468911625334702, 0.9529697073107681, 0.4588049767889075, 0.9249213286703658, 0.8963459016652553, 0.47741724847237016, 0.48356226306808725, 0.9438385181613531, 0.9235554505942455]
Iteration 142: [0.9056588550315297, 0.43193797213142954, 0.9158358514761751, 0.04573119284021242, 0.06541533946523809, 0.6912384352471114, 0.9211774307553225, 0.9245444235308813, 0.4682329843562686, 0.4710019749452874, 0.46011985789598653, 0.9468911625334702, 0.9529697073107681, 0.4588049767889075, 0.9249213286703658, 0.8963459016652553, 0.47741724847237016, 0.48356226306808725, 0.9438385181613531, 0.9235554505942455]
Iteration 143: [0.9056588550315297, 0.43193797213142954, 0.9158358514761751, 0.04573119284021242, 0.06541533946523809, 0.6912384352471114, 0.9211774307553225, 0.9245444235308813, 0.4682329843562686, 0.4710019749452874, 0.46011985789598653, 0.9468911625334702, 0.9529697073107681, 0.4588049767889075, 0.9249213286703658, 0.8963459016652553, 0.47741724847237016, 0.48356226306808725, 0.9438385181613531, 0.9235554505942455]
Iteration 144: [0.9056588550315297, 0.43193797213142954, 0.9158358514761751, 0.04573119284021242, 0.06541533946523809, 0.6912384352471114, 0.9211774307553225, 0.9245444235308813, 0.4682329843562686, 0.4704790644024134, 0.46011985789598653, 0.9468911625334702, 0.9529697073107681, 0.4588049767889075, 0.9249213286703658, 0.8963459016652553, 0.47741724847237016, 0.48356226306808725, 0.9438385181613531, 0.9235554505942455]
Iteration 145: [0.9056588550315297, 0.43193797213142954, 0.9158358514761751, 0.04573119284021242, 0.06541533946523809, 0.6912384352471114, 0.9223245462623071, 0.9245444235308813, 0.4682329843562686, 0.4704790644024134, 0.46011985789598653, 0.9468911625334702, 0.9529697073107681, 0.4588049767889075, 0.9249213286703658, 0.8963459016652553, 0.47741724847237016, 0.48356226306808725, 0.9438385181613531, 0.9235554505942455]
Iteration 146: [0.9056588550315297, 0.43193797213142954, 0.9158358514761751, 0.04573119284021242, 0.06541533946523809, 0.6912384352471114, 0.9223245462623071, 0.9245444235308813, 0.4682329843562686, 0.4704790644024134, 0.46011985789598653, 0.9468911625334702, 0.9529697073107681, 0.4588049767889075, 0.9249213286703658, 0.8963459016652553, 0.47741724847237016, 0.48356226306808725, 0.9438385181613531, 0.9235554505942455]
Iteration 147: [0.9056588550315297, 0.43193797213142954, 0.9158358514761751, 0.04573119284021242, 0.06541533946523809, 0.6912384352471114, 0.9223245462623071, 0.9245444235308813, 0.4682329843562686, 0.4704790644024134, 0.46011985789598653, 0.9468911625334702, 0.9529697073107681, 0.4588049767889075, 0.9249213286703658, 0.8963459016652553, 0.47741724847237016, 0.48356226306808725, 0.9438385181613531, 0.9235554505942455]
Iteration 148: [0.06591467055973566, 0.43193797213142954, 0.9158358514761751, 0.04573119284021242, 0.06541533946523809, 0.6912384352471114, 0.9223245462623071, 0.9245444235308813, 0.4682329843562686, 0.4704790644024134, 0.46011985789598653, 0.9468911625334702, 0.9529697073107681, 0.4588049767889075, 0.9249213286703658, 0.8963459016652553, 0.47741724847237016, 0.48356226306808725, 0.9438385181613531, 0.9235554505942455]
Iteration 149: [0.06591467055973566, 0.43193797213142954, 0.9158358514761751, 0.04573119284021242, 0.06541533946523809, 0.6912384352471114, 0.9223245462623071, 0.9245444235308813, 0.4682329843562686, 0.45744344336284526, 0.46011985789598653, 0.9468911625334702, 0.9529697073107681, 0.4588049767889075, 0.9249213286703658, 0.8963459016652553, 0.47741724847237016, 0.48356226306808725, 0.9438385181613531, 0.9235554505942455]
Iteration 150: [0.06591467055973566, 0.43193797213142954, 0.9158358514761751, 0.04573119284021242, 0.06541533946523809, 0.6912384352471114, 0.9223245462623071, 0.9245444235308813, 0.4682329843562686, 0.45744344336284526, 0.46011985789598653, 0.9468911625334702, 0.9529697073107681, 0.4588049767889075, 0.9249213286703658, 0.8963459016652553, 0.47741724847237016, 0.48356226306808725, 0.9438385181613531, 0.9235554505942455]
