There are 7 agents who believe in con
There are 11 agents who believe in pro
There are 2 agents who are neutral 

Iteration 1: [0.37129084795410394, 0.4279423670675647, 0.6559161864205462, 0.4143084056201624, 0.34565192062808786, 0.6266818228112367, 0.48118439933681645, 0.4066474888532442, 0.5198452968000843, 0.11531731914966097, 0.3597751330683106, 0.4497540523445966, 0.5376788814641053, 0.22623545708502443, 0.5177016415831613, 0.48133434553800714, 0.46976886997326145, 0.4750526192531733, 0.5576190430810876, 0.4013354533692096]
Iteration 2: [0.37129084795410394, 0.4279423670675647, 0.6559161864205462, 0.4143084056201624, 0.34565192062808786, 0.6266818228112367, 0.48118439933681645, 0.4066474888532442, 0.5198452968000843, 0.11531731914966097, 0.3597751330683106, 0.4497540523445966, 0.5376788814641053, 0.22623545708502443, 0.5177016415831613, 0.3222986855081005, 0.46976886997326145, 0.4750526192531733, 0.5576190430810876, 0.4013354533692096]
Iteration 3: [0.37129084795410394, 0.40808219309218857, 0.6559161864205462, 0.4143084056201624, 0.34565192062808786, 0.6266818228112367, 0.48118439933681645, 0.4066474888532442, 0.5198452968000843, 0.11531731914966097, 0.3597751330683106, 0.4497540523445966, 0.5376788814641053, 0.22623545708502443, 0.5177016415831613, 0.3222986855081005, 0.46976886997326145, 0.4143280122207371, 0.5576190430810876, 0.4013354533692096]
Iteration 4: [0.37129084795410394, 0.40808219309218857, 0.39451273515391516, 0.4143084056201624, 0.34565192062808786, 0.6266818228112367, 0.48118439933681645, 0.4066474888532442, 0.5198452968000843, 0.11531731914966097, 0.3597751330683106, 0.4497540523445966, 0.5376788814641053, 0.22623545708502443, 0.5177016415831613, 0.3222986855081005, 0.46976886997326145, 0.001417054688122328, 0.5576190430810876, 0.4013354533692096]
Iteration 5: [0.37129084795410394, 0.40808219309218857, 0.39451273515391516, 0.4143084056201624, 0.34565192062808786, 0.6266818228112367, 0.35658036300964235, 0.4066474888532442, 0.5198452968000843, 0.11531731914966097, 0.3597751330683106, 0.4497540523445966, 0.5376788814641053, 0.22623545708502443, 0.5177016415831613, 0.3222986855081005, 0.46976886997326145, 0.001417054688122328, 0.5422497642329793, 0.4013354533692096]
Iteration 6: [0.37129084795410394, 0.40808219309218857, 0.39451273515391516, 0.4143084056201624, 0.34565192062808786, 0.6266818228112367, 0.35658036300964235, 0.4894854233624788, 0.43518951675205436, 0.11531731914966097, 0.3597751330683106, 0.4497540523445966, 0.5376788814641053, 0.22623545708502443, 0.5177016415831613, 0.3222986855081005, 0.46976886997326145, 0.001417054688122328, 0.5422497642329793, 0.4013354533692096]
Iteration 7: [0.37129084795410394, 0.30847146196274927, 0.39451273515391516, 0.4143084056201624, 0.34565192062808786, 0.6266818228112367, 0.35658036300964235, 0.4894854233624788, 0.43518951675205436, 0.11531731914966097, 0.3597751330683106, 0.4497540523445966, 0.5376788814641053, 0.22623545708502443, 0.5177016415831613, 0.3222986855081005, 0.46976886997326145, 0.4941792832799184, 0.5422497642329793, 0.4013354533692096]
Iteration 8: [0.40766061664798486, 0.30847146196274927, 0.5513724020200991, 0.4143084056201624, 0.34565192062808786, 0.6266818228112367, 0.35658036300964235, 0.4894854233624788, 0.43518951675205436, 0.11531731914966097, 0.3597751330683106, 0.4497540523445966, 0.5376788814641053, 0.22623545708502443, 0.5177016415831613, 0.3222986855081005, 0.46976886997326145, 0.4941792832799184, 0.5422497642329793, 0.4013354533692096]
Iteration 9: [0.40766061664798486, 0.30847146196274927, 0.5513724020200991, 0.4143084056201624, 0.34565192062808786, 0.6266818228112367, 0.35658036300964235, 0.4263021072373543, 0.43518951675205436, 0.11531731914966097, 0.3597751330683106, 0.4497540523445966, 0.5376788814641053, 0.22623545708502443, 0.15517873308432942, 0.3222986855081005, 0.46976886997326145, 0.4941792832799184, 0.5422497642329793, 0.4013354533692096]
Iteration 10: [0.40766061664798486, 0.30847146196274927, 0.5513724020200991, 0.4143084056201624, 0.34565192062808786, 0.6266818228112367, 0.35658036300964235, 0.4263021072373543, 0.5463143911079332, 0.11531731914966097, 0.3597751330683106, 0.4730646171260798, 0.5376788814641053, 0.22623545708502443, 0.15517873308432942, 0.3222986855081005, 0.46976886997326145, 0.4941792832799184, 0.5422497642329793, 0.4013354533692096]
Iteration 11: [0.40766061664798486, 0.30847146196274927, 0.5513724020200991, 0.4143084056201624, 0.34565192062808786, 0.6266818228112367, 0.3108855105713179, 0.4263021072373543, 0.5463143911079332, 0.11531731914966097, 0.3597751330683106, 0.4730646171260798, 0.5376788814641053, 0.22623545708502443, 0.15517873308432942, 0.3222986855081005, 0.46976886997326145, 0.4941792832799184, 0.5422497642329793, 0.5212980983423351]
Iteration 12: [0.40766061664798486, 0.30847146196274927, 0.5513724020200991, 0.4143084056201624, 0.3389552597117599, 0.5857154323524048, 0.3108855105713179, 0.4263021072373543, 0.5463143911079332, 0.11531731914966097, 0.3597751330683106, 0.4730646171260798, 0.5376788814641053, 0.22623545708502443, 0.15517873308432942, 0.3222986855081005, 0.46976886997326145, 0.4941792832799184, 0.5422497642329793, 0.5212980983423351]
Iteration 13: [0.40766061664798486, 0.11054600573045313, 0.5513724020200991, 0.4143084056201624, 0.3389552597117599, 0.5857154323524048, 0.3108855105713179, 0.4263021072373543, 0.5463143911079332, 0.11531731914966097, 0.3597751330683106, 0.4730646171260798, 0.5376788814641053, 0.22623545708502443, 0.15517873308432942, 0.3222986855081005, 0.46976886997326145, 0.4941792832799184, 0.5252529009384526, 0.5212980983423351]
Iteration 14: [0.40766061664798486, 0.11054600573045313, 0.5513724020200991, 0.374190435035519, 0.3389552597117599, 0.5857154323524048, 0.3108855105713179, 0.47433665353139676, 0.5463143911079332, 0.11531731914966097, 0.3597751330683106, 0.4730646171260798, 0.5376788814641053, 0.22623545708502443, 0.15517873308432942, 0.3222986855081005, 0.46976886997326145, 0.4941792832799184, 0.5252529009384526, 0.5212980983423351]
Iteration 15: [0.40766061664798486, 0.11054600573045313, 0.5513724020200991, 0.374190435035519, 0.3389552597117599, 0.5857154323524048, 0.3108855105713179, 0.5305456734129982, 0.5463143911079332, 0.11531731914966097, 0.3597751330683106, 0.4730646171260798, 0.5376788814641053, 0.22623545708502443, 0.15517873308432942, 0.3222986855081005, 0.46976886997326145, 0.4941792832799184, 0.5252529009384526, 0.5212980983423351]
Iteration 16: [0.40766061664798486, 0.11054600573045313, 0.5513724020200991, 0.374190435035519, 0.3389552597117599, 0.5857154323524048, 0.21950804865261822, 0.5305456734129982, 0.5463143911079332, 0.11531731914966097, 0.3597751330683106, 0.4730646171260798, 0.5376788814641053, 0.22623545708502443, 0.15517873308432942, 0.1522272900645691, 0.46976886997326145, 0.4941792832799184, 0.5252529009384526, 0.5212980983423351]
Iteration 17: [0.40766061664798486, 0.11054600573045313, 0.5513724020200991, 0.374190435035519, 0.3389552597117599, 0.5857154323524048, 0.21950804865261822, 0.5305456734129982, 0.5463143911079332, 0.11531731914966097, 0.3422968308160705, 0.4730646171260798, 0.5376788814641053, 0.22623545708502443, 0.15517873308432942, 0.1522272900645691, 0.002160650377026716, 0.4941792832799184, 0.5252529009384526, 0.5212980983423351]
Iteration 18: [0.40766061664798486, 0.11054600573045313, 0.5513724020200991, 0.374190435035519, 0.3389552597117599, 0.5857154323524048, 0.21950804865261822, 0.5305456734129982, 0.5463143911079332, 0.11531731914966097, 0.3422968308160705, 0.4730646171260798, 0.5376788814641053, 0.22623545708502443, 0.15517873308432942, 0.10677570412425151, 0.002160650377026716, 0.4941792832799184, 0.5252529009384526, 0.39849071772366756]
Iteration 19: [0.40766061664798486, 0.11054600573045313, 0.5513724020200991, 0.374190435035519, 0.3389552597117599, 0.5857154323524048, 0.21950804865261822, 0.5305456734129982, 0.5463143911079332, 0.11531731914966097, 0.3422968308160705, 0.4730646171260798, 0.5376788814641053, 0.30891596399389315, 0.15517873308432942, 0.10677570412425151, 0.002160650377026716, 0.4941792832799184, 0.5252529009384526, 0.515691378590471]
Iteration 20: [0.40766061664798486, 0.11054600573045313, 0.46974229264878303, 0.374190435035519, 0.3389552597117599, 0.5857154323524048, 0.21950804865261822, 0.5305456734129982, 0.5463143911079332, 0.11531731914966097, 0.3422968308160705, 0.4730646171260798, 0.5376788814641053, 0.30891596399389315, 0.15517873308432942, 0.10677570412425151, 0.002160650377026716, 0.4941792832799184, 0.5252529009384526, 0.515691378590471]
Iteration 21: [0.40766061664798486, 0.11054600573045313, 0.46974229264878303, 0.374190435035519, 0.3389552597117599, 0.13363536591361486, 0.21950804865261822, 0.5305456734129982, 0.5463143911079332, 0.3828075837147494, 0.3422968308160705, 0.4730646171260798, 0.5376788814641053, 0.30891596399389315, 0.15517873308432942, 0.10677570412425151, 0.002160650377026716, 0.4941792832799184, 0.5252529009384526, 0.515691378590471]
Iteration 22: [0.40766061664798486, 0.11054600573045313, 0.46974229264878303, 0.374190435035519, 0.3389552597117599, 0.13363536591361486, 0.18871808182922542, 0.5305456734129982, 0.5463143911079332, 0.3828075837147494, 0.3422968308160705, 0.4730646171260798, 0.5376788814641053, 0.30891596399389315, 0.15517873308432942, 0.10677570412425151, 0.002160650377026716, 0.4941792832799184, 0.6960272534599341, 0.515691378590471]
Iteration 23: [0.40766061664798486, 0.11054600573045313, 0.46974229264878303, 0.313747231950645, 0.3389552597117599, 0.13363536591361486, 0.18871808182922542, 0.5305456734129982, 0.5463143911079332, 0.3828075837147494, 0.4219101617843997, 0.4730646171260798, 0.5376788814641053, 0.30891596399389315, 0.15517873308432942, 0.10677570412425151, 0.002160650377026716, 0.4941792832799184, 0.6960272534599341, 0.515691378590471]
Iteration 24: [0.44295470442608437, 0.11054600573045313, 0.46974229264878303, 0.313747231950645, 0.46089063759638654, 0.13363536591361486, 0.18871808182922542, 0.5305456734129982, 0.5463143911079332, 0.3828075837147494, 0.4219101617843997, 0.4730646171260798, 0.5376788814641053, 0.30891596399389315, 0.15517873308432942, 0.10677570412425151, 0.002160650377026716, 0.4941792832799184, 0.6960272534599341, 0.515691378590471]
Iteration 25: [0.44295470442608437, 0.11054600573045313, 0.46974229264878303, 0.001335401080351316, 0.46089063759638654, 0.13363536591361486, 0.18871808182922542, 0.5305456734129982, 0.5463143911079332, 0.3828075837147494, 0.4219101617843997, 0.4730646171260798, 0.5376788814641053, 0.30891596399389315, 0.15517873308432942, 0.10677570412425151, 0.002160650377026716, 0.4941792832799184, 0.6141292881116118, 0.515691378590471]
Iteration 26: [0.44295470442608437, 0.11054600573045313, 0.5448485976078544, 0.001335401080351316, 0.46089063759638654, 0.13363536591361486, 0.18871808182922542, 0.5305456734129982, 0.5463143911079332, 0.3828075837147494, 0.5754994035087362, 0.4730646171260798, 0.5376788814641053, 0.30891596399389315, 0.15517873308432942, 0.10677570412425151, 0.002160650377026716, 0.4941792832799184, 0.6141292881116118, 0.515691378590471]
Iteration 27: [0.44295470442608437, 0.11054600573045313, 0.49991691607323163, 0.001335401080351316, 0.46089063759638654, 0.13363536591361486, 0.18871808182922542, 0.5305456734129982, 0.5463143911079332, 0.4261480285870817, 0.5754994035087362, 0.4730646171260798, 0.5376788814641053, 0.30891596399389315, 0.15517873308432942, 0.10677570412425151, 0.002160650377026716, 0.4941792832799184, 0.6141292881116118, 0.515691378590471]
Iteration 28: [0.44295470442608437, 0.11054600573045313, 0.49991691607323163, 0.001335401080351316, 0.46089063759638654, 0.13363536591361486, 0.18871808182922542, 0.5305456734129982, 0.5463143911079332, 0.4261480285870817, 0.5754994035087362, 0.4730646171260798, 0.5376788814641053, 0.30891596399389315, 0.15517873308432942, 0.10677570412425151, 0.41205353064465733, 0.578970508664266, 0.6141292881116118, 0.515691378590471]
Iteration 29: [0.40722522552767354, 0.11054600573045313, 0.17594167326003232, 0.001335401080351316, 0.46089063759638654, 0.13363536591361486, 0.18871808182922542, 0.5305456734129982, 0.5463143911079332, 0.4261480285870817, 0.5754994035087362, 0.4730646171260798, 0.5376788814641053, 0.30891596399389315, 0.15517873308432942, 0.10677570412425151, 0.41205353064465733, 0.578970508664266, 0.6141292881116118, 0.515691378590471]
Iteration 30: [0.40722522552767354, 0.186524200288672, 0.17594167326003232, 0.001335401080351316, 0.46089063759638654, 0.13363536591361486, 0.18871808182922542, 0.5305456734129982, 0.5463143911079332, 0.4261480285870817, 0.5754994035087362, 0.4410490512255827, 0.5376788814641053, 0.30891596399389315, 0.15517873308432942, 0.10677570412425151, 0.41205353064465733, 0.578970508664266, 0.6141292881116118, 0.515691378590471]
Iteration 31: [0.40722522552767354, 0.186524200288672, 0.17594167326003232, 0.001335401080351316, 0.47056165537364536, 0.13363536591361486, 0.18871808182922542, 0.5305456734129982, 0.5463143911079332, 0.4261480285870817, 0.17557626915843905, 0.4410490512255827, 0.5376788814641053, 0.30891596399389315, 0.15517873308432942, 0.10677570412425151, 0.41205353064465733, 0.578970508664266, 0.6141292881116118, 0.515691378590471]
Iteration 32: [0.40722522552767354, 0.186524200288672, 0.17594167326003232, 0.001335401080351316, 0.13851935559545897, 0.13363536591361486, 0.18871808182922542, 0.5305456734129982, 0.5463143911079332, 0.38777965120043073, 0.17557626915843905, 0.4410490512255827, 0.5376788814641053, 0.30891596399389315, 0.15517873308432942, 0.10677570412425151, 0.41205353064465733, 0.578970508664266, 0.6141292881116118, 0.515691378590471]
Iteration 33: [0.40722522552767354, 0.19262664911030533, 0.17594167326003232, 0.001335401080351316, 0.13851935559545897, 0.13363536591361486, 0.18871808182922542, 0.49942887843643013, 0.5463143911079332, 0.38777965120043073, 0.17557626915843905, 0.4410490512255827, 0.5376788814641053, 0.30891596399389315, 0.15517873308432942, 0.10677570412425151, 0.41205353064465733, 0.578970508664266, 0.6141292881116118, 0.515691378590471]
Iteration 34: [0.40722522552767354, 0.19262664911030533, 0.17594167326003232, 0.001335401080351316, 0.13851935559545897, 0.13363536591361486, 0.18871808182922542, 0.49942887843643013, 0.5463143911079332, 0.38777965120043073, 0.17557626915843905, 0.4410490512255827, 0.5376788814641053, 0.30891596399389315, 0.15517873308432942, 0.10677570412425151, 0.41205353064465733, 0.578970508664266, 0.6141292881116118, 0.5528132763791096]
Iteration 35: [0.40722522552767354, 0.19262664911030533, 0.17594167326003232, 0.0019280885400059864, 0.13851935559545897, 0.13363536591361486, 0.18871808182922542, 0.49942887843643013, 0.5463143911079332, 0.38777965120043073, 0.18167007606955682, 0.4410490512255827, 0.5376788814641053, 0.30891596399389315, 0.15517873308432942, 0.10677570412425151, 0.41205353064465733, 0.578970508664266, 0.6141292881116118, 0.5528132763791096]
Iteration 36: [0.40722522552767354, 0.19262664911030533, 0.17594167326003232, 0.0019280885400059864, 0.13851935559545897, 0.13363536591361486, 0.18871808182922542, 0.49942887843643013, 0.5463143911079332, 0.38777965120043073, 0.18167007606955682, 0.4410490512255827, 0.5376788814641053, 0.30891596399389315, 0.15517873308432942, 0.10677570412425151, 0.41205353064465733, 0.578970508664266, 0.6131871475684809, 0.5528132763791096]
Iteration 37: [0.40722522552767354, 0.19262664911030533, 0.17594167326003232, 0.0019280885400059864, 0.13851935559545897, 0.563735321975219, 0.18871808182922542, 0.49942887843643013, 0.5463143911079332, 0.38777965120043073, 0.18167007606955682, 0.5013434233370879, 0.5376788814641053, 0.30891596399389315, 0.15517873308432942, 0.10677570412425151, 0.41205353064465733, 0.578970508664266, 0.6131871475684809, 0.5528132763791096]
Iteration 38: [0.17457086134390876, 0.19262664911030533, 0.17594167326003232, 0.0019280885400059864, 0.13851935559545897, 0.563735321975219, 0.18871808182922542, 0.49942887843643013, 0.5463143911079332, 0.38777965120043073, 0.18167007606955682, 0.5013434233370879, 0.5376788814641053, 0.30891596399389315, 0.15517873308432942, 0.34004334869789576, 0.41205353064465733, 0.578970508664266, 0.6131871475684809, 0.5528132763791096]
Iteration 39: [0.17457086134390876, 0.19262664911030533, 0.17594167326003232, 0.0019280885400059864, 0.13851935559545897, 0.563735321975219, 0.18871808182922542, 0.49942887843643013, 0.5463143911079332, 0.38777965120043073, 0.18923188857423182, 0.5013434233370879, 0.5376788814641053, 0.3402090670469265, 0.15517873308432942, 0.34004334869789576, 0.41205353064465733, 0.578970508664266, 0.6131871475684809, 0.5528132763791096]
Iteration 40: [0.17457086134390876, 0.19262664911030533, 0.17594167326003232, 0.0019280885400059864, 0.13851935559545897, 0.563735321975219, 0.18871808182922542, 0.49942887843643013, 0.5463143911079332, 0.38777965120043073, 0.18923188857423182, 0.5013434233370879, 0.5376788814641053, 0.3402090670469265, 0.42415850517107195, 0.12581639042407144, 0.41205353064465733, 0.578970508664266, 0.6131871475684809, 0.5528132763791096]
Iteration 41: [0.17457086134390876, 0.19262664911030533, 0.17594167326003232, 0.3766134500750811, 0.13851935559545897, 0.563735321975219, 0.18871808182922542, 0.49942887843643013, 0.5463143911079332, 0.14386721035246855, 0.18923188857423182, 0.5013434233370879, 0.5376788814641053, 0.3402090670469265, 0.42415850517107195, 0.12581639042407144, 0.41205353064465733, 0.578970508664266, 0.6131871475684809, 0.5528132763791096]
Iteration 42: [0.17457086134390876, 0.19262664911030533, 0.17594167326003232, 0.3766134500750811, 0.13851935559545897, 0.563735321975219, 0.18871808182922542, 0.49942887843643013, 0.5463143911079332, 0.14386721035246855, 0.18923188857423182, 0.5013434233370879, 0.5376788814641053, 0.3402090670469265, 0.42415850517107195, 0.20060558951276905, 0.41205353064465733, 0.5438889318444764, 0.6131871475684809, 0.5528132763791096]
Iteration 43: [0.17457086134390876, 0.19262664911030533, 0.17594167326003232, 0.3766134500750811, 0.13851935559545897, 0.563735321975219, 0.18871808182922542, 0.49942887843643013, 0.5463143911079332, 0.14386721035246855, 0.18923188857423182, 0.5013434233370879, 0.5376788814641053, 0.3402090670469265, 0.42415850517107195, 0.20060558951276905, 0.41205353064465733, 0.558297978280744, 0.6131871475684809, 0.5259733205136188]
Iteration 44: [0.17457086134390876, 0.19262664911030533, 0.17594167326003232, 0.22319318889207157, 0.13851935559545897, 0.563735321975219, 0.18871808182922542, 0.49942887843643013, 0.5463143911079332, 0.14386721035246855, 0.18923188857423182, 0.5013434233370879, 0.5376788814641053, 0.3402090670469265, 0.42415850517107195, 0.2195740898917078, 0.41205353064465733, 0.558297978280744, 0.6131871475684809, 0.5259733205136188]
Iteration 45: [0.17457086134390876, 0.19262664911030533, 0.17594167326003232, 0.22319318889207157, 0.13851935559545897, 0.563735321975219, 0.18871808182922542, 0.49942887843643013, 0.5463143911079332, 0.20697988336679812, 0.18923188857423182, 0.5013434233370879, 0.5376788814641053, 0.3402090670469265, 0.13677578907476637, 0.2195740898917078, 0.41205353064465733, 0.558297978280744, 0.6131871475684809, 0.5259733205136188]
Iteration 46: [0.17457086134390876, 0.19262664911030533, 0.17594167326003232, 0.22319318889207157, 0.13851935559545897, 0.563735321975219, 0.18871808182922542, 0.49942887843643013, 0.5463143911079332, 0.20697988336679812, 0.2238467696229787, 0.5013434233370879, 0.5376788814641053, 0.3402090670469265, 0.13677578907476637, 0.2195740898917078, 0.47073787380399856, 0.558297978280744, 0.6131871475684809, 0.5259733205136188]
Iteration 47: [0.17457086134390876, 0.19262664911030533, 0.17594167326003232, 0.22319318889207157, 0.13851935559545897, 0.563735321975219, 0.18871808182922542, 0.49942887843643013, 0.4808649638443617, 0.20697988336679812, 0.2238467696229787, 0.5013434233370879, 0.5376788814641053, 0.3402090670469265, 0.43264296529841784, 0.2195740898917078, 0.47073787380399856, 0.558297978280744, 0.6131871475684809, 0.5259733205136188]
Iteration 48: [0.17457086134390876, 0.19262664911030533, 0.17594167326003232, 0.22319318889207157, 0.2115454226748303, 0.563735321975219, 0.18871808182922542, 0.5886142147559683, 0.4808649638443617, 0.20697988336679812, 0.2238467696229787, 0.5013434233370879, 0.5376788814641053, 0.3402090670469265, 0.43264296529841784, 0.2195740898917078, 0.47073787380399856, 0.558297978280744, 0.6131871475684809, 0.5259733205136188]
Iteration 49: [0.17457086134390876, 0.19262664911030533, 0.17594167326003232, 0.22319318889207157, 0.21933971568900962, 0.563735321975219, 0.18871808182922542, 0.5886142147559683, 0.4808649638443617, 0.20697988336679812, 0.20277280660180955, 0.5013434233370879, 0.5376788814641053, 0.3402090670469265, 0.43264296529841784, 0.2195740898917078, 0.47073787380399856, 0.558297978280744, 0.6131871475684809, 0.5259733205136188]
Iteration 50: [0.17457086134390876, 0.19262664911030533, 0.17594167326003232, 0.22319318889207157, 0.25203015555825814, 0.563735321975219, 0.18871808182922542, 0.5886142147559683, 0.4808649638443617, 0.20697988336679812, 0.20277280660180955, 0.5013434233370879, 0.5376788814641053, 0.40428614259464546, 0.43264296529841784, 0.2195740898917078, 0.47073787380399856, 0.558297978280744, 0.6131871475684809, 0.5259733205136188]
Iteration 51: [0.17457086134390876, 0.19262664911030533, 0.17594167326003232, 0.22319318889207157, 0.25203015555825814, 0.563735321975219, 0.18871808182922542, 0.5886142147559683, 0.4808649638443617, 0.20697988336679812, 0.20277280660180955, 0.5013434233370879, 0.5376788814641053, 0.40428614259464546, 0.43264296529841784, 0.2195740898917078, 0.4490500162626631, 0.558297978280744, 0.6131871475684809, 0.5259733205136188]
Iteration 52: [0.17457086134390876, 0.19262664911030533, 0.17594167326003232, 0.22319318889207157, 0.25203015555825814, 0.18177370849331143, 0.21443405804989352, 0.5886142147559683, 0.4808649638443617, 0.20697988336679812, 0.20277280660180955, 0.5013434233370879, 0.5376788814641053, 0.40428614259464546, 0.43264296529841784, 0.2195740898917078, 0.4490500162626631, 0.558297978280744, 0.6131871475684809, 0.5259733205136188]
Iteration 53: [0.17457086134390876, 0.19262664911030533, 0.17594167326003232, 0.22319318889207157, 0.25203015555825814, 0.18177370849331143, 0.21443405804989352, 0.5886142147559683, 0.4808649638443617, 0.20697988336679812, 0.20277280660180955, 0.5013434233370879, 0.5376788814641053, 0.40428614259464546, 0.43264296529841784, 0.2195740898917078, 0.4490500162626631, 0.558297978280744, 0.22052765952207515, 0.5259733205136188]
Iteration 54: [0.17457086134390876, 0.1839042375727395, 0.17594167326003232, 0.22319318889207157, 0.25203015555825814, 0.18177370849331143, 0.21443405804989352, 0.5886142147559683, 0.5368493504839635, 0.20697988336679812, 0.20277280660180955, 0.5013434233370879, 0.5376788814641053, 0.40428614259464546, 0.43264296529841784, 0.2195740898917078, 0.4490500162626631, 0.558297978280744, 0.22052765952207515, 0.5259733205136188]
Iteration 55: [0.17457086134390876, 0.1839042375727395, 0.17594167326003232, 0.22319318889207157, 0.25203015555825814, 0.20190245903346812, 0.21443405804989352, 0.5886142147559683, 0.5368493504839635, 0.20697988336679812, 0.9845571641008309, 0.5013434233370879, 0.5376788814641053, 0.40428614259464546, 0.43264296529841784, 0.2195740898917078, 0.4490500162626631, 0.558297978280744, 0.22052765952207515, 0.5259733205136188]
Iteration 56: [0.19139028879896364, 0.1839042375727395, 0.17594167326003232, 0.22319318889207157, 0.25203015555825814, 0.20190245903346812, 0.21443405804989352, 0.5886142147559683, 0.5368493504839635, 0.20697988336679812, 0.9845571641008309, 0.5013434233370879, 0.5376788814641053, 0.40428614259464546, 0.43264296529841784, 0.2195740898917078, 0.4490500162626631, 0.558297978280744, 0.6057652566014325, 0.5259733205136188]
Iteration 57: [0.19139028879896364, 0.1839042375727395, 0.17594167326003232, 0.22319318889207157, 0.25203015555825814, 0.20190245903346812, 0.21443405804989352, 0.5886142147559683, 0.5368493504839635, 0.22595963015879778, 0.9845571641008309, 0.5013434233370879, 0.5376788814641053, 0.40428614259464546, 0.43264296529841784, 0.2195740898917078, 0.4490500162626631, 0.558297978280744, 0.6057652566014325, 0.5287495620009619]
Iteration 58: [0.19139028879896364, 0.1839042375727395, 0.17594167326003232, 0.22319318889207157, 0.25203015555825814, 0.20190245903346812, 0.21443405804989352, 0.5886142147559683, 0.5368493504839635, 0.2362910722872757, 0.9845571641008309, 0.5013434233370879, 0.5376788814641053, 0.40428614259464546, 0.43264296529841784, 0.2195740898917078, 0.4490500162626631, 0.5422004479906444, 0.6057652566014325, 0.5287495620009619]
Iteration 59: [0.1681769244070268, 0.1839042375727395, 0.17594167326003232, 0.22319318889207157, 0.25203015555825814, 0.17008575201768755, 0.21443405804989352, 0.5886142147559683, 0.5368493504839635, 0.2362910722872757, 0.9845571641008309, 0.5013434233370879, 0.5376788814641053, 0.40428614259464546, 0.43264296529841784, 0.2195740898917078, 0.4490500162626631, 0.5422004479906444, 0.6057652566014325, 0.5287495620009619]
Iteration 60: [0.1681769244070268, 0.1839042375727395, 0.17594167326003232, 0.22319318889207157, 0.25203015555825814, 0.17008575201768755, 0.21443405804989352, 0.5886142147559683, 0.5368493504839635, 0.2362910722872757, 0.9845571641008309, 0.5013434233370879, 0.5376788814641053, 0.6177055602142187, 0.43264296529841784, 0.2195740898917078, 0.12393880089312055, 0.5422004479906444, 0.6057652566014325, 0.5287495620009619]
Iteration 61: [0.1681769244070268, 0.1839042375727395, 0.17594167326003232, 0.22319318889207157, 0.25203015555825814, 0.17008575201768755, 0.21443405804989352, 0.5886142147559683, 0.5368493504839635, 0.2362910722872757, 0.9845571641008309, 0.5013434233370879, 0.5376788814641053, 0.6177055602142187, 0.43264296529841784, 0.2195740898917078, 0.12393880089312055, 0.6066649882086902, 0.6057652566014325, 0.5287495620009619]
Iteration 62: [0.1681769244070268, 0.1839042375727395, 0.17594167326003232, 0.22319318889207157, 0.25203015555825814, 0.17008575201768755, 0.21443405804989352, 0.5886142147559683, 0.5368493504839635, 0.2362910722872757, 0.9845571641008309, 0.5013434233370879, 0.5376788814641053, 0.6177055602142187, 0.43264296529841784, 0.23849631229870855, 0.12393880089312055, 0.6066649882086902, 0.2957891306161115, 0.5287495620009619]
Iteration 63: [0.1681769244070268, 0.17632466464990007, 0.17594167326003232, 0.22319318889207157, 0.25203015555825814, 0.17008575201768755, 0.21443405804989352, 0.5886142147559683, 0.5368493504839635, 0.2362910722872757, 0.9845571641008309, 0.5013434233370879, 0.5376788814641053, 0.6177055602142187, 0.43264296529841784, 0.2328946449706393, 0.12393880089312055, 0.6066649882086902, 0.2957891306161115, 0.5287495620009619]
Iteration 64: [0.1681769244070268, 0.21888922025608645, 0.17594167326003232, 0.22319318889207157, 0.22141269030939356, 0.17008575201768755, 0.21443405804989352, 0.5886142147559683, 0.5368493504839635, 0.2362910722872757, 0.9845571641008309, 0.5013434233370879, 0.5376788814641053, 0.6177055602142187, 0.43264296529841784, 0.2328946449706393, 0.12393880089312055, 0.6066649882086902, 0.2957891306161115, 0.5287495620009619]
Iteration 65: [0.1681769244070268, 0.21888922025608645, 0.17594167326003232, 0.22319318889207157, 0.22141269030939356, 0.17008575201768755, 0.21443405804989352, 0.5886142147559683, 0.5368493504839635, 0.2362910722872757, 0.9845571641008309, 0.6173805696512914, 0.5376788814641053, 0.6177055602142187, 0.43264296529841784, 0.2328946449706393, 0.12393880089312055, 0.5764736320822182, 0.2957891306161115, 0.5287495620009619]
Iteration 66: [0.1681769244070268, 0.22182348909714708, 0.20682643436107317, 0.22319318889207157, 0.22141269030939356, 0.17008575201768755, 0.21443405804989352, 0.5886142147559683, 0.5368493504839635, 0.2362910722872757, 0.9845571641008309, 0.6173805696512914, 0.5376788814641053, 0.6177055602142187, 0.43264296529841784, 0.2328946449706393, 0.12393880089312055, 0.5764736320822182, 0.2957891306161115, 0.5287495620009619]
Iteration 67: [0.1681769244070268, 0.22182348909714708, 0.20682643436107317, 0.22319318889207157, 0.2322758176533226, 0.17008575201768755, 0.21443405804989352, 0.4918906690753012, 0.5368493504839635, 0.2362910722872757, 0.9845571641008309, 0.6173805696512914, 0.5376788814641053, 0.6177055602142187, 0.43264296529841784, 0.2328946449706393, 0.12393880089312055, 0.5764736320822182, 0.2957891306161115, 0.5287495620009619]
Iteration 68: [0.1681769244070268, 0.22182348909714708, 0.20682643436107317, 0.22319318889207157, 0.2322758176533226, 0.17008575201768755, 0.21443405804989352, 0.4918906690753012, 0.5368493504839635, 0.2362910722872757, 0.24191478972554145, 0.6173805696512914, 0.5376788814641053, 0.6177055602142187, 0.43264296529841784, 0.2577213375747299, 0.12393880089312055, 0.5764736320822182, 0.2957891306161115, 0.5287495620009619]
Iteration 69: [0.1681769244070268, 0.22182348909714708, 0.20682643436107317, 0.22319318889207157, 0.2322758176533226, 0.17008575201768755, 0.21443405804989352, 0.4918906690753012, 0.5368493504839635, 0.2362910722872757, 0.24191478972554145, 0.6173805696512914, 0.24132231981128532, 0.6177055602142187, 0.43264296529841784, 0.2577213375747299, 0.12393880089312055, 0.5764736320822182, 0.6258591321714861, 0.5287495620009619]
Iteration 70: [0.1681769244070268, 0.22182348909714708, 0.20682643436107317, 0.22319318889207157, 0.2322758176533226, 0.17008575201768755, 0.1790960278550693, 0.4918906690753012, 0.5368493504839635, 0.2362910722872757, 0.24191478972554145, 0.6286907259354102, 0.24132231981128532, 0.6177055602142187, 0.43264296529841784, 0.2577213375747299, 0.12393880089312055, 0.5764736320822182, 0.6258591321714861, 0.5287495620009619]
Iteration 71: [0.1681769244070268, 0.22182348909714708, 0.20682643436107317, 0.22319318889207157, 0.2322758176533226, 0.17008575201768755, 0.1790960278550693, 0.6245483419928566, 0.5368493504839635, 0.2362910722872757, 0.24191478972554145, 0.6286907259354102, 0.24132231981128532, 0.6177055602142187, 0.43264296529841784, 0.2577213375747299, 0.12393880089312055, 0.5764736320822182, 0.6078947089193201, 0.5287495620009619]
Iteration 72: [0.1681769244070268, 0.22182348909714708, 0.20682643436107317, 0.22319318889207157, 0.23340225946952134, 0.17008575201768755, 0.1790960278550693, 0.6245483419928566, 0.5368493504839635, 0.2362910722872757, 0.24191478972554145, 0.6286907259354102, 0.24132231981128532, 0.516525009595474, 0.43264296529841784, 0.2577213375747299, 0.12393880089312055, 0.5764736320822182, 0.6078947089193201, 0.5287495620009619]
Iteration 73: [0.1681769244070268, 0.24671418486907729, 0.20682643436107317, 0.22319318889207157, 0.23340225946952134, 0.17008575201768755, 0.5375436864268842, 0.6245483419928566, 0.5368493504839635, 0.2362910722872757, 0.24191478972554145, 0.6286907259354102, 0.24132231981128532, 0.516525009595474, 0.43264296529841784, 0.2577213375747299, 0.12393880089312055, 0.5764736320822182, 0.6078947089193201, 0.5287495620009619]
Iteration 74: [0.1681769244070268, 0.24671418486907729, 0.20682643436107317, 0.22319318889207157, 0.23340225946952134, 0.17008575201768755, 0.49798616115337546, 0.6245483419928566, 0.5368493504839635, 0.2362910722872757, 0.24191478972554145, 0.6286907259354102, 0.24132231981128532, 0.516525009595474, 0.43264296529841784, 0.2577213375747299, 0.1389946155914949, 0.5764736320822182, 0.6078947089193201, 0.5287495620009619]
Iteration 75: [0.1681769244070268, 0.24671418486907729, 0.20682643436107317, 0.22319318889207157, 0.23340225946952134, 0.17008575201768755, 0.49798616115337546, 0.6348112201207109, 0.5368493504839635, 0.2362910722872757, 0.24191478972554145, 0.6286907259354102, 0.24132231981128532, 0.516525009595474, 0.17308997185482022, 0.2577213375747299, 0.1389946155914949, 0.5764736320822182, 0.6078947089193201, 0.5287495620009619]
Iteration 76: [0.1681769244070268, 0.2758747261930194, 0.20682643436107317, 0.22319318889207157, 0.23340225946952134, 0.17008575201768755, 0.49798616115337546, 0.6348112201207109, 0.5368493504839635, 0.2362910722872757, 0.24191478972554145, 0.6286907259354102, 0.24132231981128532, 0.516525009595474, 0.17308997185482022, 0.2577213375747299, 0.1389946155914949, 0.5764736320822182, 0.6078947089193201, 0.5287495620009619]
Iteration 77: [0.1681769244070268, 0.2758747261930194, 0.20682643436107317, 0.22319318889207157, 0.23340225946952134, 0.17008575201768755, 0.49798616115337546, 0.6348112201207109, 0.5368493504839635, 0.2362910722872757, 0.24191478972554145, 0.6286907259354102, 0.24132231981128532, 0.516525009595474, 0.48309381551895053, 0.25982139226649675, 0.1389946155914949, 0.5764736320822182, 0.6078947089193201, 0.5287495620009619]
Iteration 78: [0.1681769244070268, 0.2758747261930194, 0.20682643436107317, 0.22319318889207157, 0.23340225946952134, 0.17008575201768755, 0.49798616115337546, 0.6348112201207109, 0.5368493504839635, 0.2362910722872757, 0.24191478972554145, 0.6286907259354102, 0.24132231981128532, 0.516525009595474, 0.48309381551895053, 0.25982139226649675, 0.1389946155914949, 0.638227800376095, 0.6078947089193201, 0.5287495620009619]
Iteration 79: [0.1681769244070268, 0.2758747261930194, 0.20682643436107317, 0.22319318889207157, 0.23340225946952134, 0.17008575201768755, 0.49798616115337546, 0.6348112201207109, 0.5368493504839635, 0.2362910722872757, 0.24166469964045645, 0.6286907259354102, 0.24132231981128532, 0.516525009595474, 0.1499814942393445, 0.25982139226649675, 0.1389946155914949, 0.638227800376095, 0.6078947089193201, 0.5287495620009619]
Iteration 80: [0.1681769244070268, 0.2758747261930194, 0.20682643436107317, 0.22319318889207157, 0.23340225946952134, 0.17008575201768755, 0.49798616115337546, 0.6608259885125644, 0.5368493504839635, 0.2362910722872757, 0.24166469964045645, 0.6286907259354102, 0.24132231981128532, 0.516525009595474, 0.1499814942393445, 0.25982139226649675, 0.1389946155914949, 0.638227800376095, 0.6078947089193201, 0.6234094794945647]
Iteration 81: [0.1681769244070268, 0.2758747261930194, 0.20682643436107317, 0.22319318889207157, 0.23340225946952134, 0.17008575201768755, 0.49798616115337546, 0.6608259885125644, 0.5368493504839635, 0.2362910722872757, 0.24166469964045645, 0.9942029208104545, 0.24132231981128532, 0.516525009595474, 0.1499814942393445, 0.25982139226649675, 0.1389946155914949, 0.638227800376095, 0.6078947089193201, 0.5053191636839036]
Iteration 82: [0.1681769244070268, 0.2758747261930194, 0.22303653507154306, 0.22319318889207157, 0.23340225946952134, 0.17008575201768755, 0.49798616115337546, 0.6608259885125644, 0.5368493504839635, 0.2362910722872757, 0.6115628950048896, 0.9942029208104545, 0.24132231981128532, 0.516525009595474, 0.1499814942393445, 0.25982139226649675, 0.1389946155914949, 0.638227800376095, 0.6078947089193201, 0.5053191636839036]
Iteration 83: [0.1681769244070268, 0.2758747261930194, 0.22303653507154306, 0.22319318889207157, 0.23340225946952134, 0.19005255120000242, 0.49798616115337546, 0.6608259885125644, 0.5368493504839635, 0.2362910722872757, 0.6115628950048896, 0.9942029208104545, 0.24132231981128532, 0.516525009595474, 0.1499814942393445, 0.25982139226649675, 0.1389946155914949, 0.34580555970092797, 0.6078947089193201, 0.5053191636839036]
Iteration 84: [0.1681769244070268, 0.2758747261930194, 0.22303653507154306, 0.22319318889207157, 0.23340225946952134, 0.19005255120000242, 0.49798616115337546, 0.6608259885125644, 0.5368493504839635, 0.2362910722872757, 0.6115628950048896, 0.9942029208104545, 0.24132231981128532, 0.516525009595474, 0.1499814942393445, 0.25982139226649675, 0.1389946155914949, 0.2640178879647127, 0.6078947089193201, 0.5053191636839036]
Iteration 85: [0.1681769244070268, 0.2758747261930194, 0.22303653507154306, 0.22319318889207157, 0.23340225946952134, 0.19005255120000242, 0.49798616115337546, 0.6608259885125644, 0.5368493504839635, 0.2907435928266921, 0.6115628950048896, 0.9942029208104545, 0.24132231981128532, 0.516525009595474, 0.19849152452064664, 0.25982139226649675, 0.1389946155914949, 0.2640178879647127, 0.6078947089193201, 0.5053191636839036]
Iteration 86: [0.1681769244070268, 0.2758747261930194, 0.22303653507154306, 0.22319318889207157, 0.15601884702468494, 0.19005255120000242, 0.49798616115337546, 0.6608259885125644, 0.5368493504839635, 0.2907435928266921, 0.6115628950048896, 0.9942029208104545, 0.4937972150110089, 0.516525009595474, 0.19849152452064664, 0.25982139226649675, 0.1389946155914949, 0.2640178879647127, 0.6078947089193201, 0.5053191636839036]
Iteration 87: [0.1681769244070268, 0.2758747261930194, 0.22303653507154306, 0.22319318889207157, 0.15601884702468494, 0.19005255120000242, 0.49798616115337546, 0.6608259885125644, 0.5368493504839635, 0.2907435928266921, 0.6115628950048896, 0.9942029208104545, 0.4547816471210849, 0.516525009595474, 0.19849152452064664, 0.25982139226649675, 0.1389946155914949, 0.2640178879647127, 0.6078947089193201, 0.7344269030872397]
Iteration 88: [0.1681769244070268, 0.2758747261930194, 0.22303653507154306, 0.22319318889207157, 0.15601884702468494, 0.19005255120000242, 0.49798616115337546, 0.9929029605051268, 0.5368493504839635, 0.2907435928266921, 0.6358429667565528, 0.9942029208104545, 0.4547816471210849, 0.516525009595474, 0.19849152452064664, 0.25982139226649675, 0.1389946155914949, 0.2640178879647127, 0.6078947089193201, 0.7344269030872397]
Iteration 89: [0.1681769244070268, 0.2758747261930194, 0.22303653507154306, 0.22319318889207157, 0.15601884702468494, 0.19005255120000242, 0.49798616115337546, 0.9929029605051268, 0.5368493504839635, 0.2907435928266921, 0.6358429667565528, 0.9942029208104545, 0.4547816471210849, 0.4514335352912502, 0.17583470120942069, 0.25982139226649675, 0.1389946155914949, 0.2640178879647127, 0.6078947089193201, 0.7344269030872397]
Iteration 90: [0.1681769244070268, 0.2758747261930194, 0.22303653507154306, 0.22319318889207157, 0.15601884702468494, 0.19005255120000242, 0.49798616115337546, 0.9929029605051268, 0.5368493504839635, 0.2907435928266921, 0.6358429667565528, 0.9942029208104545, 0.4547816471210849, 0.00024574023050463035, 0.17583470120942069, 0.25982139226649675, 0.1389946155914949, 0.2640178879647127, 0.20269591214652058, 0.7344269030872397]
Iteration 91: [0.1681769244070268, 0.2758747261930194, 0.22303653507154306, 0.22319318889207157, 0.15601884702468494, 0.19005255120000242, 0.48294598539931227, 0.9929029605051268, 0.5368493504839635, 0.2907435928266921, 0.6358429667565528, 0.9942029208104545, 0.4547816471210849, 0.0021243400458962293, 0.17583470120942069, 0.25982139226649675, 0.1389946155914949, 0.2640178879647127, 0.20269591214652058, 0.7344269030872397]
Iteration 92: [0.1681769244070268, 0.2758747261930194, 0.6604318435614952, 0.22319318889207157, 0.15601884702468494, 0.19005255120000242, 0.48294598539931227, 0.9929029605051268, 0.5368493504839635, 0.2907435928266921, 0.6358429667565528, 0.9942029208104545, 0.4547816471210849, 0.001637311001465377, 0.17583470120942069, 0.25982139226649675, 0.1389946155914949, 0.2640178879647127, 0.20269591214652058, 0.7344269030872397]
Iteration 93: [0.1681769244070268, 0.2758747261930194, 0.6604318435614952, 0.22319318889207157, 0.15601884702468494, 0.1854094767684791, 0.48294598539931227, 0.9929029605051268, 0.5368493504839635, 0.2907435928266921, 0.6358429667565528, 0.9942029208104545, 0.16849656428345058, 0.001637311001465377, 0.17583470120942069, 0.25982139226649675, 0.1389946155914949, 0.2640178879647127, 0.20269591214652058, 0.7344269030872397]
Iteration 94: [0.1681769244070268, 0.2758747261930194, 0.6604318435614952, 0.22319318889207157, 0.15601884702468494, 0.1854094767684791, 0.48294598539931227, 0.9929029605051268, 0.5368493504839635, 0.2907435928266921, 0.6358429667565528, 0.9942029208104545, 0.16849656428345058, 0.0003311197924053817, 0.17583470120942069, 0.2588176495781168, 0.1389946155914949, 0.2640178879647127, 0.20269591214652058, 0.7344269030872397]
Iteration 95: [0.1681769244070268, 0.2758747261930194, 0.6604318435614952, 0.22319318889207157, 0.15601884702468494, 0.1854094767684791, 0.17742173766685918, 0.9929029605051268, 0.5368493504839635, 0.2907435928266921, 0.6358429667565528, 0.9942029208104545, 0.16849656428345058, 0.0003311197924053817, 0.17583470120942069, 0.2588176495781168, 0.1389946155914949, 0.2640178879647127, 0.20269591214652058, 0.7344269030872397]
Iteration 96: [0.1681769244070268, 0.2758747261930194, 0.6604318435614952, 0.22319318889207157, 0.5447528256261807, 0.1854094767684791, 0.17742173766685918, 0.9929029605051268, 0.5368493504839635, 0.2907435928266921, 0.6358429667565528, 0.9942029208104545, 0.16849656428345058, 0.0003311197924053817, 0.17583470120942069, 0.2588176495781168, 0.03437550806607697, 0.2640178879647127, 0.20269591214652058, 0.7344269030872397]
Iteration 97: [0.1681769244070268, 0.2758747261930194, 0.6604318435614952, 0.22319318889207157, 0.5447528256261807, 0.19341089289705177, 0.17742173766685918, 0.9929029605051268, 0.5368493504839635, 0.2907435928266921, 0.6358429667565528, 0.9942029208104545, 0.16849656428345058, 0.0003311197924053817, 0.19776048183350922, 0.2588176495781168, 0.03437550806607697, 0.2640178879647127, 0.20269591214652058, 0.7344269030872397]
Iteration 98: [0.1681769244070268, 0.2758747261930194, 0.6604318435614952, 0.22319318889207157, 0.5447528256261807, 0.19341089289705177, 0.17742173766685918, 0.9929029605051268, 0.5368493504839635, 0.2907435928266921, 0.6358429667565528, 0.9942029208104545, 0.1827777611100507, 0.0003311197924053817, 0.19776048183350922, 0.2394468574135128, 0.03437550806607697, 0.2640178879647127, 0.20269591214652058, 0.7344269030872397]
Iteration 99: [0.1681769244070268, 0.2758747261930194, 0.6604318435614952, 0.22319318889207157, 0.5447528256261807, 0.18995423045640916, 0.17742173766685918, 0.9929029605051268, 0.5368493504839635, 0.24712400134378873, 0.6358429667565528, 0.9942029208104545, 0.1827777611100507, 0.0003311197924053817, 0.19776048183350922, 0.2394468574135128, 0.03437550806607697, 0.2640178879647127, 0.20269591214652058, 0.7344269030872397]
Iteration 100: [0.1681769244070268, 0.2758747261930194, 0.6991744184113923, 0.22319318889207157, 0.5447528256261807, 0.18995423045640916, 0.17742173766685918, 0.9929029605051268, 0.5368493504839635, 0.24712400134378873, 0.6358429667565528, 0.9942029208104545, 0.1827777611100507, 0.0003311197924053817, 0.19776048183350922, 0.2394468574135128, 0.9630250694061498, 0.2640178879647127, 0.20269591214652058, 0.7344269030872397]
Iteration 101: [0.1681769244070268, 0.2758747261930194, 0.6991744184113923, 0.22319318889207157, 0.5447528256261807, 0.18995423045640916, 0.17742173766685918, 0.9929029605051268, 0.5368493504839635, 0.24835875591366544, 0.6358429667565528, 0.6254437294622552, 0.1827777611100507, 0.0003311197924053817, 0.19776048183350922, 0.2394468574135128, 0.9630250694061498, 0.2640178879647127, 0.20269591214652058, 0.7344269030872397]
Iteration 102: [0.1681769244070268, 0.2758747261930194, 0.6991744184113923, 0.22319318889207157, 0.5447528256261807, 0.18169530523364275, 0.17742173766685918, 0.9929029605051268, 0.5368493504839635, 0.24835875591366544, 0.6358429667565528, 0.6254437294622552, 0.1827777611100507, 0.12010396650536248, 0.19776048183350922, 0.2394468574135128, 0.9630250694061498, 0.2640178879647127, 0.20269591214652058, 0.7344269030872397]
Iteration 103: [0.1681769244070268, 0.2758747261930194, 0.6991744184113923, 0.22319318889207157, 0.5447528256261807, 0.18169530523364275, 0.17742173766685918, 0.9929029605051268, 0.5368493504839635, 0.24835875591366544, 0.6358429667565528, 0.6398669122293904, 0.1827777611100507, 0.12010396650536248, 0.19776048183350922, 0.2394468574135128, 0.9630250694061498, 0.6698055052527553, 0.20269591214652058, 0.7344269030872397]
Iteration 104: [0.22070486730038927, 0.2758747261930194, 0.6991744184113923, 0.22319318889207157, 0.5447528256261807, 0.18169530523364275, 0.17742173766685918, 0.9929029605051268, 0.5368493504839635, 0.24835875591366544, 0.6358429667565528, 0.6398669122293904, 0.1827777611100507, 0.12010396650536248, 0.19776048183350922, 0.2394468574135128, 0.9630250694061498, 0.6698055052527553, 0.21772852437932008, 0.7344269030872397]
Iteration 105: [0.22070486730038927, 0.2758747261930194, 0.6991744184113923, 0.22319318889207157, 0.5447528256261807, 0.18169530523364275, 0.17742173766685918, 0.9929029605051268, 0.5247378685459607, 0.24835875591366544, 0.6358429667565528, 0.6398669122293904, 0.15825780477368295, 0.12010396650536248, 0.19776048183350922, 0.2394468574135128, 0.9630250694061498, 0.6698055052527553, 0.21772852437932008, 0.7344269030872397]
Iteration 106: [0.22070486730038927, 0.2758747261930194, 0.3452185508147838, 0.22319318889207157, 0.5447528256261807, 0.18169530523364275, 0.17742173766685918, 0.9929029605051268, 0.5247378685459607, 0.24835875591366544, 0.6358429667565528, 0.6524310822677517, 0.15825780477368295, 0.12010396650536248, 0.19776048183350922, 0.2394468574135128, 0.9630250694061498, 0.6698055052527553, 0.21772852437932008, 0.7344269030872397]
Iteration 107: [0.22070486730038927, 0.2758747261930194, 0.3452185508147838, 0.22319318889207157, 0.589842276664313, 0.18169530523364275, 0.17742173766685918, 0.9929029605051268, 0.5247378685459607, 0.3089768527448207, 0.6358429667565528, 0.6524310822677517, 0.15825780477368295, 0.12010396650536248, 0.19776048183350922, 0.2394468574135128, 0.9630250694061498, 0.6698055052527553, 0.21772852437932008, 0.7344269030872397]
Iteration 108: [0.22070486730038927, 0.2758747261930194, 0.390200506198093, 0.22319318889207157, 0.589842276664313, 0.18169530523364275, 0.17742173766685918, 0.9929029605051268, 0.5247378685459607, 0.3089768527448207, 0.6358429667565528, 0.6524310822677517, 0.15825780477368295, 0.12010396650536248, 0.19776048183350922, 0.2394468574135128, 0.9630250694061498, 0.6698055052527553, 0.21772852437932008, 0.7344269030872397]
Iteration 109: [0.22070486730038927, 0.2758747261930194, 0.390200506198093, 0.22319318889207157, 0.589842276664313, 0.18169530523364275, 0.17742173766685918, 0.9929029605051268, 0.5247378685459607, 0.3089768527448207, 0.6358429667565528, 0.6524310822677517, 0.15825780477368295, 0.12010396650536248, 0.19776048183350922, 0.257096201067598, 0.9630250694061498, 0.6698055052527553, 0.21772852437932008, 0.7036297296322093]
Iteration 110: [0.22070486730038927, 0.2758747261930194, 0.390200506198093, 0.22319318889207157, 0.25029220385439077, 0.18169530523364275, 0.17742173766685918, 0.9929029605051268, 0.5247378685459607, 0.3089768527448207, 0.6358429667565528, 0.6524310822677517, 0.15825780477368295, 0.12010396650536248, 0.19776048183350922, 0.257096201067598, 0.9630250694061498, 0.27454932504828367, 0.21772852437932008, 0.7036297296322093]
Iteration 111: [0.22070486730038927, 0.2758747261930194, 0.390200506198093, 0.22319318889207157, 0.25029220385439077, 0.18169530523364275, 0.17742173766685918, 0.9929029605051268, 0.5247378685459607, 0.3089768527448207, 0.6358429667565528, 0.6524310822677517, 0.15825780477368295, 0.12010396650536248, 0.19776048183350922, 0.257096201067598, 0.9630250694061498, 0.3433280486347526, 0.21772852437932008, 0.7036297296322093]
Iteration 112: [0.22070486730038927, 0.2758747261930194, 0.390200506198093, 0.22319318889207157, 0.25029220385439077, 0.18169530523364275, 0.17742173766685918, 0.9929029605051268, 0.5247378685459607, 0.3089768527448207, 0.6358429667565528, 0.6524310822677517, 0.15825780477368295, 0.12010396650536248, 0.25089971072198414, 0.25740745282285643, 0.9630250694061498, 0.3433280486347526, 0.21772852437932008, 0.7036297296322093]
Iteration 113: [0.22070486730038927, 0.2758747261930194, 0.390200506198093, 0.22319318889207157, 0.25029220385439077, 0.18169530523364275, 0.17742173766685918, 0.9929029605051268, 0.5247378685459607, 0.3089768527448207, 0.9947285913062591, 0.6524310822677517, 0.15825780477368295, 0.12010396650536248, 0.25089971072198414, 0.25740745282285643, 0.9630250694061498, 0.3433280486347526, 0.21772852437932008, 0.7036297296322093]
Iteration 114: [0.22070486730038927, 0.2758747261930194, 0.390200506198093, 0.22319318889207157, 0.25029220385439077, 0.18169530523364275, 0.17742173766685918, 0.5440200578263219, 0.5247378685459607, 0.3089768527448207, 0.9947285913062591, 0.6524310822677517, 0.18176154512693682, 0.12010396650536248, 0.25089971072198414, 0.25740745282285643, 0.9630250694061498, 0.3433280486347526, 0.21772852437932008, 0.7036297296322093]
Iteration 115: [0.22070486730038927, 0.2576778891016868, 0.390200506198093, 0.22319318889207157, 0.25029220385439077, 0.21012449231353544, 0.17742173766685918, 0.5440200578263219, 0.5247378685459607, 0.3089768527448207, 0.9947285913062591, 0.6524310822677517, 0.18176154512693682, 0.12010396650536248, 0.25089971072198414, 0.25740745282285643, 0.9630250694061498, 0.3433280486347526, 0.21772852437932008, 0.7036297296322093]
Iteration 116: [0.22070486730038927, 0.2576778891016868, 0.390200506198093, 0.258882293268688, 0.25029220385439077, 0.21012449231353544, 0.17742173766685918, 0.5440200578263219, 0.5247378685459607, 0.3089768527448207, 0.9947285913062591, 0.6524310822677517, 0.18176154512693682, 0.12010396650536248, 0.25089971072198414, 0.2291043590675988, 0.9630250694061498, 0.3433280486347526, 0.21772852437932008, 0.7036297296322093]
Iteration 117: [0.22070486730038927, 0.2576778891016868, 0.390200506198093, 0.2562271699571756, 0.25029220385439077, 0.21012449231353544, 0.17742173766685918, 0.5782405612775466, 0.5247378685459607, 0.3089768527448207, 0.9947285913062591, 0.6524310822677517, 0.18176154512693682, 0.12010396650536248, 0.25089971072198414, 0.2291043590675988, 0.9630250694061498, 0.3433280486347526, 0.21772852437932008, 0.7036297296322093]
Iteration 118: [0.22070486730038927, 0.2576778891016868, 0.390200506198093, 0.2562271699571756, 0.25029220385439077, 0.21012449231353544, 0.17742173766685918, 0.5782405612775466, 0.5247378685459607, 0.3089768527448207, 0.9947285913062591, 0.6524310822677517, 0.18176154512693682, 0.12010396650536248, 0.25089971072198414, 0.2291043590675988, 0.9630250694061498, 0.3433280486347526, 0.21772852437932008, 0.7036297296322093]
Iteration 119: [0.22070486730038927, 0.2576778891016868, 0.390200506198093, 0.2562271699571756, 0.25029220385439077, 0.21012449231353544, 0.5781293159666286, 0.5782405612775466, 0.5247378685459607, 0.3089768527448207, 0.9947285913062591, 0.6524310822677517, 0.18176154512693682, 0.5235893858408007, 0.25089971072198414, 0.2291043590675988, 0.9630250694061498, 0.3433280486347526, 0.21772852437932008, 0.7036297296322093]
Iteration 120: [0.22070486730038927, 0.2576778891016868, 0.390200506198093, 0.2562271699571756, 0.25029220385439077, 0.2427033261216261, 0.5781293159666286, 0.43587758643562613, 0.5247378685459607, 0.3089768527448207, 0.9947285913062591, 0.6524310822677517, 0.18176154512693682, 0.5235893858408007, 0.25089971072198414, 0.2291043590675988, 0.9630250694061498, 0.3433280486347526, 0.21772852437932008, 0.7036297296322093]
Iteration 121: [0.22070486730038927, 0.2576778891016868, 0.390200506198093, 0.2562271699571756, 0.25029220385439077, 0.2427033261216261, 0.5781293159666286, 0.43587758643562613, 0.5247378685459607, 0.3089768527448207, 0.9947285913062591, 0.6524310822677517, 0.18176154512693682, 0.5235893858408007, 0.25089971072198414, 0.2291043590675988, 0.9630250694061498, 0.3433280486347526, 0.21772852437932008, 0.6260686565162933]
Iteration 122: [0.22070486730038927, 0.2576778891016868, 0.390200506198093, 0.2562271699571756, 0.6844063881881691, 0.2427033261216261, 0.5781293159666286, 0.43587758643562613, 0.5247378685459607, 0.3089768527448207, 0.9947285913062591, 0.6524310822677517, 0.18176154512693682, 0.5235893858408007, 0.25089971072198414, 0.2291043590675988, 0.9630250694061498, 0.3433280486347526, 0.6084270860815725, 0.6260686565162933]
Iteration 123: [0.22070486730038927, 0.2576778891016868, 0.390200506198093, 0.2562271699571756, 0.6844063881881691, 0.2427033261216261, 0.5781293159666286, 0.5160961143909484, 0.5247378685459607, 0.3089768527448207, 0.9947285913062591, 0.6524310822677517, 0.18176154512693682, 0.5235893858408007, 0.25089971072198414, 0.27387541198136794, 0.9630250694061498, 0.3433280486347526, 0.6084270860815725, 0.6260686565162933]
Iteration 124: [0.22070486730038927, 0.2576778891016868, 0.390200506198093, 0.2562271699571756, 0.6844063881881691, 0.2427033261216261, 0.5781293159666286, 0.5160961143909484, 0.5247378685459607, 0.3089768527448207, 0.9947285913062591, 0.6524310822677517, 0.18176154512693682, 0.5235893858408007, 0.25089971072198414, 0.27387541198136794, 0.9630250694061498, 0.35778114337395484, 0.6084270860815725, 0.26878651227040334]
Iteration 125: [0.22070486730038927, 0.2576778891016868, 0.390200506198093, 0.2662166534773388, 0.6844063881881691, 0.2427033261216261, 0.5781293159666286, 0.5160961143909484, 0.5247378685459607, 0.3089768527448207, 0.9947285913062591, 0.627633348069965, 0.18176154512693682, 0.5235893858408007, 0.25089971072198414, 0.27387541198136794, 0.9630250694061498, 0.35778114337395484, 0.6084270860815725, 0.26878651227040334]
Iteration 126: [0.22070486730038927, 0.2576778891016868, 0.390200506198093, 0.24103713506871596, 0.6844063881881691, 0.2427033261216261, 0.5781293159666286, 0.5160961143909484, 0.43276527870328146, 0.3089768527448207, 0.9947285913062591, 0.627633348069965, 0.18176154512693682, 0.5235893858408007, 0.25089971072198414, 0.27387541198136794, 0.9630250694061498, 0.35778114337395484, 0.6084270860815725, 0.26878651227040334]
Iteration 127: [0.22070486730038927, 0.2576778891016868, 0.390200506198093, 0.24103713506871596, 0.6844063881881691, 0.2427033261216261, 0.5781293159666286, 0.5160961143909484, 0.43276527870328146, 0.3089768527448207, 0.9947285913062591, 0.627633348069965, 0.18176154512693682, 0.5235893858408007, 0.25089971072198414, 0.27387541198136794, 0.9684727544997135, 0.35778114337395484, 0.6084270860815725, 0.26878651227040334]
Iteration 128: [0.22070486730038927, 0.2576778891016868, 0.390200506198093, 0.24103713506871596, 0.6844063881881691, 0.2427033261216261, 0.5781293159666286, 0.5160961143909484, 0.43276527870328146, 0.3089768527448207, 0.9947285913062591, 0.627633348069965, 0.16955763756917797, 0.5686595999909251, 0.25089971072198414, 0.27387541198136794, 0.9684727544997135, 0.35778114337395484, 0.6084270860815725, 0.26878651227040334]
Iteration 129: [0.22070486730038927, 0.23894954079524774, 0.390200506198093, 0.24103713506871596, 0.6844063881881691, 0.2427033261216261, 0.5781293159666286, 0.5160961143909484, 0.43276527870328146, 0.3089768527448207, 0.9947285913062591, 0.627633348069965, 0.16955763756917797, 0.5686595999909251, 0.25089971072198414, 0.27387541198136794, 0.9684727544997135, 0.35778114337395484, 0.6084270860815725, 0.26878651227040334]
Iteration 130: [0.22070486730038927, 0.23894954079524774, 0.390200506198093, 0.24103713506871596, 0.6844063881881691, 0.2427033261216261, 0.5781293159666286, 0.5160961143909484, 0.43276527870328146, 0.3089768527448207, 0.9897093174333741, 0.627633348069965, 0.16955763756917797, 0.5686595999909251, 0.25089971072198414, 0.27387541198136794, 0.9684727544997135, 0.2504757148053629, 0.6084270860815725, 0.26878651227040334]
Iteration 131: [0.2088495384388611, 0.23894954079524774, 0.390200506198093, 0.24103713506871596, 0.6844063881881691, 0.2427033261216261, 0.6098224449114286, 0.5160961143909484, 0.43276527870328146, 0.3089768527448207, 0.9897093174333741, 0.627633348069965, 0.16955763756917797, 0.5686595999909251, 0.25089971072198414, 0.27387541198136794, 0.9684727544997135, 0.2504757148053629, 0.6084270860815725, 0.26878651227040334]
Iteration 132: [0.2088495384388611, 0.23894954079524774, 0.390200506198093, 0.24103713506871596, 0.6844063881881691, 0.2427033261216261, 0.6098224449114286, 0.5160961143909484, 0.43276527870328146, 0.3089768527448207, 0.9897093174333741, 0.627633348069965, 0.16955763756917797, 0.5686595999909251, 0.25089971072198414, 0.27387541198136794, 0.9684727544997135, 0.3158671972560795, 0.6084270860815725, 0.26878651227040334]
Iteration 133: [0.2088495384388611, 0.9609644949901507, 0.3710274837976112, 0.24103713506871596, 0.6844063881881691, 0.2427033261216261, 0.6098224449114286, 0.5160961143909484, 0.43276527870328146, 0.3089768527448207, 0.9897093174333741, 0.627633348069965, 0.16955763756917797, 0.5686595999909251, 0.25089971072198414, 0.27387541198136794, 0.9684727544997135, 0.3158671972560795, 0.6084270860815725, 0.26878651227040334]
Iteration 134: [0.2088495384388611, 0.9609644949901507, 0.3710274837976112, 0.24103713506871596, 0.6844063881881691, 0.2427033261216261, 0.6098224449114286, 0.5160961143909484, 0.43276527870328146, 0.3089768527448207, 0.9897093174333741, 0.627633348069965, 0.16955763756917797, 0.5686595999909251, 0.26350641252065266, 0.27387541198136794, 0.9684727544997135, 0.3158671972560795, 0.6084270860815725, 0.6294546732476342]
Iteration 135: [0.2088495384388611, 0.9609644949901507, 0.3710274837976112, 0.24103713506871596, 0.6844063881881691, 0.23513728789765023, 0.6098224449114286, 0.0017967901428502951, 0.43276527870328146, 0.3089768527448207, 0.9897093174333741, 0.627633348069965, 0.16955763756917797, 0.5686595999909251, 0.26350641252065266, 0.27387541198136794, 0.9684727544997135, 0.3158671972560795, 0.6084270860815725, 0.6294546732476342]
Iteration 136: [0.2088495384388611, 0.9609644949901507, 0.3710274837976112, 0.24103713506871596, 0.994335245696443, 0.23513728789765023, 0.6098224449114286, 0.0017967901428502951, 0.43276527870328146, 0.3089768527448207, 0.9897093174333741, 0.6802373209867126, 0.16955763756917797, 0.5686595999909251, 0.26350641252065266, 0.27387541198136794, 0.9684727544997135, 0.3158671972560795, 0.6084270860815725, 0.6294546732476342]
Iteration 137: [0.2088495384388611, 0.23656522802115898, 0.3710274837976112, 0.24103713506871596, 0.994335245696443, 0.23513728789765023, 0.6098224449114286, 0.0017967901428502951, 0.43276527870328146, 0.3089768527448207, 0.9897093174333741, 0.6802373209867126, 0.16955763756917797, 0.5686595999909251, 0.26350641252065266, 0.27387541198136794, 0.9684727544997135, 0.3158671972560795, 0.6084270860815725, 0.6297614997879889]
Iteration 138: [0.2088495384388611, 0.23656522802115898, 0.3710274837976112, 0.24103713506871596, 0.994335245696443, 0.23513728789765023, 0.6098224449114286, 0.0017967901428502951, 0.5644006806226073, 0.3089768527448207, 0.9897093174333741, 0.6802373209867126, 0.16955763756917797, 0.5686595999909251, 0.26350641252065266, 0.3079786703300737, 0.9684727544997135, 0.3158671972560795, 0.6084270860815725, 0.6297614997879889]
Iteration 139: [0.2088495384388611, 0.23656522802115898, 0.3710274837976112, 0.24103713506871596, 0.994335245696443, 0.23513728789765023, 0.6098224449114286, 0.0017967901428502951, 0.5644006806226073, 0.3089768527448207, 0.9897093174333741, 0.6802373209867126, 0.20623795672699752, 0.5686595999909251, 0.26350641252065266, 0.3079786703300737, 0.9684727544997135, 0.3158671972560795, 0.6084270860815725, 0.6297614997879889]
Iteration 140: [0.2088495384388611, 0.23656522802115898, 0.3710274837976112, 0.24103713506871596, 0.994335245696443, 0.27869546098177433, 0.6098224449114286, 0.0017967901428502951, 0.5644006806226073, 0.2057749675994335, 0.9897093174333741, 0.6802373209867126, 0.20623795672699752, 0.5686595999909251, 0.26350641252065266, 0.3079786703300737, 0.9684727544997135, 0.3158671972560795, 0.6084270860815725, 0.6297614997879889]
Iteration 141: [0.2088495384388611, 0.23656522802115898, 0.3710274837976112, 0.24103713506871596, 0.994335245696443, 0.27869546098177433, 0.5531486433997186, 0.0017967901428502951, 0.5644006806226073, 0.2057749675994335, 0.9897093174333741, 0.6802373209867126, 0.3011920195560554, 0.5686595999909251, 0.26350641252065266, 0.3079786703300737, 0.9684727544997135, 0.3158671972560795, 0.6084270860815725, 0.6297614997879889]
Iteration 142: [0.2088495384388611, 0.23656522802115898, 0.3710274837976112, 0.24103713506871596, 0.994335245696443, 0.27869546098177433, 0.5531486433997186, 0.03865575405940053, 0.5644006806226073, 0.2057749675994335, 0.9897093174333741, 0.6802373209867126, 0.3011920195560554, 0.5686595999909251, 0.26350641252065266, 0.3079786703300737, 0.9684727544997135, 0.3158671972560795, 0.6494538959751717, 0.6297614997879889]
Iteration 143: [0.2088495384388611, 0.23656522802115898, 0.3710274837976112, 0.24103713506871596, 0.6653868685360352, 0.27869546098177433, 0.5531486433997186, 0.03865575405940053, 0.5644006806226073, 0.23013087940866056, 0.9897093174333741, 0.6802373209867126, 0.3011920195560554, 0.5686595999909251, 0.26350641252065266, 0.3079786703300737, 0.9684727544997135, 0.3158671972560795, 0.6494538959751717, 0.6297614997879889]
Iteration 144: [0.2088495384388611, 0.23656522802115898, 0.3710274837976112, 0.22520182242195771, 0.6653868685360352, 0.27869546098177433, 0.5531486433997186, 0.03865575405940053, 0.5644006806226073, 0.23013087940866056, 0.9897093174333741, 0.6802373209867126, 0.3011920195560554, 0.6255924805321887, 0.26350641252065266, 0.3079786703300737, 0.9684727544997135, 0.3158671972560795, 0.6494538959751717, 0.6297614997879889]
Iteration 145: [0.2088495384388611, 0.23656522802115898, 0.3710274837976112, 0.22520182242195771, 0.6653868685360352, 0.27869546098177433, 0.5531486433997186, 0.03865575405940053, 0.5644006806226073, 0.23013087940866056, 0.9897093174333741, 0.6802373209867126, 0.3011920195560554, 0.6255924805321887, 0.6617207919798397, 0.3079786703300737, 0.9684727544997135, 0.3158671972560795, 0.6494538959751717, 0.6297614997879889]
Iteration 146: [0.2088495384388611, 0.23656522802115898, 0.6602558087438714, 0.22520182242195771, 0.6653868685360352, 0.27869546098177433, 0.5531486433997186, 0.03865575405940053, 0.5644006806226073, 0.23013087940866056, 0.9897093174333741, 0.6802373209867126, 0.3011920195560554, 0.6255924805321887, 0.6617207919798397, 0.3079786703300737, 0.9684727544997135, 0.2721396049949437, 0.6494538959751717, 0.6297614997879889]
Iteration 147: [0.2088495384388611, 0.23656522802115898, 0.6602558087438714, 0.22520182242195771, 0.6653868685360352, 0.27869546098177433, 0.5831827660544018, 0.03865575405940053, 0.5644006806226073, 0.23013087940866056, 0.9897093174333741, 0.6802373209867126, 0.3011920195560554, 0.6255924805321887, 0.6617207919798397, 0.3079786703300737, 0.9684727544997135, 0.32383509661767523, 0.6494538959751717, 0.6297614997879889]
Iteration 148: [0.2088495384388611, 0.23656522802115898, 0.6744118627665113, 0.22520182242195771, 0.6653868685360352, 0.27869546098177433, 0.5831827660544018, 0.03865575405940053, 0.5644006806226073, 0.23013087940866056, 0.9897093174333741, 0.6802373209867126, 0.30413668738117533, 0.6255924805321887, 0.6617207919798397, 0.3079786703300737, 0.9684727544997135, 0.32383509661767523, 0.6494538959751717, 0.6297614997879889]
Iteration 149: [0.2088495384388611, 0.23656522802115898, 0.6744118627665113, 0.22520182242195771, 0.6653868685360352, 0.27869546098177433, 0.5831827660544018, 0.03865575405940053, 0.5644006806226073, 0.23013087940866056, 0.9897093174333741, 0.6802373209867126, 0.6447423971896934, 0.6255924805321887, 0.6617207919798397, 0.3079786703300737, 0.9684727544997135, 0.32383509661767523, 0.6494538959751717, 0.6297614997879889]
Iteration 150: [0.18838310260275154, 0.23656522802115898, 0.6744118627665113, 0.22520182242195771, 0.6653868685360352, 0.27869546098177433, 0.5831827660544018, 0.03865575405940053, 0.5644006806226073, 0.23013087940866056, 0.9897093174333741, 0.6614528804634555, 0.6447423971896934, 0.6255924805321887, 0.6617207919798397, 0.3079786703300737, 0.9684727544997135, 0.32383509661767523, 0.6494538959751717, 0.6297614997879889]
