There are 0 agents who believe in con
There are 12 agents who believe in pro
There are 8 agents who are neutral 

Iteration 1: [0.3492597859928144, 0.3605663639619942, 0.3884645916568592, 0.4892014577759316, 0.4297400236763602, 0.4608135946384618, 0.4193498023076382, 0.3441880656387825, 0.3728840278913584, 0.5280413756765424, 0.3522361605759527, 0.41289715959771095, 0.34516372814650403, 0.3226823210547879, 0.43135304219751697, 0.33286540157235134, 0.41536887315047344, 0.4766187375063561, 0.3263504656140675, 0.44354824922063374]
Iteration 2: [0.3492597859928144, 0.37455625020192534, 0.3884645916568592, 0.4892014577759316, 0.4297400236763602, 0.4608135946384618, 0.4193498023076382, 0.3441880656387825, 0.3728840278913584, 0.5280413756765424, 0.3522361605759527, 0.41289715959771095, 0.34516372814650403, 0.3226823210547879, 0.37871871091973475, 0.33286540157235134, 0.41536887315047344, 0.4766187375063561, 0.3263504656140675, 0.44354824922063374]
Iteration 3: [0.3492597859928144, 0.37455625020192534, 0.3884645916568592, 0.4892014577759316, 0.4297400236763602, 0.4608135946384618, 0.36247818708336627, 0.3441880656387825, 0.3728840278913584, 0.5280413756765424, 0.3522361605759527, 0.41289715959771095, 0.34516372814650403, 0.3226823210547879, 0.37871871091973475, 0.33286540157235134, 0.4087391271624909, 0.4766187375063561, 0.3263504656140675, 0.44354824922063374]
Iteration 4: [0.3492597859928144, 0.37455625020192534, 0.3884645916568592, 0.4892014577759316, 0.4297400236763602, 0.4608135946384618, 0.36247818708336627, 0.3441880656387825, 0.3728840278913584, 0.6511637134719274, 0.3522361605759527, 0.41289715959771095, 0.34516372814650403, 0.3226823210547879, 0.37871871091973475, 0.3527253289867459, 0.4087391271624909, 0.4766187375063561, 0.3263504656140675, 0.44354824922063374]
Iteration 5: [0.3492597859928144, 0.5086066502242953, 0.3884645916568592, 0.4892014577759316, 0.4297400236763602, 0.4608135946384618, 0.36247818708336627, 0.3441880656387825, 0.3728840278913584, 0.6511637134719274, 0.3522361605759527, 0.41289715959771095, 0.34516372814650403, 0.3226823210547879, 0.37871871091973475, 0.34924938019572155, 0.4087391271624909, 0.4766187375063561, 0.3263504656140675, 0.44354824922063374]
Iteration 6: [0.3492597859928144, 0.5086066502242953, 0.3884645916568592, 0.4892014577759316, 0.4297400236763602, 0.4608135946384618, 0.36247818708336627, 0.31407890687405954, 0.3728840278913584, 0.6511637134719274, 0.3522361605759527, 0.41289715959771095, 0.34516372814650403, 0.3226823210547879, 0.37871871091973475, 0.34924938019572155, 0.3428555406036334, 0.4766187375063561, 0.3263504656140675, 0.44354824922063374]
Iteration 7: [0.3492597859928144, 0.5560750813419967, 0.3884645916568592, 0.4892014577759316, 0.4297400236763602, 0.554239876414096, 0.36247818708336627, 0.31407890687405954, 0.3728840278913584, 0.6511637134719274, 0.3522361605759527, 0.41289715959771095, 0.34516372814650403, 0.3226823210547879, 0.37871871091973475, 0.34924938019572155, 0.3428555406036334, 0.4766187375063561, 0.3263504656140675, 0.44354824922063374]
Iteration 8: [0.3492597859928144, 0.5560750813419967, 0.36368567845208744, 0.4892014577759316, 0.4297400236763602, 0.554239876414096, 0.36247818708336627, 0.31407890687405954, 0.3611177088376049, 0.6511637134719274, 0.3522361605759527, 0.41289715959771095, 0.34516372814650403, 0.3226823210547879, 0.37871871091973475, 0.34924938019572155, 0.3428555406036334, 0.4766187375063561, 0.3263504656140675, 0.44354824922063374]
Iteration 9: [0.3492597859928144, 0.5560750813419967, 0.36368567845208744, 0.4892014577759316, 0.4368332083234699, 0.554239876414096, 0.36247818708336627, 0.31407890687405954, 0.3611177088376049, 0.6511637134719274, 0.3522361605759527, 0.41289715959771095, 0.34516372814650403, 0.3226823210547879, 0.37871871091973475, 0.34924938019572155, 0.3428555406036334, 0.4766187375063561, 0.3263504656140675, 0.44354824922063374]
Iteration 10: [0.3492597859928144, 0.5560750813419967, 0.36368567845208744, 0.4892014577759316, 0.4368332083234699, 0.554239876414096, 0.36247818708336627, 0.40454235065543837, 0.3611177088376049, 0.6511637134719274, 0.5407201113749465, 0.41289715959771095, 0.34516372814650403, 0.3226823210547879, 0.37871871091973475, 0.34924938019572155, 0.3428555406036334, 0.4766187375063561, 0.3263504656140675, 0.44354824922063374]
Iteration 11: [0.3492597859928144, 0.5560750813419967, 0.36368567845208744, 0.4892014577759316, 0.4368332083234699, 0.554239876414096, 0.36247818708336627, 0.5434081616443984, 0.3611177088376049, 0.6511637134719274, 0.5407201113749465, 0.5729371772008186, 0.34516372814650403, 0.3226823210547879, 0.37871871091973475, 0.34924938019572155, 0.3428555406036334, 0.4766187375063561, 0.3263504656140675, 0.44354824922063374]
Iteration 12: [0.3492597859928144, 0.5560750813419967, 0.36368567845208744, 0.4892014577759316, 0.4368332083234699, 0.554239876414096, 0.36247818708336627, 0.5434081616443984, 0.3611177088376049, 0.6511637134719274, 0.5407201113749465, 0.5729371772008186, 0.34516372814650403, 0.3226823210547879, 0.37871871091973475, 0.34924938019572155, 0.3428555406036334, 0.4766187375063561, 0.3263504656140675, 0.5039759166165737]
Iteration 13: [0.3492597859928144, 0.5560750813419967, 0.36368567845208744, 0.4892014577759316, 0.4368332083234699, 0.554239876414096, 0.36247818708336627, 0.5434081616443984, 0.3611177088376049, 0.6511637134719274, 0.5407201113749465, 0.5729371772008186, 0.3750514359715411, 0.3856821478698939, 0.37871871091973475, 0.34924938019572155, 0.3428555406036334, 0.4766187375063561, 0.3263504656140675, 0.5039759166165737]
Iteration 14: [0.3492597859928144, 0.5560750813419967, 0.36368567845208744, 0.4892014577759316, 0.4368332083234699, 0.554239876414096, 0.36247818708336627, 0.5434081616443984, 0.3611177088376049, 0.6511637134719274, 0.5407201113749465, 0.57801732569089, 0.3750514359715411, 0.3856821478698939, 0.37871871091973475, 0.34924938019572155, 0.3428555406036334, 0.4766187375063561, 0.3480290016999901, 0.5039759166165737]
Iteration 15: [0.3492597859928144, 0.5560750813419967, 0.36368567845208744, 0.4892014577759316, 0.4368332083234699, 0.554239876414096, 0.37627518389899756, 0.5434081616443984, 0.3611177088376049, 0.6511637134719274, 0.5407201113749465, 0.57801732569089, 0.3995624416418352, 0.3856821478698939, 0.37871871091973475, 0.34924938019572155, 0.3428555406036334, 0.4766187375063561, 0.3480290016999901, 0.5039759166165737]
Iteration 16: [0.3492597859928144, 0.5560750813419967, 0.36368567845208744, 0.4892014577759316, 0.4004608327312139, 0.554239876414096, 0.37627518389899756, 0.5434081616443984, 0.3611177088376049, 0.6511637134719274, 0.5407201113749465, 0.57801732569089, 0.3995624416418352, 0.5295249833844012, 0.37871871091973475, 0.34924938019572155, 0.3428555406036334, 0.4766187375063561, 0.3480290016999901, 0.5039759166165737]
Iteration 17: [0.3492597859928144, 0.5560750813419967, 0.49713928645264804, 0.4892014577759316, 0.4004608327312139, 0.554239876414096, 0.37627518389899756, 0.5434081616443984, 0.464307549994801, 0.6511637134719274, 0.5407201113749465, 0.57801732569089, 0.3995624416418352, 0.5295249833844012, 0.37871871091973475, 0.34924938019572155, 0.3428555406036334, 0.4766187375063561, 0.3480290016999901, 0.5039759166165737]
Iteration 18: [0.3492597859928144, 0.5560750813419967, 0.44204835788201274, 0.4892014577759316, 0.4004608327312139, 0.554239876414096, 0.37627518389899756, 0.5124566814927537, 0.464307549994801, 0.6511637134719274, 0.5407201113749465, 0.57801732569089, 0.3995624416418352, 0.5295249833844012, 0.37871871091973475, 0.34924938019572155, 0.3428555406036334, 0.4766187375063561, 0.3480290016999901, 0.5039759166165737]
Iteration 19: [0.3492597859928144, 0.5560750813419967, 0.44204835788201274, 0.4892014577759316, 0.4004608327312139, 0.554239876414096, 0.49229580467098766, 0.5124566814927537, 0.464307549994801, 0.6511637134719274, 0.5407201113749465, 0.57801732569089, 0.3995624416418352, 0.6576473249982282, 0.37871871091973475, 0.34924938019572155, 0.3428555406036334, 0.4766187375063561, 0.3480290016999901, 0.5039759166165737]
Iteration 20: [0.3492597859928144, 0.5560750813419967, 0.5247496156305291, 0.4892014577759316, 0.4004608327312139, 0.554239876414096, 0.49229580467098766, 0.5124566814927537, 0.464307549994801, 0.6102613156303333, 0.5407201113749465, 0.57801732569089, 0.3995624416418352, 0.6576473249982282, 0.37871871091973475, 0.34924938019572155, 0.3428555406036334, 0.4766187375063561, 0.3480290016999901, 0.5039759166165737]
Iteration 21: [0.3492597859928144, 0.5256655040948449, 0.5247496156305291, 0.4892014577759316, 0.4004608327312139, 0.554239876414096, 0.49229580467098766, 0.5124566814927537, 0.464307549994801, 0.6102613156303333, 0.5407201113749465, 0.57801732569089, 0.3995624416418352, 0.6576473249982282, 0.37871871091973475, 0.34924938019572155, 0.3428555406036334, 0.4766187375063561, 0.569961270511725, 0.5039759166165737]
Iteration 22: [0.3867891673835763, 0.5863487045144734, 0.5247496156305291, 0.4892014577759316, 0.4004608327312139, 0.554239876414096, 0.49229580467098766, 0.5124566814927537, 0.464307549994801, 0.6102613156303333, 0.5407201113749465, 0.57801732569089, 0.3995624416418352, 0.6576473249982282, 0.37871871091973475, 0.34924938019572155, 0.3428555406036334, 0.4766187375063561, 0.569961270511725, 0.5039759166165737]
Iteration 23: [0.3867891673835763, 0.5863487045144734, 0.5247496156305291, 0.4892014577759316, 0.4004608327312139, 0.554239876414096, 0.49229580467098766, 0.5124566814927537, 0.47500324979826636, 0.6102613156303333, 0.5407201113749465, 0.57801732569089, 0.14835878241103434, 0.6576473249982282, 0.37871871091973475, 0.34924938019572155, 0.3428555406036334, 0.4766187375063561, 0.569961270511725, 0.5039759166165737]
Iteration 24: [0.3867891673835763, 0.5863487045144734, 0.5247496156305291, 0.4892014577759316, 0.4004608327312139, 0.6632115892237128, 0.49229580467098766, 0.5124566814927537, 0.47500324979826636, 0.6102613156303333, 0.5407201113749465, 0.57801732569089, 0.14835878241103434, 0.6576473249982282, 0.37871871091973475, 0.34924938019572155, 0.3428555406036334, 0.4766187375063561, 0.569961270511725, 0.5039759166165737]
Iteration 25: [0.3867891673835763, 0.5863487045144734, 0.5247496156305291, 0.4892014577759316, 0.4004608327312139, 0.6632115892237128, 0.49667564388475516, 0.5124566814927537, 0.47500324979826636, 0.6102613156303333, 0.5407201113749465, 0.57801732569089, 0.14835878241103434, 0.6576473249982282, 0.37871871091973475, 0.34924938019572155, 0.3428555406036334, 0.4766187375063561, 0.569961270511725, 0.5039759166165737]
Iteration 26: [0.3867891673835763, 0.5863487045144734, 0.5247496156305291, 0.4892014577759316, 0.4004608327312139, 0.6632115892237128, 0.49667564388475516, 0.6483147536349364, 0.47500324979826636, 0.6102613156303333, 0.5407201113749465, 0.57801732569089, 0.14835878241103434, 0.6576473249982282, 0.37871871091973475, 0.34924938019572155, 0.3428555406036334, 0.4766187375063561, 0.6882614828546866, 0.5039759166165737]
Iteration 27: [0.4897339582008455, 0.5863487045144734, 0.5247496156305291, 0.4892014577759316, 0.4004608327312139, 0.6632115892237128, 0.49667564388475516, 0.4195787721415437, 0.47500324979826636, 0.6102613156303333, 0.5407201113749465, 0.57801732569089, 0.14835878241103434, 0.6576473249982282, 0.37871871091973475, 0.34924938019572155, 0.3428555406036334, 0.4766187375063561, 0.6882614828546866, 0.5039759166165737]
Iteration 28: [0.501902032439883, 0.5863487045144734, 0.5247496156305291, 0.4892014577759316, 0.4004608327312139, 0.6632115892237128, 0.5067528491826586, 0.4195787721415437, 0.47500324979826636, 0.6102613156303333, 0.5407201113749465, 0.57801732569089, 0.14835878241103434, 0.6576473249982282, 0.37871871091973475, 0.34924938019572155, 0.3428555406036334, 0.4766187375063561, 0.6882614828546866, 0.5039759166165737]
Iteration 29: [0.501902032439883, 0.5863487045144734, 0.5247496156305291, 0.4892014577759316, 0.4004608327312139, 0.6632115892237128, 0.5000242001101854, 0.4195787721415437, 0.47500324979826636, 0.6102613156303333, 0.5407201113749465, 0.57801732569089, 0.14835878241103434, 0.6576473249982282, 0.40192452900418163, 0.34924938019572155, 0.3428555406036334, 0.4766187375063561, 0.6882614828546866, 0.5039759166165737]
Iteration 30: [0.501902032439883, 0.5863487045144734, 0.5247496156305291, 0.4892014577759316, 0.4004608327312139, 0.6632115892237128, 0.5000242001101854, 0.4195787721415437, 0.47500324979826636, 0.6135434434405812, 0.5407201113749465, 0.5323382142198998, 0.14835878241103434, 0.6576473249982282, 0.40192452900418163, 0.34924938019572155, 0.3428555406036334, 0.4766187375063561, 0.6882614828546866, 0.5039759166165737]
Iteration 31: [0.501902032439883, 0.5863487045144734, 0.5247496156305291, 0.47629460818600644, 0.4004608327312139, 0.6632115892237128, 0.5000242001101854, 0.4195787721415437, 0.47500324979826636, 0.6135434434405812, 0.5407201113749465, 0.5323382142198998, 0.14835878241103434, 0.6576473249982282, 0.40192452900418163, 0.5226534641663424, 0.3428555406036334, 0.4766187375063561, 0.6882614828546866, 0.5039759166165737]
Iteration 32: [0.501902032439883, 0.5863487045144734, 0.5059510054228205, 0.47629460818600644, 0.4004608327312139, 0.6632115892237128, 0.5000242001101854, 0.4195787721415437, 0.47500324979826636, 0.6135434434405812, 0.5407201113749465, 0.5323382142198998, 0.14835878241103434, 0.6576473249982282, 0.40192452900418163, 0.5226534641663424, 0.3428555406036334, 0.4766187375063561, 0.6882614828546866, 0.5039759166165737]
Iteration 33: [0.501902032439883, 0.5863487045144734, 0.5059510054228205, 0.47629460818600644, 0.4004608327312139, 0.6632115892237128, 0.5000242001101854, 0.4195787721415437, 0.47500324979826636, 0.6135434434405812, 0.5407201113749465, 0.6851039070085445, 0.14558884917088474, 0.6576473249982282, 0.40192452900418163, 0.5226534641663424, 0.3428555406036334, 0.4766187375063561, 0.6882614828546866, 0.5039759166165737]
Iteration 34: [0.501902032439883, 0.5863487045144734, 0.5059510054228205, 0.47629460818600644, 0.4004608327312139, 0.6632115892237128, 0.5000242001101854, 0.4195787721415437, 0.47500324979826636, 0.6135434434405812, 0.5407201113749465, 0.5795888973730167, 0.14558884917088474, 0.6576473249982282, 0.40192452900418163, 0.5226534641663424, 0.3428555406036334, 0.4766187375063561, 0.6882614828546866, 0.5039759166165737]
Iteration 35: [0.501902032439883, 0.5863487045144734, 0.5059510054228205, 0.47629460818600644, 0.4004608327312139, 0.6632115892237128, 0.5000242001101854, 0.6811639025635702, 0.47500324979826636, 0.6135434434405812, 0.5407201113749465, 0.5795888973730167, 0.14558884917088474, 0.6576473249982282, 0.40192452900418163, 0.5226534641663424, 0.3428555406036334, 0.4766187375063561, 0.6882614828546866, 0.5039759166165737]
Iteration 36: [0.501902032439883, 0.5863487045144734, 0.5059510054228205, 0.47629460818600644, 0.4004608327312139, 0.6632115892237128, 0.5000242001101854, 0.6811639025635702, 0.47500324979826636, 0.6135434434405812, 0.4998789347005928, 0.5795888973730167, 0.14558884917088474, 0.6512027868775639, 0.40192452900418163, 0.5226534641663424, 0.3428555406036334, 0.4766187375063561, 0.6882614828546866, 0.5039759166165737]
Iteration 37: [0.501902032439883, 0.5863487045144734, 0.5059510054228205, 0.47629460818600644, 0.4004608327312139, 0.6632115892237128, 0.5000242001101854, 0.6811639025635702, 0.47500324979826636, 0.6135434434405812, 0.4998789347005928, 0.5795888973730167, 0.14558884917088474, 0.6563287825355036, 0.40192452900418163, 0.5226534641663424, 0.3428555406036334, 0.4766187375063561, 0.6882614828546866, 0.46098039358839804]
Iteration 38: [0.501902032439883, 0.5863487045144734, 0.5059510054228205, 0.47629460818600644, 0.3652760837855747, 0.6632115892237128, 0.5000242001101854, 0.6811639025635702, 0.47500324979826636, 0.6135434434405812, 0.4998789347005928, 0.5795888973730167, 0.14558884917088474, 0.6563315396714545, 0.40192452900418163, 0.5226534641663424, 0.3428555406036334, 0.4766187375063561, 0.6882614828546866, 0.46098039358839804]
Iteration 39: [0.501902032439883, 0.5863487045144734, 0.5059510054228205, 0.47629460818600644, 0.3652760837855747, 0.6632115892237128, 0.5000242001101854, 0.6811639025635702, 0.47500324979826636, 0.6135434434405812, 0.4998789347005928, 0.5795888973730167, 0.4359507415475392, 0.6563315396714545, 0.5162682112890636, 0.5226534641663424, 0.3428555406036334, 0.4766187375063561, 0.6882614828546866, 0.46098039358839804]
Iteration 40: [0.501902032439883, 0.5863487045144734, 0.5059510054228205, 0.47629460818600644, 0.3652760837855747, 0.6632115892237128, 0.5000242001101854, 0.6811639025635702, 0.47500324979826636, 0.6135434434405812, 0.4998789347005928, 0.5795888973730167, 0.4359507415475392, 0.6563315396714545, 0.5162682112890636, 0.4921567754635164, 0.3428555406036334, 0.4766187375063561, 0.6882614828546866, 0.46098039358839804]
Iteration 41: [0.501902032439883, 0.5863487045144734, 0.5059510054228205, 0.47629460818600644, 0.39525688881113685, 0.6632115892237128, 0.5000242001101854, 0.6811639025635702, 0.47500324979826636, 0.6135434434405812, 0.4998789347005928, 0.5795888973730167, 0.4359507415475392, 0.6619936840667979, 0.5162682112890636, 0.4921567754635164, 0.3428555406036334, 0.4766187375063561, 0.6882614828546866, 0.46098039358839804]
Iteration 42: [0.501902032439883, 0.5863487045144734, 0.5059510054228205, 0.47629460818600644, 0.39525688881113685, 0.6632115892237128, 0.5000242001101854, 0.6811639025635702, 0.47500324979826636, 0.6135434434405812, 0.4998789347005928, 0.5795888973730167, 0.4359507415475392, 0.6647008279772854, 0.5162682112890636, 0.4921567754635164, 0.3428555406036334, 0.4766187375063561, 0.6882614828546866, 0.46098039358839804]
Iteration 43: [0.501902032439883, 0.5863487045144734, 0.5059510054228205, 0.47629460818600644, 0.39525688881113685, 0.6632115892237128, 0.5000242001101854, 0.6811639025635702, 0.47500324979826636, 0.6135434434405812, 0.4998789347005928, 0.5738067883808501, 0.4359507415475392, 0.6647008279772854, 0.5162682112890636, 0.4921567754635164, 0.3428555406036334, 0.4766187375063561, 0.6882614828546866, 0.46098039358839804]
Iteration 44: [0.501902032439883, 0.5863487045144734, 0.5059510054228205, 0.47629460818600644, 0.39525688881113685, 0.6632115892237128, 0.5000242001101854, 0.6811639025635702, 0.5434428979014228, 0.6135434434405812, 0.4998789347005928, 0.5738067883808501, 0.4359507415475392, 0.6647008279772854, 0.5162682112890636, 0.4921567754635164, 0.3428555406036334, 0.44332686370607916, 0.6882614828546866, 0.46098039358839804]
Iteration 45: [0.501902032439883, 0.5863487045144734, 0.5100165106748277, 0.47629460818600644, 0.39525688881113685, 0.6632115892237128, 0.5000242001101854, 0.6811639025635702, 0.5434428979014228, 0.6135434434405812, 0.4998789347005928, 0.5738067883808501, 0.4359507415475392, 0.6647008279772854, 0.5162682112890636, 0.4921567754635164, 0.3428555406036334, 0.44332686370607916, 0.6882614828546866, 0.46098039358839804]
Iteration 46: [0.501902032439883, 0.5863487045144734, 0.5100165106748277, 0.47629460818600644, 0.39525688881113685, 0.6632115892237128, 0.5000242001101854, 0.6811639025635702, 0.5434428979014228, 0.6135434434405812, 0.49978680262383746, 0.5738067883808501, 0.4359507415475392, 0.6647008279772854, 0.5162682112890636, 0.4921567754635164, 0.3428555406036334, 0.44332686370607916, 0.6589968109959558, 0.46098039358839804]
Iteration 47: [0.501902032439883, 0.5863487045144734, 0.5059501627415541, 0.47629460818600644, 0.39525688881113685, 0.6632115892237128, 0.5000242001101854, 0.6811639025635702, 0.5434428979014228, 0.6135434434405812, 0.49978680262383746, 0.5738067883808501, 0.4359507415475392, 0.6647008279772854, 0.3957352291544313, 0.4921567754635164, 0.3428555406036334, 0.44332686370607916, 0.6589968109959558, 0.46098039358839804]
Iteration 48: [0.501902032439883, 0.5863487045144734, 0.49977120720063584, 0.47629460818600644, 0.39525688881113685, 0.6632115892237128, 0.5000242001101854, 0.6811639025635702, 0.5434428979014228, 0.6135434434405812, 0.49978680262383746, 0.5738067883808501, 0.4359507415475392, 0.6590396116802054, 0.3957352291544313, 0.4921567754635164, 0.3428555406036334, 0.44332686370607916, 0.6589968109959558, 0.46098039358839804]
Iteration 49: [0.501902032439883, 0.5863487045144734, 0.49977120720063584, 0.47629460818600644, 0.39525688881113685, 0.6632115892237128, 0.5000242001101854, 0.6811639025635702, 0.5434428979014228, 0.6135434434405812, 0.49978680262383746, 0.5788097536533577, 0.4359507415475392, 0.6590396116802054, 0.3957352291544313, 0.4921567754635164, 0.3428555406036334, 0.44332686370607916, 0.6589968109959558, 0.46098039358839804]
Iteration 50: [0.501902032439883, 0.5863487045144734, 0.49977120720063584, 0.5419069225575881, 0.39525688881113685, 0.6632115892237128, 0.5128814352735794, 0.6811639025635702, 0.5434428979014228, 0.6135434434405812, 0.49978680262383746, 0.5788097536533577, 0.4359507415475392, 0.6590396116802054, 0.3957352291544313, 0.4921567754635164, 0.3428555406036334, 0.44332686370607916, 0.6589968109959558, 0.46098039358839804]
Iteration 51: [0.501902032439883, 0.5863487045144734, 0.49977120720063584, 0.5419069225575881, 0.39525688881113685, 0.6632115892237128, 0.4856570079214695, 0.6811639025635702, 0.5434428979014228, 0.6135434434405812, 0.49978680262383746, 0.5788097536533577, 0.4359507415475392, 0.6590396116802054, 0.3957352291544313, 0.4921567754635164, 0.3428555406036334, 0.5158912647770159, 0.6589968109959558, 0.46098039358839804]
Iteration 52: [0.501902032439883, 0.5863487045144734, 0.49977120720063584, 0.5419069225575881, 0.44968553329748207, 0.6632115892237128, 0.4856570079214695, 0.6811639025635702, 0.5434428979014228, 0.6135434434405812, 0.49978680262383746, 0.5788097536533577, 0.4359507415475392, 0.6590396116802054, 0.3957352291544313, 0.4921567754635164, 0.3428555406036334, 0.5158912647770159, 0.6589968109959558, 0.46098039358839804]
Iteration 53: [0.501902032439883, 0.5863487045144734, 0.49977120720063584, 0.5419069225575881, 0.4438157058138176, 0.6632115892237128, 0.4942586874303415, 0.6811639025635702, 0.5434428979014228, 0.6135434434405812, 0.49978680262383746, 0.5788097536533577, 0.4359507415475392, 0.6590396116802054, 0.3957352291544313, 0.4921567754635164, 0.3428555406036334, 0.5158912647770159, 0.6589968109959558, 0.46098039358839804]
Iteration 54: [0.501902032439883, 0.842808379117459, 0.49977120720063584, 0.5419069225575881, 0.4438157058138176, 0.6632115892237128, 0.4942586874303415, 0.6811639025635702, 0.5434428979014228, 0.6135434434405812, 0.49978680262383746, 0.5856034353413773, 0.4359507415475392, 0.6590396116802054, 0.3957352291544313, 0.4921567754635164, 0.3428555406036334, 0.5158912647770159, 0.6589968109959558, 0.46098039358839804]
Iteration 55: [0.501902032439883, 0.842808379117459, 0.49977120720063584, 0.5419069225575881, 0.4438157058138176, 0.6632115892237128, 0.5203663218017721, 0.6811639025635702, 0.5434428979014228, 0.6135434434405812, 0.49978680262383746, 0.5856034353413773, 0.4359507415475392, 0.6392951658911395, 0.3957352291544313, 0.4921567754635164, 0.3428555406036334, 0.5158912647770159, 0.6589968109959558, 0.46098039358839804]
Iteration 56: [0.501902032439883, 0.842808379117459, 0.49977120720063584, 0.5419069225575881, 0.4438157058138176, 0.6632115892237128, 0.5058251667974114, 0.6811639025635702, 0.5434428979014228, 0.6135434434405812, 0.49978680262383746, 0.5856034353413773, 0.4359507415475392, 0.6392951658911395, 0.3957352291544313, 0.4921567754635164, 0.485191679658998, 0.5158912647770159, 0.6589968109959558, 0.46098039358839804]
Iteration 57: [0.501902032439883, 0.842808379117459, 0.49977120720063584, 0.5419069225575881, 0.4438157058138176, 0.6898285920235554, 0.5058251667974114, 0.6811639025635702, 0.5434428979014228, 0.6135434434405812, 0.49978680262383746, 0.5856034353413773, 0.4359507415475392, 0.6392951658911395, 0.3957352291544313, 0.4921567754635164, 0.485191679658998, 0.5158912647770159, 0.6589968109959558, 0.46098039358839804]
Iteration 58: [0.501902032439883, 0.842808379117459, 0.49977120720063584, 0.5419069225575881, 0.4438157058138176, 0.6898285920235554, 0.5058251667974114, 0.6811639025635702, 0.5434428979014228, 0.6135434434405812, 0.49978680262383746, 0.5856034353413773, 0.4359507415475392, 0.6392951658911395, 0.3957352291544313, 0.4921567754635164, 0.5898121931445759, 0.5158912647770159, 0.697232745199173, 0.46098039358839804]
Iteration 59: [0.501902032439883, 0.851196328125332, 0.49977120720063584, 0.5419069225575881, 0.4438157058138176, 0.6898285920235554, 0.5058251667974114, 0.6811639025635702, 0.5434428979014228, 0.6135434434405812, 0.5185272771024563, 0.5856034353413773, 0.4359507415475392, 0.6392951658911395, 0.3957352291544313, 0.4921567754635164, 0.5898121931445759, 0.5158912647770159, 0.697232745199173, 0.46098039358839804]
Iteration 60: [0.501902032439883, 0.851196328125332, 0.49977120720063584, 0.5419069225575881, 0.4438157058138176, 0.6899631585683621, 0.5058251667974114, 0.6811639025635702, 0.5434428979014228, 0.6135434434405812, 0.5185272771024563, 0.5856034353413773, 0.4359507415475392, 0.6392951658911395, 0.4859347769795597, 0.4921567754635164, 0.5898121931445759, 0.5158912647770159, 0.697232745199173, 0.46098039358839804]
Iteration 61: [0.501902032439883, 0.851196328125332, 0.49977120720063584, 0.5419069225575881, 0.4438157058138176, 0.6838959256660793, 0.5058251667974114, 0.6811639025635702, 0.5434428979014228, 0.6135434434405812, 0.5185272771024563, 0.5856034353413773, 0.4359507415475392, 0.6392951658911395, 0.4859347769795597, 0.4921567754635164, 0.5898121931445759, 0.5158912647770159, 0.697232745199173, 0.46098039358839804]
Iteration 62: [0.49990406617047073, 0.851196328125332, 0.5204848632727767, 0.5419069225575881, 0.4438157058138176, 0.6838959256660793, 0.5058251667974114, 0.6811639025635702, 0.5434428979014228, 0.6135434434405812, 0.5185272771024563, 0.5856034353413773, 0.4359507415475392, 0.6392951658911395, 0.4859347769795597, 0.4921567754635164, 0.5898121931445759, 0.5158912647770159, 0.697232745199173, 0.46098039358839804]
Iteration 63: [0.49990406617047073, 0.851196328125332, 0.5204848632727767, 0.5419069225575881, 0.4438157058138176, 0.8395546147326497, 0.5058251667974114, 0.6811639025635702, 0.5434428979014228, 0.6135434434405812, 0.5185272771024563, 0.5856034353413773, 0.4359507415475392, 0.6392951658911395, 0.4859347769795597, 0.4921567754635164, 0.5898121931445759, 0.5158912647770159, 0.697232745199173, 0.46098039358839804]
Iteration 64: [0.49990406617047073, 0.851196328125332, 0.5204848632727767, 0.5419069225575881, 0.4438157058138176, 0.8395546147326497, 0.5652757930203519, 0.6811639025635702, 0.5434428979014228, 0.8559085904677899, 0.5185272771024563, 0.5856034353413773, 0.4359507415475392, 0.6392951658911395, 0.4859347769795597, 0.4921567754635164, 0.5898121931445759, 0.5158912647770159, 0.697232745199173, 0.46098039358839804]
Iteration 65: [0.49990406617047073, 0.851196328125332, 0.5204848632727767, 0.5419069225575881, 0.4438157058138176, 0.8395546147326497, 0.5652757930203519, 0.7299676772547578, 0.5434428979014228, 0.8559085904677899, 0.5185272771024563, 0.5856034353413773, 0.11563868260401766, 0.6392951658911395, 0.4859347769795597, 0.4921567754635164, 0.5898121931445759, 0.5158912647770159, 0.697232745199173, 0.46098039358839804]
Iteration 66: [0.49990406617047073, 0.851196328125332, 0.5204848632727767, 0.5419069225575881, 0.4438157058138176, 0.8395546147326497, 0.5652757930203519, 0.7299676772547578, 0.5434428979014228, 0.8559085904677899, 0.5185272771024563, 0.5856034353413773, 0.11563868260401766, 0.6392951658911395, 0.4809903943184274, 0.4921567754635164, 0.5898121931445759, 0.5158912647770159, 0.46346410305772634, 0.46098039358839804]
Iteration 67: [0.49990406617047073, 0.851196328125332, 0.5204848632727767, 0.5419069225575881, 0.4438157058138176, 0.8395546147326497, 0.5652757930203519, 0.7299676772547578, 0.5310980013781555, 0.8559085904677899, 0.5185272771024563, 0.5856034353413773, 0.11563868260401766, 0.6392951658911395, 0.4809903943184274, 0.4921567754635164, 0.5898121931445759, 0.5158912647770159, 0.46346410305772634, 0.5226681993610056]
Iteration 68: [0.49990406617047073, 0.851196328125332, 0.4968309706819182, 0.5419069225575881, 0.4438157058138176, 0.8395546147326497, 0.5652757930203519, 0.7299676772547578, 0.5310980013781555, 0.8559085904677899, 0.5185272771024563, 0.5856034353413773, 0.11563868260401766, 0.6392951658911395, 0.4809903943184274, 0.4921567754635164, 0.5898121931445759, 0.5158912647770159, 0.46346410305772634, 0.5389292861282298]
Iteration 69: [0.514178029987658, 0.851196328125332, 0.579395486021039, 0.5419069225575881, 0.4438157058138176, 0.8395546147326497, 0.5652757930203519, 0.7299676772547578, 0.5310980013781555, 0.8559085904677899, 0.5185272771024563, 0.5856034353413773, 0.11563868260401766, 0.6392951658911395, 0.4809903943184274, 0.4921567754635164, 0.5898121931445759, 0.5158912647770159, 0.46346410305772634, 0.5389292861282298]
Iteration 70: [0.514178029987658, 0.851196328125332, 0.579395486021039, 0.5419069225575881, 0.4438157058138176, 0.8395546147326497, 0.5652757930203519, 0.7299676772547578, 0.5310980013781555, 0.8559085904677899, 0.5185272771024563, 0.5856034353413773, 0.11563868260401766, 0.6392951658911395, 0.4809903943184274, 0.4921567754635164, 0.5898121931445759, 0.5158912647770159, 0.46346410305772634, 0.4252778257992492]
Iteration 71: [0.514178029987658, 0.851196328125332, 0.579395486021039, 0.5419069225575881, 0.4438157058138176, 0.8395546147326497, 0.5652757930203519, 0.7299676772547578, 0.5310980013781555, 0.8559085904677899, 0.5060786086926291, 0.5856034353413773, 0.48123048849932876, 0.6392951658911395, 0.4809903943184274, 0.4921567754635164, 0.5898121931445759, 0.5158912647770159, 0.46346410305772634, 0.4252778257992492]
Iteration 72: [0.514178029987658, 0.851196328125332, 0.579395486021039, 0.5419069225575881, 0.4438157058138176, 0.767403249451744, 0.5652757930203519, 0.7299676772547578, 0.5310980013781555, 0.8559085904677899, 0.5060786086926291, 0.5856034353413773, 0.48123048849932876, 0.6392951658911395, 0.49268017080705434, 0.4921567754635164, 0.5898121931445759, 0.5158912647770159, 0.46346410305772634, 0.4252778257992492]
Iteration 73: [0.514178029987658, 0.851196328125332, 0.579395486021039, 0.6229967068082529, 0.4438157058138176, 0.767403249451744, 0.5652757930203519, 0.7299676772547578, 0.5310980013781555, 0.8559085904677899, 0.4998057216569154, 0.5856034353413773, 0.48123048849932876, 0.6392951658911395, 0.49268017080705434, 0.4921567754635164, 0.5898121931445759, 0.5158912647770159, 0.46346410305772634, 0.4252778257992492]
Iteration 74: [0.514178029987658, 0.7658622358259455, 0.5887277218685041, 0.6229967068082529, 0.4438157058138176, 0.767403249451744, 0.5652757930203519, 0.7299676772547578, 0.5310980013781555, 0.8559085904677899, 0.4998057216569154, 0.5856034353413773, 0.48123048849932876, 0.6392951658911395, 0.49268017080705434, 0.4921567754635164, 0.5898121931445759, 0.5158912647770159, 0.46346410305772634, 0.4252778257992492]
Iteration 75: [0.514178029987658, 0.7658622358259455, 0.5887277218685041, 0.6229967068082529, 0.4438157058138176, 0.767403249451744, 0.5652757930203519, 0.7299676772547578, 0.5310980013781555, 0.8559085904677899, 0.4998057216569154, 0.5856034353413773, 0.48123048849932876, 0.6392951658911395, 0.49268017080705434, 0.4921567754635164, 0.6621946901333047, 0.5158912647770159, 0.46346410305772634, 0.4252778257992492]
Iteration 76: [0.514178029987658, 0.7658622358259455, 0.5887277218685041, 0.6229967068082529, 0.4438157058138176, 0.767403249451744, 0.5652757930203519, 0.7299676772547578, 0.5310980013781555, 0.83544166463503, 0.4998057216569154, 0.5856034353413773, 0.48123048849932876, 0.5861007957023683, 0.49268017080705434, 0.4921567754635164, 0.6621946901333047, 0.5158912647770159, 0.46346410305772634, 0.4252778257992492]
Iteration 77: [0.514178029987658, 0.7658622358259455, 0.5887277218685041, 0.6229967068082529, 0.4438157058138176, 0.767403249451744, 0.5652757930203519, 0.7113072787216493, 0.5310980013781555, 0.83544166463503, 0.4998057216569154, 0.5856034353413773, 0.48123048849932876, 0.5861007957023683, 0.49268017080705434, 0.5786491556107946, 0.6621946901333047, 0.5158912647770159, 0.46346410305772634, 0.4252778257992492]
Iteration 78: [0.514178029987658, 0.7658622358259455, 0.5887277218685041, 0.6229967068082529, 0.4438157058138176, 0.767403249451744, 0.5652757930203519, 0.7113072787216493, 0.5310980013781555, 0.83544166463503, 0.4998057216569154, 0.5856034353413773, 0.49997983520747563, 0.5861007957023683, 0.49268017080705434, 0.6293678557255556, 0.6621946901333047, 0.5158912647770159, 0.46346410305772634, 0.4252778257992492]
Iteration 79: [0.514178029987658, 0.7658622358259455, 0.5887277218685041, 0.6229967068082529, 0.4438157058138176, 0.767403249451744, 0.5390649545281263, 0.7113072787216493, 0.5310980013781555, 0.83544166463503, 0.4998057216569154, 0.5856034353413773, 0.49997983520747563, 0.5861007957023683, 0.49268017080705434, 0.6293678557255556, 0.6621946901333047, 0.5158912647770159, 0.46346410305772634, 0.4252778257992492]
Iteration 80: [0.514178029987658, 0.7658622358259455, 0.5887277218685041, 0.6229967068082529, 0.4623666039353752, 0.767403249451744, 0.5390649545281263, 0.7113072787216493, 0.5310980013781555, 0.83544166463503, 0.4998057216569154, 0.5856034353413773, 0.49997983520747563, 0.5861007957023683, 0.49268017080705434, 0.6293678557255556, 0.6621946901333047, 0.5158912647770159, 0.46346410305772634, 0.4252778257992492]
Iteration 81: [0.514178029987658, 0.7658622358259455, 0.5887277218685041, 0.6229967068082529, 0.4623666039353752, 0.6865129465512056, 0.5390649545281263, 0.7113072787216493, 0.5310980013781555, 0.83544166463503, 0.4998057216569154, 0.5856034353413773, 0.49997983520747563, 0.5861007957023683, 0.49268017080705434, 0.6293678557255556, 0.6757700772634999, 0.5158912647770159, 0.46346410305772634, 0.4252778257992492]
Iteration 82: [0.514178029987658, 0.7658622358259455, 0.5887277218685041, 0.6229967068082529, 0.4623666039353752, 0.6865129465512056, 0.5390649545281263, 0.7113072787216493, 0.5310980013781555, 0.83544166463503, 0.4998057216569154, 0.5856034353413773, 0.49997983520747563, 0.5861007957023683, 0.49268017080705434, 0.6293678557255556, 0.6757700772634999, 0.5158912647770159, 0.6763162529810814, 0.4252778257992492]
Iteration 83: [0.514178029987658, 0.7658622358259455, 0.5887277218685041, 0.6229967068082529, 0.4623666039353752, 0.6865129465512056, 0.5390649545281263, 0.7113072787216493, 0.5310980013781555, 0.83544166463503, 0.4998057216569154, 0.5956470320950523, 0.49997983520747563, 0.5861007957023683, 0.49268017080705434, 0.6293678557255556, 0.6757700772634999, 0.5158912647770159, 0.6763162529810814, 0.47870154048018715]
Iteration 84: [0.514178029987658, 0.7731198144682943, 0.5887277218685041, 0.6319461155040903, 0.4623666039353752, 0.6865129465512056, 0.5390649545281263, 0.7113072787216493, 0.5310980013781555, 0.83544166463503, 0.4998057216569154, 0.5956470320950523, 0.49997983520747563, 0.5861007957023683, 0.49268017080705434, 0.6293678557255556, 0.6757700772634999, 0.5158912647770159, 0.6763162529810814, 0.47870154048018715]
Iteration 85: [0.5015749477371017, 0.7731198144682943, 0.6782763305475701, 0.6319461155040903, 0.4623666039353752, 0.6865129465512056, 0.5390649545281263, 0.7113072787216493, 0.5310980013781555, 0.83544166463503, 0.4998057216569154, 0.5956470320950523, 0.49997983520747563, 0.5861007957023683, 0.49268017080705434, 0.6293678557255556, 0.6757700772634999, 0.5158912647770159, 0.6763162529810814, 0.47870154048018715]
Iteration 86: [0.5015749477371017, 0.7731198144682943, 0.6782763305475701, 0.6319461155040903, 0.4623666039353752, 0.6865129465512056, 0.5390649545281263, 0.7113072787216493, 0.5310980013781555, 0.6978754568950976, 0.4998057216569154, 0.6070326724685909, 0.49997983520747563, 0.5861007957023683, 0.49268017080705434, 0.6293678557255556, 0.6757700772634999, 0.5158912647770159, 0.6763162529810814, 0.47870154048018715]
Iteration 87: [0.5015749477371017, 0.7731198144682943, 0.6782763305475701, 0.6319461155040903, 0.4623666039353752, 0.6865129465512056, 0.5390649545281263, 0.7113072787216493, 0.5310980013781555, 0.6978754568950976, 0.4998057216569154, 0.6070326724685909, 0.49997983520747563, 0.5861007957023683, 0.49268017080705434, 0.6293678557255556, 0.6648782519538279, 0.5158912647770159, 0.6763162529810814, 0.44778840367036143]
Iteration 88: [0.5015749477371017, 0.7731198144682943, 0.6782763305475701, 0.6319461155040903, 0.4623666039353752, 0.6855013785498302, 0.5390649545281263, 0.7113072787216493, 0.5310980013781555, 0.6978754568950976, 0.4998057216569154, 0.6405710280833312, 0.49997983520747563, 0.5861007957023683, 0.49268017080705434, 0.6293678557255556, 0.6648782519538279, 0.5158912647770159, 0.6763162529810814, 0.44778840367036143]
Iteration 89: [0.5015749477371017, 0.7731198144682943, 0.6782763305475701, 0.6319461155040903, 0.4623666039353752, 0.6855013785498302, 0.5390649545281263, 0.6886738450579603, 0.5310980013781555, 0.6978754568950976, 0.4998057216569154, 0.6405710280833312, 0.49997983520747563, 0.5861484924531057, 0.49268017080705434, 0.6293678557255556, 0.6648782519538279, 0.5158912647770159, 0.6763162529810814, 0.44778840367036143]
Iteration 90: [0.5015749477371017, 0.7731198144682943, 0.6782763305475701, 0.6319461155040903, 0.4623666039353752, 0.6855013785498302, 0.5390649545281263, 0.6886738450579603, 0.5310980013781555, 0.6978754568950976, 0.4998057216569154, 0.6405710280833312, 0.49997983520747563, 0.5861484924531057, 0.49268017080705434, 0.6293678557255556, 0.6648782519538279, 0.5158912647770159, 0.6763162529810814, 0.44778840367036143]
Iteration 91: [0.5015749477371017, 0.7731198144682943, 0.6782763305475701, 0.6319461155040903, 0.4623666039353752, 0.6855013785498302, 0.5587042379874643, 0.6886738450579603, 0.5620026253786898, 0.6978754568950976, 0.4998057216569154, 0.6405710280833312, 0.49997983520747563, 0.5861484924531057, 0.49268017080705434, 0.6293678557255556, 0.6648782519538279, 0.5158912647770159, 0.6763162529810814, 0.44778840367036143]
Iteration 92: [0.5015749477371017, 0.7731198144682943, 0.6782763305475701, 0.6319461155040903, 0.4623666039353752, 0.6855013785498302, 0.5587042379874643, 0.6886738450579603, 0.5620026253786898, 0.6978754568950976, 0.4998057216569154, 0.6581056724274714, 0.49997983520747563, 0.5861484924531057, 0.49268017080705434, 0.6293678557255556, 0.6648782519538279, 0.5556406930221813, 0.6763162529810814, 0.44778840367036143]
Iteration 93: [0.5015749477371017, 0.7731198144682943, 0.6782763305475701, 0.6319461155040903, 0.4623666039353752, 0.6855013785498302, 0.5587042379874643, 0.6817536059850827, 0.5620026253786898, 0.6978754568950976, 0.4998057216569154, 0.6581056724274714, 0.49997983520747563, 0.5861484924531057, 0.49268017080705434, 0.6293678557255556, 0.6648782519538279, 0.5677409838920398, 0.6763162529810814, 0.44778840367036143]
Iteration 94: [0.5015749477371017, 0.7731198144682943, 0.6782763305475701, 0.6319461155040903, 0.4623666039353752, 0.6855013785498302, 0.5587042379874643, 0.6817536059850827, 0.5620026253786898, 0.6978754568950976, 0.4998057216569154, 0.6581056724274714, 0.49997983520747563, 0.5861484924531057, 0.49268017080705434, 0.6293678557255556, 0.6817590301714732, 0.5586220088980731, 0.6763162529810814, 0.44778840367036143]
Iteration 95: [0.5487814804309216, 0.7731198144682943, 0.6782763305475701, 0.6319461155040903, 0.4623666039353752, 0.6855013785498302, 0.5587042379874643, 0.6817536059850827, 0.5620026253786898, 0.6978754568950976, 0.4998057216569154, 0.6581056724274714, 0.49997983520747563, 0.5861484924531057, 0.49268017080705434, 0.689177293946556, 0.6817590301714732, 0.5586220088980731, 0.6763162529810814, 0.44778840367036143]
Iteration 96: [0.5487814804309216, 0.7731198144682943, 0.6782763305475701, 0.6319461155040903, 0.4623666039353752, 0.6855013785498302, 0.5587042379874643, 0.6817536059850827, 0.5620026253786898, 0.7029148478883717, 0.4998057216569154, 0.6581056724274714, 0.8035263788968465, 0.5861484924531057, 0.49268017080705434, 0.689177293946556, 0.6817590301714732, 0.5586220088980731, 0.6763162529810814, 0.44778840367036143]
Iteration 97: [0.5487814804309216, 0.7731198144682943, 0.6782763305475701, 0.6319461155040903, 0.4623666039353752, 0.6855013785498302, 0.5587042379874643, 0.6817536059850827, 0.5558965878910168, 0.7029148478883717, 0.4998057216569154, 0.6581056724274714, 0.8035263788968465, 0.5823559546522942, 0.49268017080705434, 0.689177293946556, 0.6817590301714732, 0.5586220088980731, 0.6763162529810814, 0.44778840367036143]
Iteration 98: [0.5487814804309216, 0.7731198144682943, 0.6782763305475701, 0.8555042946899443, 0.4623666039353752, 0.6855013785498302, 0.5587042379874643, 0.6817536059850827, 0.5558965878910168, 0.7029148478883717, 0.4998057216569154, 0.6581056724274714, 0.8035263788968465, 0.5823559546522942, 0.49268017080705434, 0.689177293946556, 0.6817590301714732, 0.5586220088980731, 0.8441573804314519, 0.44778840367036143]
Iteration 99: [0.5487814804309216, 0.7731198144682943, 0.6782763305475701, 0.8502235048571117, 0.4623666039353752, 0.6855013785498302, 0.5587042379874643, 0.6817536059850827, 0.5558965878910168, 0.7029148478883717, 0.4998057216569154, 0.6581056724274714, 0.8035263788968465, 0.5823559546522942, 0.49268017080705434, 0.689177293946556, 0.6817590301714732, 0.5829995574836974, 0.8441573804314519, 0.44778840367036143]
Iteration 100: [0.5487814804309216, 0.7731198144682943, 0.6782763305475701, 0.8502235048571117, 0.4623666039353752, 0.6855013785498302, 0.5436038953207668, 0.6817536059850827, 0.5558965878910168, 0.7029148478883717, 0.4998057216569154, 0.6581056724274714, 0.6589150164103249, 0.5823559546522942, 0.49268017080705434, 0.689177293946556, 0.6817590301714732, 0.5829995574836974, 0.8441573804314519, 0.44778840367036143]
Iteration 101: [0.5487814804309216, 0.7731198144682943, 0.6782763305475701, 0.8502235048571117, 0.4623666039353752, 0.6855013785498302, 0.5465596625080898, 0.6817536059850827, 0.5558965878910168, 0.7029148478883717, 0.4998057216569154, 0.6581056724274714, 0.6589150164103249, 0.5823559546522942, 0.49268017080705434, 0.689177293946556, 0.6817590301714732, 0.5829995574836974, 0.8441573804314519, 0.19539721028978413]
Iteration 102: [0.5487814804309216, 0.7731198144682943, 0.6782763305475701, 0.8502235048571117, 0.4623666039353752, 0.6855013785498302, 0.5465596625080898, 0.6817536059850827, 0.5558965878910168, 0.7029148478883717, 0.4998057216569154, 0.6581056724274714, 0.6589150164103249, 0.5823559546522942, 0.49268017080705434, 0.689177293946556, 0.6893746795253503, 0.5829995574836974, 0.8441573804314519, 0.19539721028978413]
Iteration 103: [0.5487814804309216, 0.7731198144682943, 0.6782763305475701, 0.8502235048571117, 0.4623666039353752, 0.6855013785498302, 0.5465596625080898, 0.6817536059850827, 0.5558965878910168, 0.7029148478883717, 0.4998057216569154, 0.6581056724274714, 0.6589150164103249, 0.5860580625637117, 0.5119462918784555, 0.689177293946556, 0.6893746795253503, 0.5829995574836974, 0.8441573804314519, 0.19539721028978413]
Iteration 104: [0.5487814804309216, 0.7731198144682943, 0.6782763305475701, 0.8502235048571117, 0.4623666039353752, 0.6855013785498302, 0.5465596625080898, 0.6817536059850827, 0.5558965878910168, 0.7029148478883717, 0.4998057216569154, 0.6581056724274714, 0.6589150164103249, 0.5860580625637117, 0.5119462918784555, 0.689177293946556, 0.6893746795253503, 0.5829995574836974, 0.8489886580529877, 0.19539721028978413]
Iteration 105: [0.5487814804309216, 0.7731198144682943, 0.6782763305475701, 0.8502235048571117, 0.4623666039353752, 0.6855013785498302, 0.5465596625080898, 0.6817536059850827, 0.5558965878910168, 0.7029148478883717, 0.4998057216569154, 0.6581056724274714, 0.6589150164103249, 0.5860684220043456, 0.5119462918784555, 0.689177293946556, 0.6893746795253503, 0.5829995574836974, 0.8489886580529877, 0.19539721028978413]
Iteration 106: [0.5487814804309216, 0.7731198144682943, 0.6782763305475701, 0.8502235048571117, 0.4623666039353752, 0.6855013785498302, 0.5465596625080898, 0.6817536059850827, 0.5558965878910168, 0.7029148478883717, 0.4998057216569154, 0.6581056724274714, 0.6589150164103249, 0.5801462992365977, 0.5119462918784555, 0.689177293946556, 0.6893746795253503, 0.5829995574836974, 0.6595796662205713, 0.19539721028978413]
Iteration 107: [0.5487814804309216, 0.7731198144682943, 0.6782763305475701, 0.8502235048571117, 0.4623666039353752, 0.6855013785498302, 0.5465596625080898, 0.6817536059850827, 0.5558965878910168, 0.7029148478883717, 0.4998057216569154, 0.6581056724274714, 0.6589150164103249, 0.5801462992365977, 0.5119462918784555, 0.689177293946556, 0.6893746795253503, 0.5829995574836974, 0.6595796662205713, 0.5446729001915291]
Iteration 108: [0.5487814804309216, 0.7731198144682943, 0.6784254302433081, 0.8502235048571117, 0.4623666039353752, 0.6855013785498302, 0.5465596625080898, 0.6817536059850827, 0.5558965878910168, 0.6852003343598376, 0.4998057216569154, 0.6581056724274714, 0.6589150164103249, 0.5801462992365977, 0.5119462918784555, 0.689177293946556, 0.6893746795253503, 0.5829995574836974, 0.6595796662205713, 0.5446729001915291]
Iteration 109: [0.521615918107629, 0.8540209793713222, 0.6784254302433081, 0.8502235048571117, 0.4623666039353752, 0.6855013785498302, 0.5465596625080898, 0.6817536059850827, 0.5558965878910168, 0.6852003343598376, 0.4998057216569154, 0.6581056724274714, 0.6589150164103249, 0.5801462992365977, 0.5119462918784555, 0.689177293946556, 0.6893746795253503, 0.5829995574836974, 0.6595796662205713, 0.5446729001915291]
Iteration 110: [0.521615918107629, 0.8540209793713222, 0.6784254302433081, 0.8628572876684657, 0.4623666039353752, 0.6855013785498302, 0.5465596625080898, 0.6817536059850827, 0.5558965878910168, 0.6852003343598376, 0.4998057216569154, 0.6581056724274714, 0.6159852548982878, 0.5801462992365977, 0.5119462918784555, 0.689177293946556, 0.6893746795253503, 0.5829995574836974, 0.6595796662205713, 0.5446729001915291]
Iteration 111: [0.521615918107629, 0.782671690359709, 0.6784254302433081, 0.8628572876684657, 0.4623666039353752, 0.6855013785498302, 0.5465596625080898, 0.6817536059850827, 0.5558965878910168, 0.6852003343598376, 0.4998057216569154, 0.6581056724274714, 0.6365078569914849, 0.5801462992365977, 0.5119462918784555, 0.689177293946556, 0.6893746795253503, 0.5829995574836974, 0.6595796662205713, 0.5446729001915291]
Iteration 112: [0.521615918107629, 0.782671690359709, 0.6784254302433081, 0.8628572876684657, 0.4623666039353752, 0.6778312357138176, 0.5465596625080898, 0.6817536059850827, 0.5558965878910168, 0.6852003343598376, 0.4998057216569154, 0.6581056724274714, 0.6365078569914849, 0.5801462992365977, 0.5768439362015264, 0.689177293946556, 0.6893746795253503, 0.5829995574836974, 0.6595796662205713, 0.5446729001915291]
Iteration 113: [0.521615918107629, 0.7199704317115575, 0.6732800313093025, 0.8628572876684657, 0.4623666039353752, 0.6778312357138176, 0.5465596625080898, 0.6817536059850827, 0.5558965878910168, 0.6852003343598376, 0.4998057216569154, 0.6581056724274714, 0.6365078569914849, 0.5801462992365977, 0.5768439362015264, 0.689177293946556, 0.6893746795253503, 0.5829995574836974, 0.6595796662205713, 0.5446729001915291]
Iteration 114: [0.521615918107629, 0.7199704317115575, 0.6732800313093025, 0.8628572876684657, 0.4623666039353752, 0.6778312357138176, 0.5465596625080898, 0.6817536059850827, 0.5558965878910168, 0.6852003343598376, 0.4998057216569154, 0.6581056724274714, 0.6365078569914849, 0.580149894591503, 0.5768439362015264, 0.689177293946556, 0.6893746795253503, 0.5829995574836974, 0.6595796662205713, 0.5446729001915291]
Iteration 115: [0.521615918107629, 0.7199704317115575, 0.6732800313093025, 0.8628572876684657, 0.4623666039353752, 0.6778312357138176, 0.5465596625080898, 0.6817536059850827, 0.5558965878910168, 0.6852003343598376, 0.4998057216569154, 0.6581056724274714, 0.6365078569914849, 0.580149894591503, 0.5768439362015264, 0.689177293946556, 0.6893746795253503, 0.561626599261812, 0.6595796662205713, 0.5446729001915291]
Iteration 116: [0.521615918107629, 0.7199704317115575, 0.6732800313093025, 0.8628572876684657, 0.4623666039353752, 0.6778312357138176, 0.5465596625080898, 0.6817536059850827, 0.5558965878910168, 0.6852003343598376, 0.4998057216569154, 0.6581056724274714, 0.6365078569914849, 0.580149894591503, 0.5768439362015264, 0.689177293946556, 0.6437574614852412, 0.5677694323002447, 0.6595796662205713, 0.5446729001915291]
Iteration 117: [0.521615918107629, 0.7199704317115575, 0.6732800313093025, 0.8628572876684657, 0.4623666039353752, 0.6778312357138176, 0.5434853937343577, 0.6817536059850827, 0.5558965878910168, 0.6852003343598376, 0.4998057216569154, 0.6581056724274714, 0.6365078569914849, 0.580149894591503, 0.5768439362015264, 0.6479556894276954, 0.6437574614852412, 0.5677694323002447, 0.6595796662205713, 0.5446729001915291]
Iteration 118: [0.521615918107629, 0.7199704317115575, 0.6732800313093025, 0.8628572876684657, 0.4623666039353752, 0.6778312357138176, 0.5434853937343577, 0.6817536059850827, 0.5558965878910168, 0.6852003343598376, 0.4998057216569154, 0.6581056724274714, 0.6365078569914849, 0.580149894591503, 0.6000363040893377, 0.6707852663839525, 0.6437574614852412, 0.5677694323002447, 0.6595796662205713, 0.5446729001915291]
Iteration 119: [0.521615918107629, 0.6960479187951615, 0.6732800313093025, 0.8628572876684657, 0.4623666039353752, 0.6778312357138176, 0.5434853937343577, 0.6817536059850827, 0.5558965878910168, 0.6852003343598376, 0.4998057216569154, 0.6581056724274714, 0.6365078569914849, 0.580149894591503, 0.6000363040893377, 0.6707852663839525, 0.6437574614852412, 0.5677694323002447, 0.6595796662205713, 0.5446729001915291]
Iteration 120: [0.521615918107629, 0.6960479187951615, 0.6732800313093025, 0.8628572876684657, 0.4242475297691116, 0.6778312357138176, 0.5434853937343577, 0.6817536059850827, 0.5558965878910168, 0.6852003343598376, 0.4998057216569154, 0.6581056724274714, 0.6365078569914849, 0.580149894591503, 0.6000363040893377, 0.6866558900805555, 0.6437574614852412, 0.5677694323002447, 0.6595796662205713, 0.5446729001915291]
Iteration 121: [0.521615918107629, 0.6960479187951615, 0.6732800313093025, 0.6709727507593202, 0.4242475297691116, 0.6778312357138176, 0.5434853937343577, 0.6817536059850827, 0.5558965878910168, 0.6852003343598376, 0.4998057216569154, 0.6581056724274714, 0.6365078569914849, 0.580149894591503, 0.6000363040893377, 0.6866558900805555, 0.6437574614852412, 0.5740310604834069, 0.6595796662205713, 0.5446729001915291]
Iteration 122: [0.521615918107629, 0.6960479187951615, 0.6732800313093025, 0.6709727507593202, 0.4242475297691116, 0.6778312357138176, 0.5434853937343577, 0.6817536059850827, 0.5558965878910168, 0.6852003343598376, 0.4998057216569154, 0.6474827633345089, 0.6365078569914849, 0.580149894591503, 0.6000363040893377, 0.6866558900805555, 0.6437574614852412, 0.5740310604834069, 0.6595796662205713, 0.5446729001915291]
Iteration 123: [0.521615918107629, 0.6960479187951615, 0.6732800313093025, 0.6901704945235243, 0.4242475297691116, 0.6778312357138176, 0.5434853937343577, 0.6817536059850827, 0.5558965878910168, 0.6852003343598376, 0.4998057216569154, 0.6474827633345089, 0.6365078569914849, 0.580149894591503, 0.6000363040893377, 0.6866558900805555, 0.6437574614852412, 0.5740310604834069, 0.7024370968713916, 0.5446729001915291]
Iteration 124: [0.521615918107629, 0.6960479187951615, 0.6732800313093025, 0.6463115634423262, 0.4242475297691116, 0.6778312357138176, 0.5434853937343577, 0.6817536059850827, 0.5558965878910168, 0.6852003343598376, 0.4998057216569154, 0.6474827633345089, 0.6365078569914849, 0.580149894591503, 0.6000363040893377, 0.6866558900805555, 0.6437574614852412, 0.5617818878462788, 0.7024370968713916, 0.5446729001915291]
Iteration 125: [0.5539349282084489, 0.6960479187951615, 0.6732800313093025, 0.6463115634423262, 0.4242475297691116, 0.6778312357138176, 0.5434853937343577, 0.6817536059850827, 0.5558965878910168, 0.6852003343598376, 0.4998057216569154, 0.6474827633345089, 0.6365078569914849, 0.580149894591503, 0.6000363040893377, 0.6866558900805555, 0.6437574614852412, 0.5617818878462788, 0.7024370968713916, 0.5446729001915291]
Iteration 126: [0.5539349282084489, 0.6960479187951615, 0.6732800313093025, 0.6463115634423262, 0.4242475297691116, 0.6778312357138176, 0.5434853937343577, 0.6817536059850827, 0.5558965878910168, 0.6852003343598376, 0.4998057216569154, 0.6474827633345089, 0.6365078569914849, 0.580149894591503, 0.6000363040893377, 0.704894610575401, 0.6437574614852412, 0.5617818878462788, 0.7024370968713916, 0.5446729001915291]
Iteration 127: [0.5539349282084489, 0.6960479187951615, 0.6732800313093025, 0.6463115634423262, 0.4242475297691116, 0.6778312357138176, 0.5434853937343577, 0.6817536059850827, 0.5558965878910168, 0.6783495699639904, 0.4998057216569154, 0.6474827633345089, 0.6365078569914849, 0.580149894591503, 0.6000363040893377, 0.704894610575401, 0.6437574614852412, 0.5617818878462788, 0.7024370968713916, 0.5446729001915291]
Iteration 128: [0.5957079541830542, 0.6960479187951615, 0.6732800313093025, 0.6463115634423262, 0.4242475297691116, 0.6778312357138176, 0.5434853937343577, 0.6817536059850827, 0.5558965878910168, 0.6783495699639904, 0.4998057216569154, 0.6474827633345089, 0.6177369833380028, 0.580149894591503, 0.6000363040893377, 0.704894610575401, 0.6437574614852412, 0.5617818878462788, 0.7024370968713916, 0.5446729001915291]
Iteration 129: [0.5957079541830542, 0.6960479187951615, 0.6732800313093025, 0.6463115634423262, 0.4242475297691116, 0.6778312357138176, 0.5434853937343577, 0.6817536059850827, 0.5558965878910168, 0.6783495699639904, 0.4998057216569154, 0.6474827633345089, 0.6177369833380028, 0.580149894591503, 0.6054070440554523, 0.704894610575401, 0.6437574614852412, 0.5679348972678775, 0.7024370968713916, 0.5446729001915291]
Iteration 130: [0.5957079541830542, 0.6960479187951615, 0.6732800313093025, 0.6463115634423262, 0.4242475297691116, 0.6778312357138176, 0.5434853937343577, 0.6817536059850827, 0.5558965878910168, 0.6783495699639904, 0.4998057216569154, 0.6474827633345089, 0.6177369833380028, 0.580149894591503, 0.9753468864903793, 0.7073923376290933, 0.6437574614852412, 0.5679348972678775, 0.7024370968713916, 0.5446729001915291]
Iteration 131: [0.5957079541830542, 0.6960479187951615, 0.6732800313093025, 0.6463115634423262, 0.4242475297691116, 0.6778312357138176, 0.04762569983459258, 0.8367460188286148, 0.5558965878910168, 0.6783495699639904, 0.4998057216569154, 0.6474827633345089, 0.6177369833380028, 0.580149894591503, 0.9753468864903793, 0.7073923376290933, 0.6437574614852412, 0.5679348972678775, 0.7024370968713916, 0.5446729001915291]
Iteration 132: [0.5957079541830542, 0.6960479187951615, 0.6732800313093025, 0.6463115634423262, 0.4242475297691116, 0.6778312357138176, 0.04762569983459258, 0.8367460188286148, 0.5558965878910168, 0.6783495699639904, 0.4998057216569154, 0.6470848195768105, 0.6177369833380028, 0.580149894591503, 0.9753468864903793, 0.7073923376290933, 0.6437574614852412, 0.5679348972678775, 0.6947301444556165, 0.5446729001915291]
Iteration 133: [0.6137307230441954, 0.6362726645168144, 0.6732800313093025, 0.6463115634423262, 0.4242475297691116, 0.6778312357138176, 0.04762569983459258, 0.8367460188286148, 0.5558965878910168, 0.6783495699639904, 0.4998057216569154, 0.6470848195768105, 0.6177369833380028, 0.580149894591503, 0.9753468864903793, 0.7073923376290933, 0.6437574614852412, 0.5679348972678775, 0.6947301444556165, 0.5446729001915291]
Iteration 134: [0.6137307230441954, 0.6362726645168144, 0.6732800313093025, 0.6463115634423262, 0.4242475297691116, 0.6778312357138176, 0.04762569983459258, 0.6790291212196267, 0.5558965878910168, 0.6783495699639904, 0.4998057216569154, 0.6470848195768105, 0.6177369833380028, 0.580149894591503, 0.9753468864903793, 0.6653242227066287, 0.6437574614852412, 0.5679348972678775, 0.6947301444556165, 0.5446729001915291]
Iteration 135: [0.6137307230441954, 0.6362726645168144, 0.6732800313093025, 0.6463115634423262, 0.4242475297691116, 0.6778312357138176, 0.04762569983459258, 0.6790291212196267, 0.5558965878910168, 0.6783495699639904, 0.4998057216569154, 0.6470848195768105, 0.6219652690536229, 0.580149894591503, 0.9753468864903793, 0.6653242227066287, 0.6437574614852412, 0.5557099597535925, 0.6947301444556165, 0.5446729001915291]
Iteration 136: [0.6137307230441954, 0.6362726645168144, 0.6732800313093025, 0.6463115634423262, 0.4242475297691116, 0.6921656046024002, 0.5617983986554856, 0.6790291212196267, 0.5558965878910168, 0.6783495699639904, 0.4998057216569154, 0.6470848195768105, 0.6219652690536229, 0.580149894591503, 0.9753468864903793, 0.6653242227066287, 0.6437574614852412, 0.5557099597535925, 0.6947301444556165, 0.5446729001915291]
Iteration 137: [0.6137307230441954, 0.6362726645168144, 0.6732800313093025, 0.6463115634423262, 0.4242475297691116, 0.6921656046024002, 0.5617983986554856, 0.6870827065849633, 0.5558965878910168, 0.6783495699639904, 0.4998057216569154, 0.6470848195768105, 0.5596747542110901, 0.580149894591503, 0.9753468864903793, 0.6653242227066287, 0.6437574614852412, 0.5557099597535925, 0.6947301444556165, 0.5446729001915291]
Iteration 138: [0.6137307230441954, 0.6362726645168144, 0.6732800313093025, 0.6463115634423262, 0.4242475297691116, 0.6921656046024002, 0.5617983986554856, 0.6870827065849633, 0.5404349006266675, 0.6926973388425465, 0.4998057216569154, 0.6470848195768105, 0.5596747542110901, 0.580149894591503, 0.9753468864903793, 0.6653242227066287, 0.6437574614852412, 0.5557099597535925, 0.6947301444556165, 0.5446729001915291]
Iteration 139: [0.6137307230441954, 0.6362726645168144, 0.6732800313093025, 0.6463115634423262, 0.4242475297691116, 0.6921656046024002, 0.5617983986554856, 0.6870827065849633, 0.5404349006266675, 0.6926973388425465, 0.4998057216569154, 0.6470848195768105, 0.5774440075466651, 0.580149894591503, 0.9753468864903793, 0.6653242227066287, 0.6437574614852412, 0.5922310722877802, 0.6947301444556165, 0.5446729001915291]
Iteration 140: [0.6137307230441954, 0.6362726645168144, 0.6732800313093025, 0.6463115634423262, 0.4242475297691116, 0.6921656046024002, 0.5617983986554856, 0.6870827065849633, 0.5404349006266675, 0.6926973388425465, 0.4998057216569154, 0.6470848195768105, 0.5774440075466651, 0.580149894591503, 0.9753468864903793, 0.6653242227066287, 0.6437574614852412, 0.5922310722877802, 0.6947301444556165, 0.5446729001915291]
Iteration 141: [0.6137307230441954, 0.6229982090353411, 0.6732800313093025, 0.638560584178247, 0.4242475297691116, 0.6921656046024002, 0.5617983986554856, 0.6870827065849633, 0.5404349006266675, 0.6926973388425465, 0.4998057216569154, 0.6470848195768105, 0.5774440075466651, 0.580149894591503, 0.9753468864903793, 0.6653242227066287, 0.6437574614852412, 0.5922310722877802, 0.6947301444556165, 0.5446729001915291]
Iteration 142: [0.680075399035949, 0.6229982090353411, 0.6732800313093025, 0.638560584178247, 0.4242475297691116, 0.6921656046024002, 0.5617983986554856, 0.6870827065849633, 0.5404349006266675, 0.6926973388425465, 0.4998057216569154, 0.6470848195768105, 0.5774440075466651, 0.580149894591503, 0.9753468864903793, 0.6653242227066287, 0.6437574614852412, 0.5922310722877802, 0.6947301444556165, 0.5446729001915291]
Iteration 143: [0.680075399035949, 0.6229982090353411, 0.6732800313093025, 0.638560584178247, 0.4242475297691116, 0.6921656046024002, 0.5617983986554856, 0.6870827065849633, 0.5404349006266675, 0.6926973388425465, 0.4998057216569154, 0.6470848195768105, 0.5774440075466651, 0.580149894591503, 0.9753468864903793, 0.6653242227066287, 0.6437574614852412, 0.5922310722877802, 0.6795996529559073, 0.5446729001915291]
Iteration 144: [0.680075399035949, 0.6159524676494739, 0.6239789915892686, 0.638560584178247, 0.4242475297691116, 0.6921656046024002, 0.5617983986554856, 0.6870827065849633, 0.5404349006266675, 0.6926973388425465, 0.4998057216569154, 0.6470848195768105, 0.5774440075466651, 0.580149894591503, 0.9753468864903793, 0.6653242227066287, 0.6437574614852412, 0.5922310722877802, 0.6795996529559073, 0.5446729001915291]
Iteration 145: [0.680075399035949, 0.6159524676494739, 0.6239789915892686, 0.638560584178247, 0.4242475297691116, 0.6921656046024002, 0.5617983986554856, 0.3894810407761895, 0.5404349006266675, 0.6926973388425465, 0.4998057216569154, 0.6470848195768105, 0.5774440075466651, 0.580149894591503, 0.9753468864903793, 0.6653242227066287, 0.6437574614852412, 0.5922310722877802, 0.6795996529559073, 0.5446729001915291]
Iteration 146: [0.680075399035949, 0.5607149691852933, 0.6239789915892686, 0.638560584178247, 0.4242475297691116, 0.6921656046024002, 0.5678036687061694, 0.3894810407761895, 0.5404349006266675, 0.6926973388425465, 0.4998057216569154, 0.6470848195768105, 0.5774440075466651, 0.580149894591503, 0.9753468864903793, 0.6653242227066287, 0.6437574614852412, 0.5922310722877802, 0.6795996529559073, 0.5446729001915291]
Iteration 147: [0.680075399035949, 0.5607149691852933, 0.6239789915892686, 0.6591755039392861, 0.4242475297691116, 0.6921656046024002, 0.5678036687061694, 0.3894810407761895, 0.5404349006266675, 0.6926973388425465, 0.4998057216569154, 0.6470848195768105, 0.5774440075466651, 0.580149894591503, 0.9753468864903793, 0.6653242227066287, 0.6536062191551752, 0.5922310722877802, 0.6795996529559073, 0.5446729001915291]
Iteration 148: [0.680075399035949, 0.5607149691852933, 0.6239789915892686, 0.6591755039392861, 0.4242475297691116, 0.6921656046024002, 0.5678036687061694, 0.6615730717145399, 0.5404349006266675, 0.6926973388425465, 0.4998057216569154, 0.6470848195768105, 0.5774440075466651, 0.580149894591503, 0.9753468864903793, 0.6653242227066287, 0.6536062191551752, 0.6040547450927737, 0.6795996529559073, 0.5446729001915291]
Iteration 149: [0.680075399035949, 0.5607149691852933, 0.6239789915892686, 0.6591755039392861, 0.4242475297691116, 0.6921656046024002, 0.5800050264665716, 0.6615730717145399, 0.5404349006266675, 0.6926973388425465, 0.4998057216569154, 0.6470848195768105, 0.5774440075466651, 0.580149894591503, 0.9753468864903793, 0.6653242227066287, 0.6536062191551752, 0.6040547450927737, 0.6795996529559073, 0.5553406502550493]
Iteration 150: [0.680075399035949, 0.5607149691852933, 0.6239789915892686, 0.6508025349030763, 0.4242475297691116, 0.6921656046024002, 0.5800050264665716, 0.6615730717145399, 0.5404349006266675, 0.6810329389013203, 0.4998057216569154, 0.6470848195768105, 0.5774440075466651, 0.580149894591503, 0.9753468864903793, 0.6653242227066287, 0.6536062191551752, 0.6040547450927737, 0.6795996529559073, 0.5553406502550493]
