There are 3 agents who believe in con
There are 8 agents who believe in pro
There are 9 agents who are neutral 

Iteration 1: [0.49323889438500845, 0.4322599070437638, 0.4891501157377807, 0.46363547855441617, 0.06525626726806838, 0.45329530023965753, 0.49569436467626504, 0.5421542922531695, 0.0685712174692454, 0.5001065092898633, 0.5406856608836439, 0.380171077278208, 0.4636535164796592, 0.4491154739061932, 0.45187204881288084, 0.5145965639960609, 0.3698303550789327, 0.536536989164563, 0.42276780709748646, 0.48512780259569005]
Iteration 2: [0.49323889438500845, 0.4322599070437638, 0.4891501157377807, 0.46363547855441617, 0.06525626726806838, 0.45329530023965753, 0.49569436467626504, 0.5421542922531695, 0.0685712174692454, 0.5001065092898633, 0.5406856608836439, 0.380171077278208, 0.06378119306504175, 0.4491154739061932, 0.6320377434904474, 0.5145965639960609, 0.3698303550789327, 0.536536989164563, 0.42276780709748646, 0.48512780259569005]
Iteration 3: [0.49323889438500845, 0.4322599070437638, 0.4891501157377807, 0.46363547855441617, 0.06525626726806838, 0.45329530023965753, 0.49569436467626504, 0.5421542922531695, 0.0685712174692454, 0.5001065092898633, 0.5406856608836439, 0.380171077278208, 0.06378119306504175, 0.4491154739061932, 0.6320377434904474, 0.5145965639960609, 0.6531144223488543, 0.536536989164563, 0.9228281556705619, 0.48512780259569005]
Iteration 4: [0.49323889438500845, 0.4322599070437638, 0.5325818660968756, 0.46363547855441617, 0.06525626726806838, 0.45329530023965753, 0.49569436467626504, 0.9329535344526764, 0.0685712174692454, 0.5001065092898633, 0.5406856608836439, 0.380171077278208, 0.06378119306504175, 0.4491154739061932, 0.6320377434904474, 0.5145965639960609, 0.6531144223488543, 0.536536989164563, 0.9228281556705619, 0.48512780259569005]
Iteration 5: [0.49323889438500845, 0.4322599070437638, 0.5325818660968756, 0.46363547855441617, 0.06525626726806838, 0.45329530023965753, 0.49569436467626504, 0.9329535344526764, 0.9308282637768487, 0.5001065092898633, 0.5406856608836439, 0.380171077278208, 0.06378119306504175, 0.4491154739061932, 0.6320377434904474, 0.5145965639960609, 0.6531144223488543, 0.536536989164563, 0.9228281556705619, 0.48512780259569005]
Iteration 6: [0.49323889438500845, 0.4322599070437638, 0.5325818660968756, 0.46363547855441617, 0.06525626726806838, 0.45329530023965753, 0.49569436467626504, 0.5825390449728567, 0.9308282637768487, 0.5001065092898633, 0.5406856608836439, 0.380171077278208, 0.06378119306504175, 0.4491154739061932, 0.9241448688485512, 0.5145965639960609, 0.6531144223488543, 0.536536989164563, 0.9228281556705619, 0.48512780259569005]
Iteration 7: [0.49323889438500845, 0.4322599070437638, 0.5325818660968756, 0.901885926211739, 0.06525626726806838, 0.49167416525877755, 0.49569436467626504, 0.5825390449728567, 0.9308282637768487, 0.5001065092898633, 0.5406856608836439, 0.380171077278208, 0.06378119306504175, 0.4491154739061932, 0.9241448688485512, 0.5145965639960609, 0.6531144223488543, 0.536536989164563, 0.9228281556705619, 0.48512780259569005]
Iteration 8: [0.5653858561875693, 0.4322599070437638, 0.5325818660968756, 0.901885926211739, 0.06525626726806838, 0.8367173637524293, 0.49569436467626504, 0.5825390449728567, 0.9308282637768487, 0.5001065092898633, 0.5406856608836439, 0.380171077278208, 0.06378119306504175, 0.4491154739061932, 0.9241448688485512, 0.5145965639960609, 0.6531144223488543, 0.536536989164563, 0.9228281556705619, 0.48512780259569005]
Iteration 9: [0.5653858561875693, 0.4322599070437638, 0.5325818660968756, 0.901885926211739, 0.06525626726806838, 0.8367173637524293, 0.49569436467626504, 0.5825390449728567, 0.9308282637768487, 0.5001065092898633, 0.5406856608836439, 0.41528969690918144, 0.06378119306504175, 0.4491154739061932, 0.9241448688485512, 0.5145965639960609, 0.6531144223488543, 0.9171102096798303, 0.9228281556705619, 0.48512780259569005]
Iteration 10: [0.5653858561875693, 0.9191738506236473, 0.5325818660968756, 0.901885926211739, 0.06525626726806838, 0.8367173637524293, 0.49569436467626504, 0.5825390449728567, 0.9308282637768487, 0.5001065092898633, 0.5406856608836439, 0.41528969690918144, 0.06378119306504175, 0.4491154739061932, 0.9140353111628818, 0.5145965639960609, 0.6531144223488543, 0.9171102096798303, 0.9228281556705619, 0.48512780259569005]
Iteration 11: [0.5653858561875693, 0.9191738506236473, 0.5325818660968756, 0.901885926211739, 0.06525626726806838, 0.8367173637524293, 0.49569436467626504, 0.5825390449728567, 0.9308282637768487, 0.5001065092898633, 0.9195319104421621, 0.41528969690918144, 0.06378119306504175, 0.4491154739061932, 0.9140353111628818, 0.5145965639960609, 0.6531144223488543, 0.9171102096798303, 0.9228281556705619, 0.48512780259569005]
Iteration 12: [0.5653858561875693, 0.9191738506236473, 0.5325818660968756, 0.901885926211739, 0.06525626726806838, 0.8367173637524293, 0.49569436467626504, 0.5825390449728567, 0.9308282637768487, 0.5001065092898633, 0.9195319104421621, 0.41528969690918144, 0.06378119306504175, 0.4491154739061932, 0.9140353111628818, 0.5145965639960609, 0.6531144223488543, 0.9171102096798303, 0.9228281556705619, 0.912566773145162]
Iteration 13: [0.5653858561875693, 0.9191738506236473, 0.5325818660968756, 0.901885926211739, 0.06525626726806838, 0.8329945073043421, 0.49569436467626504, 0.5825390449728567, 0.9308282637768487, 0.5001065092898633, 0.9195319104421621, 0.3407092807052291, 0.06378119306504175, 0.4491154739061932, 0.9140353111628818, 0.5145965639960609, 0.6531144223488543, 0.9171102096798303, 0.9228281556705619, 0.912566773145162]
Iteration 14: [0.5653858561875693, 0.9191738506236473, 0.5325818660968756, 0.901885926211739, 0.06525626726806838, 0.8329945073043421, 0.49569436467626504, 0.5825390449728567, 0.9308282637768487, 0.5001065092898633, 0.9195319104421621, 0.3407092807052291, 0.06378119306504175, 0.4491154739061932, 0.9140353111628818, 0.06154300823623186, 0.6531144223488543, 0.9171102096798303, 0.9228281556705619, 0.912566773145162]
Iteration 15: [0.5653858561875693, 0.9191738506236473, 0.5325818660968756, 0.901885926211739, 0.06525626726806838, 0.8329945073043421, 0.49569436467626504, 0.5825390449728567, 0.9308282637768487, 0.5001065092898633, 0.9195319104421621, 0.3407092807052291, 0.06378119306504175, 0.4491154739061932, 0.9140353111628818, 0.06154300823623186, 0.6531144223488543, 0.9171102096798303, 0.9228281556705619, 0.912566773145162]
Iteration 16: [0.5653858561875693, 0.9191738506236473, 0.5325818660968756, 0.901885926211739, 0.06525626726806838, 0.8329945073043421, 0.49569436467626504, 0.5825390449728567, 0.9308282637768487, 0.5001065092898633, 0.9195319104421621, 0.3407092807052291, 0.06378119306504175, 0.4491154739061932, 0.9140353111628818, 0.044846311456266205, 0.6531144223488543, 0.9171102096798303, 0.9228281556705619, 0.912566773145162]
Iteration 17: [0.5653858561875693, 0.9191738506236473, 0.5325818660968756, 0.901885926211739, 0.06525626726806838, 0.8329945073043421, 0.49569436467626504, 0.5825390449728567, 0.9308282637768487, 0.5001065092898633, 0.9195319104421621, 0.3407092807052291, 0.06378119306504175, 0.4491154739061932, 0.9091058522297879, 0.044846311456266205, 0.6531144223488543, 0.9171102096798303, 0.9228281556705619, 0.912566773145162]
Iteration 18: [0.5653858561875693, 0.9191738506236473, 0.5325818660968756, 0.901885926211739, 0.06525626726806838, 0.8329945073043421, 0.49569436467626504, 0.5825390449728567, 0.9308282637768487, 0.5001065092898633, 0.9195319104421621, 0.3407092807052291, 0.06378119306504175, 0.4491154739061932, 0.9091058522297879, 0.044846311456266205, 0.6531144223488543, 0.9171102096798303, 0.9228281556705619, 0.912566773145162]
Iteration 19: [0.5653858561875693, 0.9191738506236473, 0.5325818660968756, 0.901885926211739, 0.06525626726806838, 0.8329945073043421, 0.5177018588125846, 0.5825390449728567, 0.9308282637768487, 0.5001065092898633, 0.9195319104421621, 0.3407092807052291, 0.06378119306504175, 0.4491154739061932, 0.9091058522297879, 0.044846311456266205, 0.6531144223488543, 0.9171102096798303, 0.9099401703866238, 0.912566773145162]
Iteration 20: [0.5653858561875693, 0.9191738506236473, 0.5325818660968756, 0.901885926211739, 0.06525626726806838, 0.8329945073043421, 0.5177018588125846, 0.5825390449728567, 0.9308282637768487, 0.5001065092898633, 0.9195319104421621, 0.3407092807052291, 0.06378119306504175, 0.4491154739061932, 0.9091058522297879, 0.044846311456266205, 0.6531144223488543, 0.9171102096798303, 0.9099401703866238, 0.912566773145162]
Iteration 21: [0.5653858561875693, 0.9191738506236473, 0.5325818660968756, 0.901885926211739, 0.06525626726806838, 0.8329945073043421, 0.5177018588125846, 0.5825390449728567, 0.9308282637768487, 0.5001065092898633, 0.9195319104421621, 0.3407092807052291, 0.06378119306504175, 0.4491154739061932, 0.9091058522297879, 0.044846311456266205, 0.6531144223488543, 0.9171102096798303, 0.9099401703866238, 0.912566773145162]
Iteration 22: [0.5653858561875693, 0.9191738506236473, 0.5325818660968756, 0.901885926211739, 0.06525626726806838, 0.9063603520146358, 0.5177018588125846, 0.5825390449728567, 0.9308282637768487, 0.5001065092898633, 0.9195319104421621, 0.3407092807052291, 0.06359579675603519, 0.4491154739061932, 0.9091058522297879, 0.044846311456266205, 0.6531144223488543, 0.9171102096798303, 0.9099401703866238, 0.912566773145162]
Iteration 23: [0.5653858561875693, 0.9191738506236473, 0.5325818660968756, 0.901885926211739, 0.06525626726806838, 0.9063603520146358, 0.5177018588125846, 0.5825390449728567, 0.9308282637768487, 0.5001065092898633, 0.8172112048178335, 0.3407092807052291, 0.06359579675603519, 0.4491154739061932, 0.9091058522297879, 0.044846311456266205, 0.6531144223488543, 0.9171102096798303, 0.9099401703866238, 0.912566773145162]
Iteration 24: [0.5653858561875693, 0.9191738506236473, 0.5325818660968756, 0.901885926211739, 0.06525626726806838, 0.9063603520146358, 0.5177018588125846, 0.5825390449728567, 0.9308282637768487, 0.5001065092898633, 0.8172112048178335, 0.3407092807052291, 0.06359579675603519, 0.4491154739061932, 0.9091058522297879, 0.044846311456266205, 0.9210744205519282, 0.9171102096798303, 0.9099401703866238, 0.912566773145162]
Iteration 25: [0.5653858561875693, 0.9191738506236473, 0.5325818660968756, 0.901885926211739, 0.06525626726806838, 0.9063603520146358, 0.5177018588125846, 0.5825390449728567, 0.9308282637768487, 0.5001065092898633, 0.8172112048178335, 0.9039264811938429, 0.06359579675603519, 0.4491154739061932, 0.9091058522297879, 0.044846311456266205, 0.9210744205519282, 0.9171102096798303, 0.9099401703866238, 0.912566773145162]
Iteration 26: [0.5653858561875693, 0.9191738506236473, 0.5325818660968756, 0.901885926211739, 0.06525626726806838, 0.9063603520146358, 0.5522456730351012, 0.5825390449728567, 0.9308282637768487, 0.5001065092898633, 0.8172112048178335, 0.9039264811938429, 0.06359579675603519, 0.9036304708355557, 0.9091058522297879, 0.044846311456266205, 0.9210744205519282, 0.9171102096798303, 0.9099401703866238, 0.912566773145162]
Iteration 27: [0.5653858561875693, 0.9191738506236473, 0.5325818660968756, 0.895793194783338, 0.06525626726806838, 0.9063603520146358, 0.5522456730351012, 0.5825390449728567, 0.9308282637768487, 0.5001065092898633, 0.8172112048178335, 0.9039264811938429, 0.06359579675603519, 0.9036304708355557, 0.9091058522297879, 0.044846311456266205, 0.9210744205519282, 0.9171102096798303, 0.9099401703866238, 0.912566773145162]
Iteration 28: [0.5653858561875693, 0.9191738506236473, 0.5325818660968756, 0.895793194783338, 0.06525626726806838, 0.9063603520146358, 0.5522456730351012, 0.5825390449728567, 0.9308282637768487, 0.5001065092898633, 0.8172112048178335, 0.9039264811938429, 0.06359579675603519, 0.9036304708355557, 0.9091058522297879, 0.044846311456266205, 0.9082381019202398, 0.9171102096798303, 0.9099401703866238, 0.912566773145162]
Iteration 29: [0.5653858561875693, 0.9191738506236473, 0.5325818660968756, 0.895793194783338, 0.06525626726806838, 0.9063603520146358, 0.5522456730351012, 0.5825390449728567, 0.9308282637768487, 0.5001065092898633, 0.8172112048178335, 0.9039264811938429, 0.06536057514659362, 0.9036304708355557, 0.9091058522297879, 0.044846311456266205, 0.9082381019202398, 0.9171102096798303, 0.9099401703866238, 0.912566773145162]
Iteration 30: [0.5653858561875693, 0.9191738506236473, 0.5325818660968756, 0.895793194783338, 0.06525626726806838, 0.9063603520146358, 0.5522456730351012, 0.5825390449728567, 0.9308282637768487, 0.5001065092898633, 0.8172112048178335, 0.9039264811938429, 0.06536057514659362, 0.9036304708355557, 0.9091058522297879, 0.044846311456266205, 0.9082381019202398, 0.9171102096798303, 0.9099401703866238, 0.912566773145162]
Iteration 31: [0.5653858561875693, 0.9191738506236473, 0.5325818660968756, 0.895793194783338, 0.06525626726806838, 0.9063603520146358, 0.9215155672412402, 0.5825390449728567, 0.9308282637768487, 0.5001065092898633, 0.8172112048178335, 0.9039264811938429, 0.06536057514659362, 0.9036304708355557, 0.9091058522297879, 0.044846311456266205, 0.9082381019202398, 0.9171102096798303, 0.9099401703866238, 0.912566773145162]
Iteration 32: [0.5653858561875693, 0.9191738506236473, 0.5325818660968756, 0.895793194783338, 0.06525626726806838, 0.9063603520146358, 0.9215155672412402, 0.5825390449728567, 0.9308282637768487, 0.5001065092898633, 0.8172112048178335, 0.9039264811938429, 0.06536057514659362, 0.9036304708355557, 0.9091058522297879, 0.044846311456266205, 0.9082381019202398, 0.9171102096798303, 0.9099401703866238, 0.912566773145162]
Iteration 33: [0.5653858561875693, 0.9191738506236473, 0.5325818660968756, 0.895793194783338, 0.06525626726806838, 0.9063603520146358, 0.9215155672412402, 0.5825390449728567, 0.9308282637768487, 0.5001065092898633, 0.8172112048178335, 0.9039264811938429, 0.06536057514659362, 0.9036304708355557, 0.9091058522297879, 0.044846311456266205, 0.9082381019202398, 0.9171102096798303, 0.9099401703866238, 0.912566773145162]
Iteration 34: [0.5653858561875693, 0.9191738506236473, 0.5325818660968756, 0.895793194783338, 0.06525626726806838, 0.9063603520146358, 0.9215155672412402, 0.5825390449728567, 0.9308282637768487, 0.5001065092898633, 0.8172112048178335, 0.9039264811938429, 0.06536057514659362, 0.9036304708355557, 0.9091058522297879, 0.044846311456266205, 0.9082381019202398, 0.9171102096798303, 0.9099401703866238, 0.912566773145162]
Iteration 35: [0.5653858561875693, 0.9191738506236473, 0.5325818660968756, 0.895793194783338, 0.06525626726806838, 0.9063603520146358, 0.9215155672412402, 0.5825390449728567, 0.9308282637768487, 0.5001065092898633, 0.8172112048178335, 0.9084082102398136, 0.06536057514659362, 0.9036304708355557, 0.9091058522297879, 0.044846311456266205, 0.9082381019202398, 0.9171102096798303, 0.9099401703866238, 0.912566773145162]
Iteration 36: [0.5653858561875693, 0.09763801704620217, 0.5325818660968756, 0.895793194783338, 0.06525626726806838, 0.9063603520146358, 0.9215155672412402, 0.5825390449728567, 0.9308282637768487, 0.5001065092898633, 0.8172112048178335, 0.9084082102398136, 0.06536057514659362, 0.9036304708355557, 0.9091058522297879, 0.044846311456266205, 0.9082381019202398, 0.9171102096798303, 0.9203609893769116, 0.912566773145162]
Iteration 37: [0.5653858561875693, 0.09763801704620217, 0.5325818660968756, 0.895793194783338, 0.06525626726806838, 0.9063603520146358, 0.9215155672412402, 0.5825390449728567, 0.9308282637768487, 0.5001065092898633, 0.8172112048178335, 0.9084082102398136, 0.06536057514659362, 0.9036304708355557, 0.9091058522297879, 0.044846311456266205, 0.9082381019202398, 0.9171102096798303, 0.9203609893769116, 0.912566773145162]
Iteration 38: [0.5653858561875693, 0.09763801704620217, 0.5325818660968756, 0.895793194783338, 0.06525626726806838, 0.9063603520146358, 0.9215155672412402, 0.5825390449728567, 0.9308282637768487, 0.5001065092898633, 0.8172112048178335, 0.9084082102398136, 0.06536057514659362, 0.9036304708355557, 0.9091058522297879, 0.044846311456266205, 0.9082381019202398, 0.9171102096798303, 0.9203609893769116, 0.912566773145162]
Iteration 39: [0.5653858561875693, 0.09763801704620217, 0.5325818660968756, 0.895793194783338, 0.06525626726806838, 0.9063603520146358, 0.9215155672412402, 0.5825390449728567, 0.9308282637768487, 0.5001065092898633, 0.8172112048178335, 0.9084082102398136, 0.06536057514659362, 0.9036304708355557, 0.9091058522297879, 0.044846311456266205, 0.9082381019202398, 0.9171102096798303, 0.9203609893769116, 0.912566773145162]
Iteration 40: [0.5653858561875693, 0.09763801704620217, 0.5325818660968756, 0.895793194783338, 0.06525626726806838, 0.9063603520146358, 0.9215155672412402, 0.5825390449728567, 0.9308282637768487, 0.5001065092898633, 0.8172112048178335, 0.9084082102398136, 0.06536057514659362, 0.9036304708355557, 0.9091058522297879, 0.044846311456266205, 0.9082381019202398, 0.9171102096798303, 0.9203609893769116, 0.912566773145162]
Iteration 41: [0.5653858561875693, 0.09763801704620217, 0.5325818660968756, 0.895793194783338, 0.06525626726806838, 0.9063603520146358, 0.9215155672412402, 0.5825390449728567, 0.9308282637768487, 0.5001065092898633, 0.8172112048178335, 0.9084082102398136, 0.06536057514659362, 0.9036304708355557, 0.9091058522297879, 0.044846311456266205, 0.9082381019202398, 0.9171102096798303, 0.9203609893769116, 0.912566773145162]
Iteration 42: [0.5653858561875693, 0.09763801704620217, 0.5325818660968756, 0.895793194783338, 0.06525626726806838, 0.9063603520146358, 0.9363847021361258, 0.5825390449728567, 0.9308282637768487, 0.5001065092898633, 0.8172112048178335, 0.9084082102398136, 0.06536057514659362, 0.9036304708355557, 0.9091058522297879, 0.044846311456266205, 0.9082381019202398, 0.9171102096798303, 0.9203609893769116, 0.912566773145162]
Iteration 43: [0.5653858561875693, 0.09763801704620217, 0.5325818660968756, 0.895793194783338, 0.06525626726806838, 0.9063603520146358, 0.9363847021361258, 0.5825390449728567, 0.9308282637768487, 0.5001065092898633, 0.8172112048178335, 0.9084082102398136, 0.06536057514659362, 0.9036304708355557, 0.9283328522973702, 0.044846311456266205, 0.9082381019202398, 0.9171102096798303, 0.9203609893769116, 0.912566773145162]
Iteration 44: [0.5653858561875693, 0.09763801704620217, 0.834923889048211, 0.895793194783338, 0.06525626726806838, 0.9063603520146358, 0.9363847021361258, 0.5825390449728567, 0.9308282637768487, 0.5001065092898633, 0.8172112048178335, 0.9084082102398136, 0.06536057514659362, 0.9036304708355557, 0.9283328522973702, 0.044846311456266205, 0.9082381019202398, 0.9171102096798303, 0.9203609893769116, 0.912566773145162]
Iteration 45: [0.5653858561875693, 0.09763801704620217, 0.834923889048211, 0.895793194783338, 0.06525626726806838, 0.9063603520146358, 0.9363847021361258, 0.5825390449728567, 0.9308282637768487, 0.5001065092898633, 0.8172112048178335, 0.9084082102398136, 0.06536057514659362, 0.9036304708355557, 0.9283328522973702, 0.044846311456266205, 0.9082381019202398, 0.9171102096798303, 0.9203609893769116, 0.912566773145162]
Iteration 46: [0.5653858561875693, 0.09763801704620217, 0.834923889048211, 0.895793194783338, 0.06525626726806838, 0.9063603520146358, 0.9363847021361258, 0.5825390449728567, 0.9308282637768487, 0.5001065092898633, 0.8172112048178335, 0.9084082102398136, 0.06536057514659362, 0.9036304708355557, 0.9283328522973702, 0.044846311456266205, 0.9082381019202398, 0.9171102096798303, 0.9203609893769116, 0.912566773145162]
Iteration 47: [0.5653858561875693, 0.09763801704620217, 0.834923889048211, 0.895793194783338, 0.06525626726806838, 0.9063603520146358, 0.9363847021361258, 0.5825390449728567, 0.9308282637768487, 0.5001065092898633, 0.8172112048178335, 0.9084082102398136, 0.06536057514659362, 0.9036304708355557, 0.9283328522973702, 0.044846311456266205, 0.9082381019202398, 0.9171102096798303, 0.9203609893769116, 0.912566773145162]
Iteration 48: [0.5653858561875693, 0.09763801704620217, 0.834923889048211, 0.895793194783338, 0.06525626726806838, 0.9063603520146358, 0.9363847021361258, 0.5825390449728567, 0.9308282637768487, 0.5001065092898633, 0.8172112048178335, 0.9084082102398136, 0.06536057514659362, 0.9036304708355557, 0.9283328522973702, 0.044846311456266205, 0.9082381019202398, 0.9171102096798303, 0.9203609893769116, 0.912566773145162]
Iteration 49: [0.5653858561875693, 0.09763801704620217, 0.834923889048211, 0.895793194783338, 0.06525626726806838, 0.9063603520146358, 0.9363847021361258, 0.5825390449728567, 0.9308282637768487, 0.5001065092898633, 0.8172112048178335, 0.9084082102398136, 0.06536057514659362, 0.9036304708355557, 0.9283328522973702, 0.044846311456266205, 0.9082381019202398, 0.9171102096798303, 0.9203609893769116, 0.912566773145162]
Iteration 50: [0.5653858561875693, 0.09763801704620217, 0.834923889048211, 0.895793194783338, 0.06525626726806838, 0.9063603520146358, 0.9363847021361258, 0.5759018557635881, 0.9308282637768487, 0.5001065092898633, 0.8172112048178335, 0.9084082102398136, 0.06536057514659362, 0.9036304708355557, 0.9283328522973702, 0.044846311456266205, 0.9082381019202398, 0.9171102096798303, 0.9203609893769116, 0.912566773145162]
Iteration 51: [0.5653858561875693, 0.09763801704620217, 0.834923889048211, 0.895793194783338, 0.06525626726806838, 0.9063603520146358, 0.9363847021361258, 0.5759018557635881, 0.9308282637768487, 0.5001065092898633, 0.8172112048178335, 0.9084082102398136, 0.06536057514659362, 0.9036304708355557, 0.9283328522973702, 0.044846311456266205, 0.9082381019202398, 0.9171102096798303, 0.9203609893769116, 0.912566773145162]
Iteration 52: [0.5653858561875693, 0.09763801704620217, 0.834923889048211, 0.895793194783338, 0.06525626726806838, 0.9071337642864257, 0.9363847021361258, 0.5759018557635881, 0.9308282637768487, 0.5001065092898633, 0.8172112048178335, 0.9084082102398136, 0.06536057514659362, 0.9036304708355557, 0.9283328522973702, 0.044846311456266205, 0.9082381019202398, 0.9171102096798303, 0.9203609893769116, 0.912566773145162]
Iteration 53: [0.5653858561875693, 0.09763801704620217, 0.834923889048211, 0.895793194783338, 0.06525626726806838, 0.9071337642864257, 0.9363847021361258, 0.5759018557635881, 0.9291111999785477, 0.5001065092898633, 0.8172112048178335, 0.9084082102398136, 0.06536057514659362, 0.9036304708355557, 0.9283328522973702, 0.044846311456266205, 0.9082381019202398, 0.9171102096798303, 0.9203609893769116, 0.912566773145162]
Iteration 54: [0.5653858561875693, 0.09763801704620217, 0.834923889048211, 0.895793194783338, 0.06525626726806838, 0.9071337642864257, 0.9363847021361258, 0.5759018557635881, 0.9291111999785477, 0.5001065092898633, 0.8172112048178335, 0.9084082102398136, 0.06536057514659362, 0.9036304708355557, 0.9283328522973702, 0.044846311456266205, 0.9082381019202398, 0.9171102096798303, 0.9203609893769116, 0.912566773145162]
Iteration 55: [0.5653858561875693, 0.09763801704620217, 0.9360917586937083, 0.895793194783338, 0.06525626726806838, 0.9071337642864257, 0.9363847021361258, 0.5759018557635881, 0.9291111999785477, 0.5001065092898633, 0.8172112048178335, 0.9084082102398136, 0.06536057514659362, 0.9036304708355557, 0.9283328522973702, 0.044846311456266205, 0.9082381019202398, 0.9171102096798303, 0.9203609893769116, 0.912566773145162]
Iteration 56: [0.5653858561875693, 0.09763801704620217, 0.9360917586937083, 0.895793194783338, 0.06525626726806838, 0.9071337642864257, 0.9363847021361258, 0.5759018557635881, 0.9291111999785477, 0.5001065092898633, 0.8172112048178335, 0.9150270976114914, 0.06536057514659362, 0.9036304708355557, 0.9283328522973702, 0.044846311456266205, 0.9082381019202398, 0.9171102096798303, 0.9203609893769116, 0.912566773145162]
Iteration 57: [0.9391854094022875, 0.09763801704620217, 0.9360917586937083, 0.895793194783338, 0.06525626726806838, 0.9071337642864257, 0.9363847021361258, 0.5759018557635881, 0.9291111999785477, 0.5001065092898633, 0.8172112048178335, 0.9150270976114914, 0.06536057514659362, 0.9036304708355557, 0.9283328522973702, 0.044846311456266205, 0.9082381019202398, 0.9171102096798303, 0.9203609893769116, 0.912566773145162]
Iteration 58: [0.9391854094022875, 0.09763801704620217, 0.9360917586937083, 0.895793194783338, 0.06525626726806838, 0.9071337642864257, 0.9363847021361258, 0.5759018557635881, 0.9291111999785477, 0.5001065092898633, 0.8172112048178335, 0.9150270976114914, 0.06536057514659362, 0.9036304708355557, 0.9283328522973702, 0.044846311456266205, 0.9082381019202398, 0.9171102096798303, 0.9203609893769116, 0.912566773145162]
Iteration 59: [0.9391854094022875, 0.09763801704620217, 0.9360917586937083, 0.895793194783338, 0.06525626726806838, 0.9071337642864257, 0.9363847021361258, 0.5759018557635881, 0.9291111999785477, 0.5001065092898633, 0.8172112048178335, 0.9150270976114914, 0.06536057514659362, 0.9036304708355557, 0.9283328522973702, 0.044846311456266205, 0.9082381019202398, 0.9171102096798303, 0.9203609893769116, 0.912566773145162]
Iteration 60: [0.9391854094022875, 0.09763801704620217, 0.9360917586937083, 0.895793194783338, 0.06525626726806838, 0.9071337642864257, 0.9363847021361258, 0.5759018557635881, 0.9291111999785477, 0.5001065092898633, 0.8172112048178335, 0.9150270976114914, 0.06536057514659362, 0.9036304708355557, 0.9283328522973702, 0.044846311456266205, 0.9082381019202398, 0.9171102096798303, 0.9203609893769116, 0.912566773145162]
Iteration 61: [0.9391854094022875, 0.09763801704620217, 0.9360917586937083, 0.895793194783338, 0.06525626726806838, 0.9071337642864257, 0.9363847021361258, 0.5759018557635881, 0.9291111999785477, 0.5001065092898633, 0.8172112048178335, 0.9150270976114914, 0.06536057514659362, 0.9036304708355557, 0.9283328522973702, 0.044846311456266205, 0.9104632267555237, 0.9171102096798303, 0.9203609893769116, 0.912566773145162]
Iteration 62: [0.9391854094022875, 0.09763801704620217, 0.9360917586937083, 0.895793194783338, 0.06525626726806838, 0.9071337642864257, 0.9363847021361258, 0.5759018557635881, 0.9291111999785477, 0.5001065092898633, 0.8172112048178335, 0.9150270976114914, 0.06536057514659362, 0.9036304708355557, 0.9283328522973702, 0.044846311456266205, 0.9104632267555237, 0.9171102096798303, 0.9203609893769116, 0.912566773145162]
Iteration 63: [0.9391854094022875, 0.09763801704620217, 0.9360917586937083, 0.895793194783338, 0.06525626726806838, 0.9071337642864257, 0.9363847021361258, 0.5759018557635881, 0.9291111999785477, 0.5001065092898633, 0.8172112048178335, 0.9150270976114914, 0.06536057514659362, 0.9036304708355557, 0.9283328522973702, 0.044846311456266205, 0.9104632267555237, 0.9171102096798303, 0.9203609893769116, 0.912566773145162]
Iteration 64: [0.9391854094022875, 0.09763801704620217, 0.9360917586937083, 0.895793194783338, 0.06525626726806838, 0.9071337642864257, 0.9363847021361258, 0.5759018557635881, 0.9291111999785477, 0.5001065092898633, 0.8172112048178335, 0.9150270976114914, 0.06536057514659362, 0.9036304708355557, 0.9283328522973702, 0.044846311456266205, 0.9104632267555237, 0.9171102096798303, 0.9203609893769116, 0.912566773145162]
Iteration 65: [0.9391854094022875, 0.09763801704620217, 0.9360917586937083, 0.895793194783338, 0.06525626726806838, 0.9071337642864257, 0.9363847021361258, 0.5759018557635881, 0.9291111999785477, 0.5001065092898633, 0.8172112048178335, 0.9150270976114914, 0.06536057514659362, 0.9036304708355557, 0.9283328522973702, 0.044846311456266205, 0.9104632267555237, 0.9171102096798303, 0.9203609893769116, 0.912566773145162]
Iteration 66: [0.9391854094022875, 0.09763801704620217, 0.9360917586937083, 0.895793194783338, 0.06525626726806838, 0.9071337642864257, 0.9363847021361258, 0.5759018557635881, 0.9291111999785477, 0.5001065092898633, 0.8172112048178335, 0.9150270976114914, 0.06536057514659362, 0.9036304708355557, 0.9283328522973702, 0.044846311456266205, 0.9104632267555237, 0.9171102096798303, 0.9203609893769116, 0.912566773145162]
Iteration 67: [0.9391854094022875, 0.09763801704620217, 0.9360917586937083, 0.895793194783338, 0.06525626726806838, 0.9071337642864257, 0.9363847021361258, 0.5759018557635881, 0.9291111999785477, 0.5001065092898633, 0.8172112048178335, 0.9150270976114914, 0.06536057514659362, 0.9036304708355557, 0.9283328522973702, 0.044846311456266205, 0.9104632267555237, 0.9171102096798303, 0.9203609893769116, 0.912566773145162]
Iteration 68: [0.9391854094022875, 0.09763801704620217, 0.9360917586937083, 0.895793194783338, 0.06525626726806838, 0.9071337642864257, 0.9363847021361258, 0.5759018557635881, 0.9291111999785477, 0.5674325868616428, 0.8172112048178335, 0.9150270976114914, 0.06536057514659362, 0.9036304708355557, 0.9283328522973702, 0.044846311456266205, 0.9104632267555237, 0.9171102096798303, 0.9203609893769116, 0.912566773145162]
Iteration 69: [0.9391854094022875, 0.09763801704620217, 0.9360917586937083, 0.895793194783338, 0.06525626726806838, 0.9071337642864257, 0.9363847021361258, 0.5759018557635881, 0.9291111999785477, 0.5674325868616428, 0.8172112048178335, 0.9150270976114914, 0.06536057514659362, 0.9036304708355557, 0.9283328522973702, 0.044846311456266205, 0.9104632267555237, 0.48806424039209084, 0.9203609893769116, 0.912566773145162]
Iteration 70: [0.9391854094022875, 0.09763801704620217, 0.9360917586937083, 0.895793194783338, 0.06525626726806838, 0.9071337642864257, 0.9363847021361258, 0.5759018557635881, 0.9291111999785477, 0.5674325868616428, 0.8172112048178335, 0.9150270976114914, 0.06536057514659362, 0.9036304708355557, 0.9283328522973702, 0.040846138925740856, 0.9104632267555237, 0.48806424039209084, 0.9203609893769116, 0.912566773145162]
Iteration 71: [0.9391854094022875, 0.09763801704620217, 0.9360917586937083, 0.895793194783338, 0.06525626726806838, 0.9071337642864257, 0.9363847021361258, 0.5759018557635881, 0.9291111999785477, 0.9088642185221354, 0.8172112048178335, 0.9150270976114914, 0.06536057514659362, 0.9036304708355557, 0.9283328522973702, 0.040846138925740856, 0.9104632267555237, 0.48806424039209084, 0.9203609893769116, 0.912566773145162]
Iteration 72: [0.9391854094022875, 0.09763801704620217, 0.9360917586937083, 0.895793194783338, 0.06525626726806838, 0.9071337642864257, 0.9363847021361258, 0.5759018557635881, 0.9291111999785477, 0.9088642185221354, 0.8172112048178335, 0.9150270976114914, 0.06536057514659362, 0.9036304708355557, 0.9283328522973702, 0.040846138925740856, 0.937142141290307, 0.48806424039209084, 0.9203609893769116, 0.912566773145162]
Iteration 73: [0.9391854094022875, 0.09763801704620217, 0.9360917586937083, 0.895793194783338, 0.06525626726806838, 0.9071337642864257, 0.9363847021361258, 0.5759018557635881, 0.9291111999785477, 0.9088642185221354, 0.8172112048178335, 0.9150270976114914, 0.06536057514659362, 0.9036304708355557, 0.9283328522973702, 0.040846138925740856, 0.937142141290307, 0.46865560701760983, 0.9203609893769116, 0.912566773145162]
Iteration 74: [0.9391854094022875, 0.09763801704620217, 0.9360917586937083, 0.895793194783338, 0.06525626726806838, 0.9071337642864257, 0.9363847021361258, 0.5759018557635881, 0.9291111999785477, 0.9088642185221354, 0.8172112048178335, 0.9150270976114914, 0.06536057514659362, 0.9036304708355557, 0.9283328522973702, 0.040846138925740856, 0.937142141290307, 0.46865560701760983, 0.9203609893769116, 0.912566773145162]
Iteration 75: [0.9391854094022875, 0.09763801704620217, 0.9360917586937083, 0.895793194783338, 0.06525626726806838, 0.9071337642864257, 0.9363847021361258, 0.5759018557635881, 0.9291111999785477, 0.9088642185221354, 0.8172112048178335, 0.9150270976114914, 0.06536057514659362, 0.9036304708355557, 0.9283328522973702, 0.040846138925740856, 0.937142141290307, 0.46865560701760983, 0.9203609893769116, 0.912566773145162]
Iteration 76: [0.9391854094022875, 0.09763801704620217, 0.9360917586937083, 0.906858966921495, 0.06525626726806838, 0.9071337642864257, 0.9363847021361258, 0.5759018557635881, 0.9291111999785477, 0.9088642185221354, 0.8172112048178335, 0.9150270976114914, 0.06536057514659362, 0.9036304708355557, 0.9283328522973702, 0.040846138925740856, 0.937142141290307, 0.46865560701760983, 0.9203609893769116, 0.912566773145162]
Iteration 77: [0.9391854094022875, 0.09763801704620217, 0.9360917586937083, 0.906858966921495, 0.06525626726806838, 0.9071337642864257, 0.9363847021361258, 0.5759018557635881, 0.9291111999785477, 0.9088642185221354, 0.48701257004635484, 0.9150270976114914, 0.06536057514659362, 0.9036304708355557, 0.9283328522973702, 0.040846138925740856, 0.937142141290307, 0.46865560701760983, 0.9203609893769116, 0.912566773145162]
Iteration 78: [0.9391854094022875, 0.09763801704620217, 0.9360917586937083, 0.906858966921495, 0.06525626726806838, 0.9071337642864257, 0.9363847021361258, 0.5759018557635881, 0.9291111999785477, 0.9088642185221354, 0.48701257004635484, 0.9150270976114914, 0.06536057514659362, 0.47350565957723006, 0.9283328522973702, 0.040846138925740856, 0.937142141290307, 0.46865560701760983, 0.9203609893769116, 0.912566773145162]
Iteration 79: [0.9391854094022875, 0.09763801704620217, 0.9360917586937083, 0.906858966921495, 0.06525626726806838, 0.9071337642864257, 0.9363847021361258, 0.5759018557635881, 0.9291111999785477, 0.9088642185221354, 0.48701257004635484, 0.9150270976114914, 0.06536057514659362, 0.47350565957723006, 0.9283328522973702, 0.040846138925740856, 0.937142141290307, 0.46865560701760983, 0.9203609893769116, 0.912566773145162]
Iteration 80: [0.9391854094022875, 0.09763801704620217, 0.9360917586937083, 0.906858966921495, 0.06525626726806838, 0.9071337642864257, 0.9363847021361258, 0.5759018557635881, 0.9291111999785477, 0.9088642185221354, 0.48701257004635484, 0.9150270976114914, 0.06536057514659362, 0.47350565957723006, 0.9283328522973702, 0.040846138925740856, 0.937142141290307, 0.46865560701760983, 0.9203609893769116, 0.912566773145162]
Iteration 81: [0.9391854094022875, 0.09763801704620217, 0.9360917586937083, 0.906858966921495, 0.06525626726806838, 0.9071337642864257, 0.9363847021361258, 0.5759018557635881, 0.9291111999785477, 0.9088642185221354, 0.48701257004635484, 0.9150270976114914, 0.06536057514659362, 0.47350565957723006, 0.9283328522973702, 0.046745139358902094, 0.937142141290307, 0.46865560701760983, 0.9203609893769116, 0.912566773145162]
Iteration 82: [0.9391854094022875, 0.09763801704620217, 0.9360917586937083, 0.906858966921495, 0.06525626726806838, 0.9071337642864257, 0.9363847021361258, 0.5759018557635881, 0.9291111999785477, 0.9088642185221354, 0.48701257004635484, 0.9150270976114914, 0.06536057514659362, 0.47350565957723006, 0.9283328522973702, 0.046745139358902094, 0.937142141290307, 0.46865560701760983, 0.9203609893769116, 0.912566773145162]
Iteration 83: [0.9391854094022875, 0.09763801704620217, 0.9360917586937083, 0.906858966921495, 0.06525626726806838, 0.9071337642864257, 0.9363847021361258, 0.5759018557635881, 0.9291111999785477, 0.9088642185221354, 0.48701257004635484, 0.9150270976114914, 0.06536057514659362, 0.47350565957723006, 0.9283328522973702, 0.046745139358902094, 0.937142141290307, 0.46865560701760983, 0.9203609893769116, 0.912566773145162]
Iteration 84: [0.9391854094022875, 0.09763801704620217, 0.9360917586937083, 0.906858966921495, 0.06525626726806838, 0.9071337642864257, 0.9363847021361258, 0.5759018557635881, 0.9291111999785477, 0.9088642185221354, 0.48701257004635484, 0.9150270976114914, 0.06536057514659362, 0.47350565957723006, 0.9283328522973702, 0.046745139358902094, 0.937142141290307, 0.46865560701760983, 0.9203609893769116, 0.912566773145162]
Iteration 85: [0.9391854094022875, 0.09763801704620217, 0.9360917586937083, 0.906858966921495, 0.06525626726806838, 0.9071337642864257, 0.9363847021361258, 0.5759018557635881, 0.9291111999785477, 0.9088642185221354, 0.48701257004635484, 0.9150270976114914, 0.06536057514659362, 0.47350565957723006, 0.47404117250430783, 0.046745139358902094, 0.937142141290307, 0.46865560701760983, 0.9203609893769116, 0.912566773145162]
Iteration 86: [0.9391854094022875, 0.09763801704620217, 0.9360917586937083, 0.906858966921495, 0.06525626726806838, 0.9071337642864257, 0.9363847021361258, 0.5759018557635881, 0.9291111999785477, 0.9088642185221354, 0.48701257004635484, 0.9150270976114914, 0.07308558937931785, 0.47350565957723006, 0.47404117250430783, 0.046745139358902094, 0.937142141290307, 0.46865560701760983, 0.9203609893769116, 0.912566773145162]
Iteration 87: [0.9391854094022875, 0.09763801704620217, 0.9360917586937083, 0.906858966921495, 0.06525626726806838, 0.9071337642864257, 0.9363847021361258, 0.5759018557635881, 0.9291111999785477, 0.9088642185221354, 0.48701257004635484, 0.9150270976114914, 0.07308558937931785, 0.47350565957723006, 0.47404117250430783, 0.046745139358902094, 0.937142141290307, 0.46865560701760983, 0.9203609893769116, 0.912566773145162]
Iteration 88: [0.9391854094022875, 0.09763801704620217, 0.9360917586937083, 0.906858966921495, 0.06525626726806838, 0.9071337642864257, 0.9363847021361258, 0.5759018557635881, 0.9291111999785477, 0.9088642185221354, 0.48701257004635484, 0.9150270976114914, 0.07308558937931785, 0.47350565957723006, 0.47404117250430783, 0.046745139358902094, 0.937142141290307, 0.46865560701760983, 0.9203609893769116, 0.912566773145162]
Iteration 89: [0.9391854094022875, 0.09763801704620217, 0.9360917586937083, 0.906858966921495, 0.06525626726806838, 0.9071337642864257, 0.9363847021361258, 0.5759018557635881, 0.9291111999785477, 0.9088642185221354, 0.48701257004635484, 0.9150270976114914, 0.07308558937931785, 0.47350565957723006, 0.47404117250430783, 0.046745139358902094, 0.937142141290307, 0.46865560701760983, 0.9203609893769116, 0.912566773145162]
Iteration 90: [0.9391854094022875, 0.09763801704620217, 0.9360917586937083, 0.906858966921495, 0.06525626726806838, 0.9071337642864257, 0.9363847021361258, 0.5759018557635881, 0.9291111999785477, 0.9088642185221354, 0.4800632253916788, 0.9150270976114914, 0.07729226222684583, 0.47350565957723006, 0.47404117250430783, 0.046745139358902094, 0.937142141290307, 0.46865560701760983, 0.9203609893769116, 0.912566773145162]
Iteration 91: [0.9391854094022875, 0.09763801704620217, 0.9360917586937083, 0.906858966921495, 0.06525626726806838, 0.9071337642864257, 0.9363847021361258, 0.5759018557635881, 0.9291111999785477, 0.9088642185221354, 0.4800632253916788, 0.9150270976114914, 0.07729226222684583, 0.47350565957723006, 0.47404117250430783, 0.046745139358902094, 0.937142141290307, 0.46865560701760983, 0.9203609893769116, 0.912566773145162]
Iteration 92: [0.9391854094022875, 0.09763801704620217, 0.9360917586937083, 0.906858966921495, 0.06525626726806838, 0.9071337642864257, 0.9363847021361258, 0.5759018557635881, 0.9291111999785477, 0.9088642185221354, 0.4800632253916788, 0.9150270976114914, 0.07729226222684583, 0.47350565957723006, 0.47404117250430783, 0.046745139358902094, 0.937142141290307, 0.46865560701760983, 0.9203609893769116, 0.912566773145162]
Iteration 93: [0.9391854094022875, 0.09763801704620217, 0.9360917586937083, 0.906858966921495, 0.06525626726806838, 0.9071337642864257, 0.9363847021361258, 0.5759018557635881, 0.9291111999785477, 0.9140866832915251, 0.4800632253916788, 0.9150270976114914, 0.07729226222684583, 0.47350565957723006, 0.47404117250430783, 0.046745139358902094, 0.937142141290307, 0.46865560701760983, 0.9203609893769116, 0.912566773145162]
Iteration 94: [0.9391854094022875, 0.09763801704620217, 0.9360917586937083, 0.906858966921495, 0.06525626726806838, 0.9071337642864257, 0.9363847021361258, 0.5759018557635881, 0.9291111999785477, 0.9140866832915251, 0.4800632253916788, 0.9150270976114914, 0.07729226222684583, 0.47350565957723006, 0.47404117250430783, 0.046745139358902094, 0.937142141290307, 0.46865560701760983, 0.9203609893769116, 0.912566773145162]
Iteration 95: [0.9391854094022875, 0.09763801704620217, 0.9360917586937083, 0.49172575358207754, 0.06525626726806838, 0.9071337642864257, 0.9363847021361258, 0.5759018557635881, 0.9291111999785477, 0.9140866832915251, 0.4800632253916788, 0.9150270976114914, 0.07729226222684583, 0.47350565957723006, 0.47404117250430783, 0.046745139358902094, 0.937142141290307, 0.46865560701760983, 0.9203609893769116, 0.912566773145162]
Iteration 96: [0.9391854094022875, 0.09763801704620217, 0.9360917586937083, 0.4913215658247088, 0.06525626726806838, 0.9071337642864257, 0.9363847021361258, 0.5759018557635881, 0.9291111999785477, 0.9140866832915251, 0.4800632253916788, 0.9150270976114914, 0.07754303876949944, 0.47350565957723006, 0.47404117250430783, 0.046745139358902094, 0.937142141290307, 0.46865560701760983, 0.9203609893769116, 0.912566773145162]
Iteration 97: [0.9391854094022875, 0.09763801704620217, 0.9360917586937083, 0.4913215658247088, 0.06525626726806838, 0.9071337642864257, 0.9363847021361258, 0.5759018557635881, 0.9291111999785477, 0.9140866832915251, 0.4800632253916788, 0.9150270976114914, 0.07754303876949944, 0.47350565957723006, 0.47404117250430783, 0.046745139358902094, 0.937142141290307, 0.46865560701760983, 0.9203609893769116, 0.912566773145162]
Iteration 98: [0.9391854094022875, 0.09763801704620217, 0.4315588665002498, 0.4913215658247088, 0.06525626726806838, 0.9071337642864257, 0.9363847021361258, 0.5759018557635881, 0.9291111999785477, 0.9140866832915251, 0.4800632253916788, 0.9150270976114914, 0.07754303876949944, 0.47350565957723006, 0.47404117250430783, 0.046745139358902094, 0.937142141290307, 0.46865560701760983, 0.9203609893769116, 0.912566773145162]
Iteration 99: [0.9391854094022875, 0.09763801704620217, 0.4315588665002498, 0.4913215658247088, 0.06525626726806838, 0.9071337642864257, 0.9363847021361258, 0.5759018557635881, 0.9291111999785477, 0.9140866832915251, 0.4800632253916788, 0.9150270976114914, 0.07754303876949944, 0.47350565957723006, 0.47404117250430783, 0.046745139358902094, 0.937142141290307, 0.46865560701760983, 0.9203609893769116, 0.912566773145162]
Iteration 100: [0.9391854094022875, 0.09763801704620217, 0.4315588665002498, 0.4913215658247088, 0.06525626726806838, 0.9071337642864257, 0.9363847021361258, 0.5759018557635881, 0.9291111999785477, 0.9140866832915251, 0.4800632253916788, 0.9150270976114914, 0.07754303876949944, 0.47350565957723006, 0.47404117250430783, 0.046745139358902094, 0.937142141290307, 0.46865560701760983, 0.9203609893769116, 0.912566773145162]
Iteration 101: [0.9391854094022875, 0.09763801704620217, 0.4315588665002498, 0.4913215658247088, 0.06525626726806838, 0.9071337642864257, 0.9363847021361258, 0.5759018557635881, 0.9291111999785477, 0.9140866832915251, 0.4800632253916788, 0.9150270976114914, 0.07754303876949944, 0.47350565957723006, 0.47404117250430783, 0.046745139358902094, 0.937142141290307, 0.46865560701760983, 0.9203609893769116, 0.912566773145162]
Iteration 102: [0.9391854094022875, 0.09763801704620217, 0.4315588665002498, 0.4913215658247088, 0.06525626726806838, 0.9071337642864257, 0.9363847021361258, 0.5759018557635881, 0.9291111999785477, 0.9140866832915251, 0.4800632253916788, 0.9150270976114914, 0.07754303876949944, 0.47350565957723006, 0.47404117250430783, 0.046745139358902094, 0.937142141290307, 0.46865560701760983, 0.9203609893769116, 0.912566773145162]
Iteration 103: [0.9391854094022875, 0.09763801704620217, 0.4315588665002498, 0.4913215658247088, 0.06525626726806838, 0.9071337642864257, 0.9363847021361258, 0.5759018557635881, 0.9291111999785477, 0.9140866832915251, 0.4800632253916788, 0.9150270976114914, 0.07754303876949944, 0.47350565957723006, 0.47404117250430783, 0.046745139358902094, 0.937142141290307, 0.46865560701760983, 0.9203609893769116, 0.912566773145162]
Iteration 104: [0.9391854094022875, 0.09763801704620217, 0.4315588665002498, 0.4913215658247088, 0.06525626726806838, 0.9071337642864257, 0.9363847021361258, 0.5759018557635881, 0.9291111999785477, 0.9140866832915251, 0.4800632253916788, 0.9150270976114914, 0.07754303876949944, 0.47350565957723006, 0.47404117250430783, 0.046745139358902094, 0.937142141290307, 0.4720058853997447, 0.9203609893769116, 0.912566773145162]
Iteration 105: [0.9391854094022875, 0.09763801704620217, 0.4315588665002498, 0.4913215658247088, 0.06525626726806838, 0.9071337642864257, 0.9363847021361258, 0.5759018557635881, 0.9291111999785477, 0.9140866832915251, 0.4800632253916788, 0.9150270976114914, 0.07754303876949944, 0.47350565957723006, 0.47404117250430783, 0.046745139358902094, 0.937142141290307, 0.4720058853997447, 0.9203609893769116, 0.912566773145162]
Iteration 106: [0.9391854094022875, 0.09763801704620217, 0.4315588665002498, 0.4913215658247088, 0.06525626726806838, 0.9071337642864257, 0.9363847021361258, 0.5759018557635881, 0.9291111999785477, 0.9140866832915251, 0.4800632253916788, 0.9150270976114914, 0.07754303876949944, 0.47350565957723006, 0.47404117250430783, 0.046745139358902094, 0.937142141290307, 0.4720058853997447, 0.9203609893769116, 0.912566773145162]
Iteration 107: [0.9391854094022875, 0.09763801704620217, 0.4315588665002498, 0.4913215658247088, 0.06525626726806838, 0.9071337642864257, 0.9363847021361258, 0.5759018557635881, 0.9291111999785477, 0.9140866832915251, 0.4800632253916788, 0.9150270976114914, 0.07754303876949944, 0.47350565957723006, 0.47404117250430783, 0.046745139358902094, 0.937142141290307, 0.4720058853997447, 0.9203609893769116, 0.912566773145162]
Iteration 108: [0.9391854094022875, 0.09763801704620217, 0.4315588665002498, 0.4913215658247088, 0.06525626726806838, 0.9071337642864257, 0.9363847021361258, 0.5759018557635881, 0.9291111999785477, 0.9140866832915251, 0.4800632253916788, 0.9150270976114914, 0.07754303876949944, 0.47350565957723006, 0.47404117250430783, 0.046745139358902094, 0.937142141290307, 0.4720058853997447, 0.9203609893769116, 0.912566773145162]
Iteration 109: [0.9391854094022875, 0.09763801704620217, 0.4315588665002498, 0.4913215658247088, 0.06525626726806838, 0.9071337642864257, 0.9363847021361258, 0.5759018557635881, 0.9291111999785477, 0.9140866832915251, 0.4800632253916788, 0.9150270976114914, 0.07754303876949944, 0.47350565957723006, 0.47404117250430783, 0.046745139358902094, 0.937142141290307, 0.4720058853997447, 0.9203609893769116, 0.912566773145162]
Iteration 110: [0.9391854094022875, 0.09763801704620217, 0.4315588665002498, 0.4913215658247088, 0.06525626726806838, 0.9071337642864257, 0.9363847021361258, 0.5759018557635881, 0.9291111999785477, 0.9140866832915251, 0.4800632253916788, 0.9150270976114914, 0.07754303876949944, 0.47350565957723006, 0.47404117250430783, 0.046745139358902094, 0.937142141290307, 0.4720058853997447, 0.9203609893769116, 0.912566773145162]
Iteration 111: [0.9391854094022875, 0.09763801704620217, 0.4315588665002498, 0.4913215658247088, 0.06525626726806838, 0.9071337642864257, 0.9363847021361258, 0.5759018557635881, 0.9291111999785477, 0.9140866832915251, 0.4800632253916788, 0.9150270976114914, 0.07754303876949944, 0.47350565957723006, 0.47404117250430783, 0.046745139358902094, 0.937142141290307, 0.4720058853997447, 0.9203609893769116, 0.912566773145162]
Iteration 112: [0.9391854094022875, 0.09763801704620217, 0.4315588665002498, 0.4913215658247088, 0.06525626726806838, 0.9071337642864257, 0.942708504052598, 0.5759018557635881, 0.9291111999785477, 0.9140866832915251, 0.4800632253916788, 0.9150270976114914, 0.07754303876949944, 0.47350565957723006, 0.47404117250430783, 0.046745139358902094, 0.937142141290307, 0.4720058853997447, 0.9203609893769116, 0.912566773145162]
Iteration 113: [0.9391854094022875, 0.09763801704620217, 0.4315588665002498, 0.4913215658247088, 0.06525626726806838, 0.9071337642864257, 0.942708504052598, 0.5759018557635881, 0.9291111999785477, 0.9140866832915251, 0.4800632253916788, 0.9150270976114914, 0.07754303876949944, 0.47350565957723006, 0.47404117250430783, 0.046745139358902094, 0.937142141290307, 0.4720058853997447, 0.9203609893769116, 0.912566773145162]
Iteration 114: [0.9391854094022875, 0.09763801704620217, 0.42670396490542234, 0.4913215658247088, 0.06525626726806838, 0.9071337642864257, 0.942708504052598, 0.5759018557635881, 0.9291111999785477, 0.9140866832915251, 0.4800632253916788, 0.9150270976114914, 0.07754303876949944, 0.47350565957723006, 0.47404117250430783, 0.046745139358902094, 0.937142141290307, 0.4720058853997447, 0.9203609893769116, 0.912566773145162]
Iteration 115: [0.9391854094022875, 0.09763801704620217, 0.42670396490542234, 0.4913215658247088, 0.06525626726806838, 0.9071337642864257, 0.942708504052598, 0.5759018557635881, 0.9291111999785477, 0.9140866832915251, 0.4800632253916788, 0.9150270976114914, 0.07754303876949944, 0.47350565957723006, 0.47404117250430783, 0.046745139358902094, 0.937142141290307, 0.4720058853997447, 0.9203609893769116, 0.912566773145162]
Iteration 116: [0.9391854094022875, 0.09763801704620217, 0.42670396490542234, 0.4913215658247088, 0.06525626726806838, 0.9071337642864257, 0.942708504052598, 0.5759018557635881, 0.9291111999785477, 0.9140866832915251, 0.4800632253916788, 0.9150270976114914, 0.07754303876949944, 0.47350565957723006, 0.47404117250430783, 0.046745139358902094, 0.937142141290307, 0.4720058853997447, 0.9203609893769116, 0.912566773145162]
Iteration 117: [0.9391854094022875, 0.09763801704620217, 0.42670396490542234, 0.4913215658247088, 0.06525626726806838, 0.9071337642864257, 0.942708504052598, 0.5759018557635881, 0.9291111999785477, 0.9140866832915251, 0.4800632253916788, 0.894134141820531, 0.07754303876949944, 0.47350565957723006, 0.47404117250430783, 0.046745139358902094, 0.937142141290307, 0.4720058853997447, 0.4889207581456064, 0.912566773145162]
Iteration 118: [0.9391854094022875, 0.09763801704620217, 0.42670396490542234, 0.4913215658247088, 0.06525626726806838, 0.9071337642864257, 0.942708504052598, 0.5759018557635881, 0.9291111999785477, 0.9140866832915251, 0.4800632253916788, 0.894134141820531, 0.07754303876949944, 0.47350565957723006, 0.47404117250430783, 0.046745139358902094, 0.937142141290307, 0.4720058853997447, 0.4889207581456064, 0.912566773145162]
Iteration 119: [0.9391854094022875, 0.09763801704620217, 0.42670396490542234, 0.4913215658247088, 0.06525626726806838, 0.9071337642864257, 0.942708504052598, 0.5759018557635881, 0.9291111999785477, 0.9140866832915251, 0.4800632253916788, 0.894134141820531, 0.07754303876949944, 0.47350565957723006, 0.47404117250430783, 0.046745139358902094, 0.937142141290307, 0.4720058853997447, 0.4889207581456064, 0.912566773145162]
Iteration 120: [0.9391854094022875, 0.09763801704620217, 0.42670396490542234, 0.4913215658247088, 0.06525626726806838, 0.9071337642864257, 0.942708504052598, 0.5759018557635881, 0.9291111999785477, 0.9140866832915251, 0.4800632253916788, 0.894134141820531, 0.07754303876949944, 0.47350565957723006, 0.47404117250430783, 0.046745139358902094, 0.937142141290307, 0.4720058853997447, 0.47987988641606877, 0.912566773145162]
Iteration 121: [0.9391854094022875, 0.09763801704620217, 0.42670396490542234, 0.4913215658247088, 0.06525626726806838, 0.9071337642864257, 0.942708504052598, 0.5759018557635881, 0.9291111999785477, 0.9140866832915251, 0.4800632253916788, 0.894134141820531, 0.07754303876949944, 0.47350565957723006, 0.47404117250430783, 0.046745139358902094, 0.937142141290307, 0.4720058853997447, 0.47987988641606877, 0.912566773145162]
Iteration 122: [0.9391854094022875, 0.09763801704620217, 0.42670396490542234, 0.4913215658247088, 0.06525626726806838, 0.9071337642864257, 0.942708504052598, 0.5759018557635881, 0.9291111999785477, 0.9140866832915251, 0.4800632253916788, 0.894134141820531, 0.07754303876949944, 0.47350565957723006, 0.47404117250430783, 0.046745139358902094, 0.937142141290307, 0.4720058853997447, 0.47987988641606877, 0.912566773145162]
Iteration 123: [0.9391854094022875, 0.09763801704620217, 0.42670396490542234, 0.4913215658247088, 0.06525626726806838, 0.9071337642864257, 0.942708504052598, 0.5759018557635881, 0.9291111999785477, 0.9140866832915251, 0.4800632253916788, 0.894134141820531, 0.07754303876949944, 0.47350565957723006, 0.47404117250430783, 0.046745139358902094, 0.937142141290307, 0.4720058853997447, 0.47987988641606877, 0.912566773145162]
Iteration 124: [0.9391854094022875, 0.09763801704620217, 0.42670396490542234, 0.4913215658247088, 0.06525626726806838, 0.9071337642864257, 0.942708504052598, 0.5759018557635881, 0.9291111999785477, 0.9140866832915251, 0.4800632253916788, 0.894134141820531, 0.07754303876949944, 0.47350565957723006, 0.47404117250430783, 0.046745139358902094, 0.937142141290307, 0.4720058853997447, 0.47987988641606877, 0.912566773145162]
Iteration 125: [0.9391854094022875, 0.9236799605621516, 0.42670396490542234, 0.4913215658247088, 0.06525626726806838, 0.9071337642864257, 0.942708504052598, 0.5759018557635881, 0.9291111999785477, 0.9140866832915251, 0.4800632253916788, 0.894134141820531, 0.07754303876949944, 0.47350565957723006, 0.47404117250430783, 0.046745139358902094, 0.937142141290307, 0.4720058853997447, 0.47987988641606877, 0.912566773145162]
Iteration 126: [0.9391854094022875, 0.9236799605621516, 0.42670396490542234, 0.4913215658247088, 0.06525626726806838, 0.9071337642864257, 0.942708504052598, 0.5759018557635881, 0.9291111999785477, 0.9140866832915251, 0.4800632253916788, 0.894134141820531, 0.07754303876949944, 0.47350565957723006, 0.47404117250430783, 0.046745139358902094, 0.937142141290307, 0.4720058853997447, 0.47987988641606877, 0.912566773145162]
Iteration 127: [0.9391854094022875, 0.9236799605621516, 0.42670396490542234, 0.4913215658247088, 0.06525626726806838, 0.9071337642864257, 0.942708504052598, 0.5759018557635881, 0.9291111999785477, 0.9140866832915251, 0.4800632253916788, 0.894134141820531, 0.07754303876949944, 0.47350565957723006, 0.47404117250430783, 0.046745139358902094, 0.9301309380645613, 0.4720058853997447, 0.47987988641606877, 0.912566773145162]
Iteration 128: [0.9391854094022875, 0.9236799605621516, 0.42670396490542234, 0.4913215658247088, 0.06525626726806838, 0.9071337642864257, 0.942708504052598, 0.5759018557635881, 0.9291111999785477, 0.9140866832915251, 0.4800632253916788, 0.894134141820531, 0.07754303876949944, 0.47350565957723006, 0.47404117250430783, 0.046745139358902094, 0.9301309380645613, 0.4720058853997447, 0.47987988641606877, 0.9041236674143164]
Iteration 129: [0.9391854094022875, 0.9236799605621516, 0.42670396490542234, 0.4913215658247088, 0.06525626726806838, 0.9071337642864257, 0.942708504052598, 0.5759018557635881, 0.9291111999785477, 0.9140866832915251, 0.4800632253916788, 0.894134141820531, 0.07754303876949944, 0.47350565957723006, 0.47404117250430783, 0.046745139358902094, 0.9301309380645613, 0.4720058853997447, 0.47987988641606877, 0.9041236674143164]
Iteration 130: [0.9452136708164638, 0.9236799605621516, 0.42670396490542234, 0.4913215658247088, 0.06525626726806838, 0.9071337642864257, 0.942708504052598, 0.5759018557635881, 0.9291111999785477, 0.9140866832915251, 0.4800632253916788, 0.894134141820531, 0.07754303876949944, 0.47350565957723006, 0.47404117250430783, 0.046745139358902094, 0.9301309380645613, 0.4720058853997447, 0.47987988641606877, 0.9041236674143164]
Iteration 131: [0.9452136708164638, 0.9236799605621516, 0.42670396490542234, 0.4913215658247088, 0.06525626726806838, 0.9071337642864257, 0.942708504052598, 0.5759018557635881, 0.9291111999785477, 0.9140866832915251, 0.4800632253916788, 0.894134141820531, 0.07754303876949944, 0.47350565957723006, 0.47404117250430783, 0.046745139358902094, 0.9301309380645613, 0.4720058853997447, 0.47987988641606877, 0.9041236674143164]
Iteration 132: [0.9452136708164638, 0.9236799605621516, 0.42670396490542234, 0.4913215658247088, 0.06525626726806838, 0.9071337642864257, 0.942708504052598, 0.5759018557635881, 0.9291111999785477, 0.9140866832915251, 0.4800632253916788, 0.894134141820531, 0.07754303876949944, 0.47350565957723006, 0.47404117250430783, 0.046745139358902094, 0.9301309380645613, 0.4720058853997447, 0.47987988641606877, 0.9041236674143164]
Iteration 133: [0.9452136708164638, 0.9236799605621516, 0.42670396490542234, 0.4913215658247088, 0.06525626726806838, 0.9071337642864257, 0.942708504052598, 0.5759018557635881, 0.9291111999785477, 0.9140866832915251, 0.4800632253916788, 0.894134141820531, 0.07754303876949944, 0.47350565957723006, 0.47404117250430783, 0.046745139358902094, 0.9301309380645613, 0.4720058853997447, 0.47987988641606877, 0.9041236674143164]
Iteration 134: [0.9452136708164638, 0.9236799605621516, 0.42670396490542234, 0.4913215658247088, 0.06525626726806838, 0.9071337642864257, 0.942708504052598, 0.5759018557635881, 0.9291111999785477, 0.9140866832915251, 0.4800632253916788, 0.894134141820531, 0.07754303876949944, 0.47350565957723006, 0.47404117250430783, 0.046745139358902094, 0.9301309380645613, 0.4720058853997447, 0.47987988641606877, 0.9041236674143164]
Iteration 135: [0.9452136708164638, 0.9236799605621516, 0.42670396490542234, 0.4913215658247088, 0.06525626726806838, 0.9071337642864257, 0.942708504052598, 0.5759018557635881, 0.9291111999785477, 0.9140866832915251, 0.4800632253916788, 0.894134141820531, 0.07754303876949944, 0.47350565957723006, 0.47404117250430783, 0.046745139358902094, 0.9301309380645613, 0.4720058853997447, 0.47987988641606877, 0.9041236674143164]
Iteration 136: [0.9452136708164638, 0.9236799605621516, 0.42670396490542234, 0.4913215658247088, 0.06525626726806838, 0.9071337642864257, 0.942708504052598, 0.5759018557635881, 0.9291111999785477, 0.9140866832915251, 0.4800632253916788, 0.894134141820531, 0.07754303876949944, 0.47350565957723006, 0.47404117250430783, 0.046745139358902094, 0.9301309380645613, 0.4720058853997447, 0.47987988641606877, 0.9041236674143164]
Iteration 137: [0.9452136708164638, 0.9236799605621516, 0.42670396490542234, 0.4913215658247088, 0.06525626726806838, 0.9071337642864257, 0.942708504052598, 0.5759018557635881, 0.9291111999785477, 0.9140866832915251, 0.4800632253916788, 0.894134141820531, 0.07754303876949944, 0.47350565957723006, 0.47404117250430783, 0.046745139358902094, 0.9301309380645613, 0.4720058853997447, 0.4778911837289366, 0.9041236674143164]
Iteration 138: [0.9452136708164638, 0.9236799605621516, 0.42670396490542234, 0.4913215658247088, 0.06525626726806838, 0.9071337642864257, 0.942708504052598, 0.5759018557635881, 0.9291111999785477, 0.9140866832915251, 0.4800632253916788, 0.894134141820531, 0.07754303876949944, 0.47350565957723006, 0.47404117250430783, 0.046745139358902094, 0.9301309380645613, 0.4720058853997447, 0.4778911837289366, 0.9041236674143164]
Iteration 139: [0.9452136708164638, 0.9236799605621516, 0.42670396490542234, 0.4913215658247088, 0.06525626726806838, 0.9071337642864257, 0.942708504052598, 0.5759018557635881, 0.9291111999785477, 0.9140866832915251, 0.4800632253916788, 0.894134141820531, 0.07754303876949944, 0.47350565957723006, 0.46722263414139853, 0.046745139358902094, 0.9301309380645613, 0.4720058853997447, 0.4778911837289366, 0.9041236674143164]
Iteration 140: [0.9452136708164638, 0.9236799605621516, 0.42670396490542234, 0.4913215658247088, 0.06525626726806838, 0.9071337642864257, 0.942708504052598, 0.5759018557635881, 0.9291111999785477, 0.9140866832915251, 0.4800632253916788, 0.894134141820531, 0.07754303876949944, 0.47350565957723006, 0.46722263414139853, 0.046745139358902094, 0.9301309380645613, 0.4720058853997447, 0.4778911837289366, 0.9041236674143164]
Iteration 141: [0.9452136708164638, 0.9222278591002997, 0.42670396490542234, 0.4913215658247088, 0.06525626726806838, 0.9071337642864257, 0.942708504052598, 0.5759018557635881, 0.9291111999785477, 0.9140866832915251, 0.4800632253916788, 0.894134141820531, 0.07754303876949944, 0.47350565957723006, 0.46722263414139853, 0.046745139358902094, 0.9301309380645613, 0.4720058853997447, 0.4778911837289366, 0.9041236674143164]
Iteration 142: [0.9452136708164638, 0.9222278591002997, 0.42670396490542234, 0.4913215658247088, 0.06525626726806838, 0.9071337642864257, 0.942708504052598, 0.5759018557635881, 0.9291111999785477, 0.4717785232677415, 0.4800632253916788, 0.894134141820531, 0.07754303876949944, 0.47350565957723006, 0.46722263414139853, 0.046745139358902094, 0.9301309380645613, 0.4720058853997447, 0.4778911837289366, 0.9041236674143164]
Iteration 143: [0.9452136708164638, 0.9222278591002997, 0.42670396490542234, 0.4913215658247088, 0.06525626726806838, 0.9071337642864257, 0.942708504052598, 0.5759018557635881, 0.9291111999785477, 0.4717785232677415, 0.4800632253916788, 0.894134141820531, 0.07754303876949944, 0.47350565957723006, 0.46722263414139853, 0.046745139358902094, 0.9301309380645613, 0.4720058853997447, 0.4778911837289366, 0.9041236674143164]
Iteration 144: [0.9452136708164638, 0.9222278591002997, 0.42670396490542234, 0.4913215658247088, 0.06525626726806838, 0.9071337642864257, 0.942708504052598, 0.5759018557635881, 0.9291111999785477, 0.4717785232677415, 0.4800632253916788, 0.894134141820531, 0.07754303876949944, 0.47350565957723006, 0.46722263414139853, 0.046745139358902094, 0.9301309380645613, 0.4720058853997447, 0.4778911837289366, 0.9041236674143164]
Iteration 145: [0.9452136708164638, 0.9222278591002997, 0.42670396490542234, 0.4913215658247088, 0.06525626726806838, 0.9071337642864257, 0.942708504052598, 0.5759018557635881, 0.9291111999785477, 0.4717785232677415, 0.4800632253916788, 0.894134141820531, 0.07754303876949944, 0.47350565957723006, 0.46722263414139853, 0.046745139358902094, 0.9301309380645613, 0.4720058853997447, 0.4778911837289366, 0.9041236674143164]
Iteration 146: [0.9452136708164638, 0.9222278591002997, 0.42670396490542234, 0.4913215658247088, 0.06525626726806838, 0.9071337642864257, 0.942708504052598, 0.5759018557635881, 0.9291111999785477, 0.4717785232677415, 0.4800632253916788, 0.894134141820531, 0.07754303876949944, 0.47350565957723006, 0.46722263414139853, 0.046745139358902094, 0.9301309380645613, 0.4720058853997447, 0.4778911837289366, 0.9041236674143164]
Iteration 147: [0.9452136708164638, 0.9222278591002997, 0.42670396490542234, 0.4913215658247088, 0.06525626726806838, 0.9071337642864257, 0.942708504052598, 0.5759018557635881, 0.9291111999785477, 0.4717785232677415, 0.4800632253916788, 0.894134141820531, 0.07754303876949944, 0.47350565957723006, 0.46722263414139853, 0.046745139358902094, 0.9301309380645613, 0.4720058853997447, 0.4778911837289366, 0.9041236674143164]
Iteration 148: [0.9452136708164638, 0.9222278591002997, 0.42670396490542234, 0.4913215658247088, 0.06525626726806838, 0.9071337642864257, 0.942708504052598, 0.5759018557635881, 0.9291111999785477, 0.4717785232677415, 0.4800632253916788, 0.894134141820531, 0.07754303876949944, 0.47350565957723006, 0.46722263414139853, 0.046745139358902094, 0.9300958098984226, 0.4720058853997447, 0.4778911837289366, 0.9041236674143164]
Iteration 149: [0.9452136708164638, 0.9222278591002997, 0.42670396490542234, 0.4913215658247088, 0.06525626726806838, 0.9071337642864257, 0.942708504052598, 0.5759018557635881, 0.9291111999785477, 0.4717785232677415, 0.4800632253916788, 0.894134141820531, 0.07754303876949944, 0.47350565957723006, 0.46722263414139853, 0.046745139358902094, 0.9300958098984226, 0.4720058853997447, 0.4778911837289366, 0.9041236674143164]
Iteration 150: [0.9452136708164638, 0.9222278591002997, 0.42670396490542234, 0.4913215658247088, 0.06525626726806838, 0.9071337642864257, 0.942708504052598, 0.5759018557635881, 0.9291111999785477, 0.4717785232677415, 0.4800632253916788, 0.894134141820531, 0.07754303876949944, 0.47350565957723006, 0.46722263414139853, 0.046745139358902094, 0.9300958098984226, 0.4720058853997447, 0.4778911837289366, 0.9041236674143164]
