There are 5 agents who believe in con
There are 7 agents who believe in pro
There are 8 agents who are neutral 

Iteration 1: [0.3757634258378211, 0.5395888877758346, 0.06828021265067716, 0.36991413707007764, 0.06704733780558578, 0.49480413510040705, 0.06563880310307531, 0.49966588253390115, 0.3666589117981476, 0.42685365604775977, 0.5338715697617405, 0.39621996718146807, 0.4159180534532048, 0.560466064486322, 0.44704849199867813, 0.472107378437447, 0.4169645448055799, 0.5749964190688106, 0.5325950501463816, 0.4491989582667929]
Iteration 2: [0.3757634258378211, 0.5395888877758346, 0.06828021265067716, 0.36991413707007764, 0.06704733780558578, 0.49480413510040705, 0.06563880310307531, 0.49966588253390115, 0.3666589117981476, 0.42685365604775977, 0.5338715697617405, 0.39621996718146807, 0.4159180534532048, 0.560466064486322, 0.44704849199867813, 0.472107378437447, 0.9135365140972572, 0.5749964190688106, 0.9199076493976305, 0.4491989582667929]
Iteration 3: [0.3757634258378211, 0.5395888877758346, 0.06828021265067716, 0.36991413707007764, 0.06704733780558578, 0.49480413510040705, 0.06563880310307531, 0.49966588253390115, 0.3666589117981476, 0.42685365604775977, 0.5338715697617405, 0.39621996718146807, 0.4159180534532048, 0.560466064486322, 0.44704849199867813, 0.472107378437447, 0.9135365140972572, 0.5749964190688106, 0.9199076493976305, 0.4491989582667929]
Iteration 4: [0.3757634258378211, 0.5395888877758346, 0.06828021265067716, 0.36991413707007764, 0.06704733780558578, 0.49480413510040705, 0.06563880310307531, 0.6783974454997299, 0.3666589117981476, 0.42685365604775977, 0.5338715697617405, 0.39621996718146807, 0.37741058512806946, 0.560466064486322, 0.44704849199867813, 0.472107378437447, 0.9135365140972572, 0.5749964190688106, 0.9199076493976305, 0.4491989582667929]
Iteration 5: [0.3757634258378211, 0.5395888877758346, 0.06828021265067716, 0.36991413707007764, 0.06704733780558578, 0.49480413510040705, 0.06563880310307531, 0.9219459514775401, 0.3666589117981476, 0.42685365604775977, 0.5338715697617405, 0.37885592823308256, 0.37741058512806946, 0.560466064486322, 0.44704849199867813, 0.472107378437447, 0.9135365140972572, 0.5749964190688106, 0.9199076493976305, 0.4491989582667929]
Iteration 6: [0.3757634258378211, 0.9159063801185037, 0.06828021265067716, 0.3639750274823191, 0.06704733780558578, 0.49480413510040705, 0.06563880310307531, 0.9219459514775401, 0.3666589117981476, 0.42685365604775977, 0.5338715697617405, 0.37885592823308256, 0.37741058512806946, 0.560466064486322, 0.44704849199867813, 0.472107378437447, 0.9135365140972572, 0.5749964190688106, 0.9199076493976305, 0.4491989582667929]
Iteration 7: [0.823018662908274, 0.9159063801185037, 0.06828021265067716, 0.3639750274823191, 0.06704733780558578, 0.49480413510040705, 0.06563880310307531, 0.9219459514775401, 0.3666589117981476, 0.42685365604775977, 0.5338715697617405, 0.9195683687208827, 0.37741058512806946, 0.560466064486322, 0.44704849199867813, 0.472107378437447, 0.9135365140972572, 0.5749964190688106, 0.9199076493976305, 0.4491989582667929]
Iteration 8: [0.823018662908274, 0.9159063801185037, 0.06828021265067716, 0.3639750274823191, 0.06704733780558578, 0.49480413510040705, 0.06563880310307531, 0.9219459514775401, 0.5929232887290927, 0.42685365604775977, 0.5338715697617405, 0.9195683687208827, 0.37741058512806946, 0.0663555396219401, 0.44704849199867813, 0.472107378437447, 0.9135365140972572, 0.5749964190688106, 0.9199076493976305, 0.4491989582667929]
Iteration 9: [0.823018662908274, 0.9159063801185037, 0.06828021265067716, 0.3639750274823191, 0.06704733780558578, 0.49480413510040705, 0.06563880310307531, 0.9219459514775401, 0.5929232887290927, 0.6014529928656175, 0.5338715697617405, 0.9195683687208827, 0.37741058512806946, 0.0663555396219401, 0.44704849199867813, 0.472107378437447, 0.9135365140972572, 0.5749964190688106, 0.9223088540107095, 0.4491989582667929]
Iteration 10: [0.823018662908274, 0.9159063801185037, 0.06828021265067716, 0.3639750274823191, 0.06484135646018042, 0.8484150313622618, 0.06563880310307531, 0.9219459514775401, 0.5929232887290927, 0.6014529928656175, 0.5338715697617405, 0.9195683687208827, 0.37741058512806946, 0.0663555396219401, 0.44704849199867813, 0.472107378437447, 0.9135365140972572, 0.5749964190688106, 0.9223088540107095, 0.4491989582667929]
Iteration 11: [0.823018662908274, 0.9159063801185037, 0.06828021265067716, 0.3639750274823191, 0.06484135646018042, 0.8484150313622618, 0.06563880310307531, 0.9219459514775401, 0.5929232887290927, 0.6014529928656175, 0.5338715697617405, 0.9195683687208827, 0.37741058512806946, 0.0663555396219401, 0.9152570518811736, 0.920124793560111, 0.9135365140972572, 0.5749964190688106, 0.9223088540107095, 0.4491989582667929]
Iteration 12: [0.823018662908274, 0.9159063801185037, 0.06828021265067716, 0.3639750274823191, 0.06484135646018042, 0.8484150313622618, 0.06563880310307531, 0.9219459514775401, 0.5929232887290927, 0.6014529928656175, 0.5338715697617405, 0.9195683687208827, 0.37741058512806946, 0.0663555396219401, 0.9152570518811736, 0.920124793560111, 0.9135365140972572, 0.5749964190688106, 0.9223088540107095, 0.4491989582667929]
Iteration 13: [0.823018662908274, 0.9159063801185037, 0.06828021265067716, 0.3639750274823191, 0.06484135646018042, 0.8484150313622618, 0.06610798773131699, 0.9219459514775401, 0.5929232887290927, 0.6014529928656175, 0.5338715697617405, 0.9195683687208827, 0.37741058512806946, 0.0663555396219401, 0.9152570518811736, 0.9213211022272759, 0.9135365140972572, 0.5749964190688106, 0.9223088540107095, 0.4491989582667929]
Iteration 14: [0.823018662908274, 0.9159063801185037, 0.06828021265067716, 0.3639750274823191, 0.06484135646018042, 0.8484150313622618, 0.06610798773131699, 0.9219459514775401, 0.5929232887290927, 0.6014529928656175, 0.5338715697617405, 0.9195683687208827, 0.37741058512806946, 0.0663555396219401, 0.9152570518811736, 0.9213211022272759, 0.9135365140972572, 0.5749964190688106, 0.9223088540107095, 0.4491989582667929]
Iteration 15: [0.823018662908274, 0.9159063801185037, 0.06828021265067716, 0.3639750274823191, 0.06484135646018042, 0.8484150313622618, 0.06610798773131699, 0.9245453765120437, 0.41321293565017614, 0.6014529928656175, 0.5338715697617405, 0.9195683687208827, 0.37741058512806946, 0.0663555396219401, 0.9152570518811736, 0.9213211022272759, 0.9135365140972572, 0.5749964190688106, 0.9223088540107095, 0.4491989582667929]
Iteration 16: [0.823018662908274, 0.9159063801185037, 0.06828021265067716, 0.3639750274823191, 0.06484135646018042, 0.8484150313622618, 0.06610798773131699, 0.9245453765120437, 0.42659637311603227, 0.6014529928656175, 0.5338715697617405, 0.9195683687208827, 0.9111951357998357, 0.0663555396219401, 0.9152570518811736, 0.9213211022272759, 0.9135365140972572, 0.5749964190688106, 0.9223088540107095, 0.4491989582667929]
Iteration 17: [0.823018662908274, 0.9159063801185037, 0.06828021265067716, 0.3639750274823191, 0.06484135646018042, 0.8484150313622618, 0.06610798773131699, 0.9245453765120437, 0.42659637311603227, 0.6014529928656175, 0.5338715697617405, 0.9195683687208827, 0.9111951357998357, 0.06387460728997056, 0.9152570518811736, 0.9213211022272759, 0.9135365140972572, 0.5749964190688106, 0.9223088540107095, 0.4491989582667929]
Iteration 18: [0.823018662908274, 0.9159063801185037, 0.06828021265067716, 0.3639750274823191, 0.06484135646018042, 0.8484150313622618, 0.06610798773131699, 0.9245453765120437, 0.42659637311603227, 0.6014529928656175, 0.5338715697617405, 0.9195683687208827, 0.9026279093850946, 0.06387460728997056, 0.9152570518811736, 0.9213211022272759, 0.9135365140972572, 0.9171786138020542, 0.9223088540107095, 0.4491989582667929]
Iteration 19: [0.823018662908274, 0.9159063801185037, 0.06828021265067716, 0.3639750274823191, 0.06484135646018042, 0.8484150313622618, 0.06610798773131699, 0.9245453765120437, 0.42659637311603227, 0.6014529928656175, 0.5338715697617405, 0.9195683687208827, 0.9026279093850946, 0.06387460728997056, 0.9152570518811736, 0.9213211022272759, 0.9135365140972572, 0.9190771576139618, 0.9223088540107095, 0.4491989582667929]
Iteration 20: [0.823018662908274, 0.9159063801185037, 0.06828021265067716, 0.3639750274823191, 0.06484135646018042, 0.8484150313622618, 0.06610798773131699, 0.9245453765120437, 0.42659637311603227, 0.6014529928656175, 0.5338715697617405, 0.9195683687208827, 0.9026279093850946, 0.06526033128862316, 0.9152570518811736, 0.9213211022272759, 0.9135365140972572, 0.9190771576139618, 0.9223088540107095, 0.4491989582667929]
Iteration 21: [0.823018662908274, 0.9159063801185037, 0.06828021265067716, 0.3639750274823191, 0.06484135646018042, 0.8484150313622618, 0.06610798773131699, 0.9245453765120437, 0.42659637311603227, 0.6014529928656175, 0.5338715697617405, 0.9195683687208827, 0.9026279093850946, 0.06526033128862316, 0.9152570518811736, 0.9213211022272759, 0.9135365140972572, 0.9190771576139618, 0.9223088540107095, 0.4491989582667929]
Iteration 22: [0.823018662908274, 0.9159063801185037, 0.06828021265067716, 0.3639750274823191, 0.06484135646018042, 0.8484150313622618, 0.06610798773131699, 0.9245453765120437, 0.42659637311603227, 0.6014529928656175, 0.5338715697617405, 0.9195683687208827, 0.9026279093850946, 0.06526033128862316, 0.9152570518811736, 0.9213211022272759, 0.9135365140972572, 0.9190771576139618, 0.9223088540107095, 0.4491989582667929]
Iteration 23: [0.823018662908274, 0.9173260065493246, 0.06828021265067716, 0.3639750274823191, 0.06484135646018042, 0.8484150313622618, 0.06610798773131699, 0.9245453765120437, 0.42659637311603227, 0.6014529928656175, 0.5338715697617405, 0.9195683687208827, 0.9026279093850946, 0.06526033128862316, 0.9152570518811736, 0.9213211022272759, 0.9135365140972572, 0.9190771576139618, 0.9223088540107095, 0.4491989582667929]
Iteration 24: [0.823018662908274, 0.9173260065493246, 0.06828021265067716, 0.3639750274823191, 0.06484135646018042, 0.8484150313622618, 0.06610798773131699, 0.9245453765120437, 0.42659637311603227, 0.6014529928656175, 0.5338715697617405, 0.9195683687208827, 0.9026279093850946, 0.06526033128862316, 0.9152570518811736, 0.9213211022272759, 0.9135365140972572, 0.9190771576139618, 0.9223088540107095, 0.4491989582667929]
Iteration 25: [0.823018662908274, 0.9173260065493246, 0.06828021265067716, 0.3639750274823191, 0.06484135646018042, 0.8484150313622618, 0.06610798773131699, 0.9245453765120437, 0.42659637311603227, 0.4397784460340599, 0.5338715697617405, 0.9195683687208827, 0.9026279093850946, 0.06526033128862316, 0.9152570518811736, 0.9213211022272759, 0.9135365140972572, 0.9190771576139618, 0.9223088540107095, 0.4491989582667929]
Iteration 26: [0.823018662908274, 0.9173260065493246, 0.06828021265067716, 0.3639750274823191, 0.06484135646018042, 0.8484150313622618, 0.06610798773131699, 0.9245453765120437, 0.42659637311603227, 0.06405145529323561, 0.912343611259234, 0.9195683687208827, 0.9026279093850946, 0.06526033128862316, 0.9152570518811736, 0.9213211022272759, 0.9135365140972572, 0.9190771576139618, 0.9223088540107095, 0.4491989582667929]
Iteration 27: [0.823018662908274, 0.9173260065493246, 0.06828021265067716, 0.3639750274823191, 0.06484135646018042, 0.8484150313622618, 0.06610798773131699, 0.9245453765120437, 0.42659637311603227, 0.06405145529323561, 0.912343611259234, 0.9195683687208827, 0.9026279093850946, 0.06526033128862316, 0.9152570518811736, 0.9213211022272759, 0.9135365140972572, 0.9190771576139618, 0.9223088540107095, 0.5891127705939294]
Iteration 28: [0.823018662908274, 0.9174838756141362, 0.06828021265067716, 0.3639750274823191, 0.06484135646018042, 0.8484150313622618, 0.06610798773131699, 0.9245453765120437, 0.42659637311603227, 0.06405145529323561, 0.912343611259234, 0.9195683687208827, 0.9026279093850946, 0.06526033128862316, 0.9152570518811736, 0.9213211022272759, 0.9135365140972572, 0.9190771576139618, 0.9223088540107095, 0.5891127705939294]
Iteration 29: [0.823018662908274, 0.9171373343571106, 0.06828021265067716, 0.3639750274823191, 0.06484135646018042, 0.8484150313622618, 0.06610798773131699, 0.9245453765120437, 0.42659637311603227, 0.06405145529323561, 0.912343611259234, 0.9195683687208827, 0.9026279093850946, 0.04254335584828366, 0.9152570518811736, 0.9213211022272759, 0.9135365140972572, 0.9190771576139618, 0.9223088540107095, 0.5891127705939294]
Iteration 30: [0.823018662908274, 0.9171373343571106, 0.06828021265067716, 0.3639750274823191, 0.06484135646018042, 0.8484150313622618, 0.06610798773131699, 0.9245453765120437, 0.42659637311603227, 0.06405145529323561, 0.912343611259234, 0.9195683687208827, 0.9026279093850946, 0.04254335584828366, 0.9152570518811736, 0.9213211022272759, 0.9135365140972572, 0.9190771576139618, 0.9223088540107095, 0.47439753525460326]
Iteration 31: [0.823018662908274, 0.9175714762740655, 0.06828021265067716, 0.3639750274823191, 0.06484135646018042, 0.8484150313622618, 0.06610798773131699, 0.9245453765120437, 0.42659637311603227, 0.06405145529323561, 0.912343611259234, 0.9195683687208827, 0.9026279093850946, 0.04530824768194115, 0.9152570518811736, 0.9213211022272759, 0.9135365140972572, 0.9190771576139618, 0.9223088540107095, 0.47439753525460326]
Iteration 32: [0.823018662908274, 0.9175714762740655, 0.06828021265067716, 0.3639750274823191, 0.06484135646018042, 0.8484150313622618, 0.06610798773131699, 0.9245453765120437, 0.42659637311603227, 0.06405145529323561, 0.912343611259234, 0.9195683687208827, 0.9026279093850946, 0.04530824768194115, 0.9152570518811736, 0.9213211022272759, 0.9135365140972572, 0.9190771576139618, 0.9223088540107095, 0.47439753525460326]
Iteration 33: [0.823018662908274, 0.9175714762740655, 0.06828021265067716, 0.3639750274823191, 0.06484135646018042, 0.8484150313622618, 0.06610798773131699, 0.9245453765120437, 0.42659637311603227, 0.06405145529323561, 0.912343611259234, 0.9195683687208827, 0.9026279093850946, 0.04530824768194115, 0.9152570518811736, 0.9213211022272759, 0.903667274898764, 0.9190771576139618, 0.9223088540107095, 0.47439753525460326]
Iteration 34: [0.823018662908274, 0.9175714762740655, 0.06828021265067716, 0.3639750274823191, 0.06484135646018042, 0.8484150313622618, 0.06610798773131699, 0.9245453765120437, 0.42659637311603227, 0.0597899283147258, 0.912343611259234, 0.9195683687208827, 0.9026279093850946, 0.04530824768194115, 0.9152570518811736, 0.9213211022272759, 0.903667274898764, 0.9190771576139618, 0.9223088540107095, 0.4840467963866622]
Iteration 35: [0.823018662908274, 0.9175714762740655, 0.06828021265067716, 0.3639750274823191, 0.06484135646018042, 0.8484150313622618, 0.06610798773131699, 0.9255040838758734, 0.42659637311603227, 0.0597899283147258, 0.912343611259234, 0.9195683687208827, 0.9026279093850946, 0.04530824768194115, 0.9152570518811736, 0.9213211022272759, 0.903667274898764, 0.9190771576139618, 0.9223088540107095, 0.4840467963866622]
Iteration 36: [0.823018662908274, 0.9175714762740655, 0.06828021265067716, 0.3639750274823191, 0.06484135646018042, 0.8484150313622618, 0.06610798773131699, 0.9255040838758734, 0.42659637311603227, 0.0597899283147258, 0.912343611259234, 0.9195683687208827, 0.9026279093850946, 0.04530824768194115, 0.9152570518811736, 0.9213211022272759, 0.903667274898764, 0.9190771576139618, 0.9223088540107095, 0.48803643337460617]
Iteration 37: [0.823018662908274, 0.9175714762740655, 0.06828021265067716, 0.3639750274823191, 0.06484135646018042, 0.9097204884273118, 0.06610798773131699, 0.9255040838758734, 0.42659637311603227, 0.0597899283147258, 0.912343611259234, 0.9195683687208827, 0.9026279093850946, 0.04530824768194115, 0.9152570518811736, 0.9213211022272759, 0.903667274898764, 0.9190771576139618, 0.9223088540107095, 0.48803643337460617]
Iteration 38: [0.823018662908274, 0.9175714762740655, 0.06828021265067716, 0.3639750274823191, 0.06484135646018042, 0.9097204884273118, 0.06610798773131699, 0.9232388543397508, 0.42659637311603227, 0.0597899283147258, 0.912343611259234, 0.9195683687208827, 0.9026279093850946, 0.04530824768194115, 0.9152570518811736, 0.9213211022272759, 0.903667274898764, 0.9190771576139618, 0.9223088540107095, 0.48803643337460617]
Iteration 39: [0.823018662908274, 0.9175714762740655, 0.06828021265067716, 0.3639750274823191, 0.06484135646018042, 0.9097204884273118, 0.06610798773131699, 0.9232388543397508, 0.42659637311603227, 0.0597899283147258, 0.912343611259234, 0.9195683687208827, 0.9026279093850946, 0.04530824768194115, 0.9152570518811736, 0.9213211022272759, 0.903667274898764, 0.9190771576139618, 0.9223088540107095, 0.48803643337460617]
Iteration 40: [0.823018662908274, 0.9175714762740655, 0.06828021265067716, 0.3639750274823191, 0.06484135646018042, 0.9097204884273118, 0.06610798773131699, 0.9232388543397508, 0.42659637311603227, 0.0597899283147258, 0.912343611259234, 0.9195683687208827, 0.9026279093850946, 0.04530824768194115, 0.9152570518811736, 0.9213211022272759, 0.903667274898764, 0.9190771576139618, 0.9223088540107095, 0.48803643337460617]
Iteration 41: [0.823018662908274, 0.9175714762740655, 0.06828021265067716, 0.3639750274823191, 0.06152254822037504, 0.9097204884273118, 0.06610798773131699, 0.9232388543397508, 0.42659637311603227, 0.0597899283147258, 0.912343611259234, 0.9195683687208827, 0.9026279093850946, 0.04530824768194115, 0.9152570518811736, 0.9213211022272759, 0.903667274898764, 0.9190771576139618, 0.9223088540107095, 0.48803643337460617]
Iteration 42: [0.823018662908274, 0.9175714762740655, 0.06828021265067716, 0.3639750274823191, 0.06152254822037504, 0.9097204884273118, 0.06610798773131699, 0.9232388543397508, 0.42659637311603227, 0.0597899283147258, 0.912343611259234, 0.918233658920406, 0.9026279093850946, 0.04530824768194115, 0.9152570518811736, 0.9213211022272759, 0.903667274898764, 0.9190771576139618, 0.9223088540107095, 0.48803643337460617]
Iteration 43: [0.823018662908274, 0.9175714762740655, 0.06828021265067716, 0.3639750274823191, 0.06152254822037504, 0.9097204884273118, 0.06610798773131699, 0.9232388543397508, 0.42659637311603227, 0.0597899283147258, 0.912343611259234, 0.918233658920406, 0.9026279093850946, 0.04530824768194115, 0.9152570518811736, 0.9213211022272759, 0.903667274898764, 0.9190771576139618, 0.9223088540107095, 0.48803643337460617]
Iteration 44: [0.823018662908274, 0.9175714762740655, 0.06828021265067716, 0.3639750274823191, 0.06152254822037504, 0.9097204884273118, 0.06610798773131699, 0.9232388543397508, 0.42659637311603227, 0.0597899283147258, 0.912343611259234, 0.918233658920406, 0.9026279093850946, 0.04530824768194115, 0.9152570518811736, 0.9213211022272759, 0.903667274898764, 0.9190771576139618, 0.9223088540107095, 0.48803643337460617]
Iteration 45: [0.8312561915839567, 0.9175714762740655, 0.06828021265067716, 0.3639750274823191, 0.06152254822037504, 0.9097204884273118, 0.06610798773131699, 0.9232388543397508, 0.42659637311603227, 0.0597899283147258, 0.912343611259234, 0.918233658920406, 0.9026279093850946, 0.04530824768194115, 0.9152570518811736, 0.9213211022272759, 0.903667274898764, 0.9190771576139618, 0.9223088540107095, 0.48803643337460617]
Iteration 46: [0.8312561915839567, 0.9175714762740655, 0.06828021265067716, 0.3639750274823191, 0.06152254822037504, 0.9097204884273118, 0.06610798773131699, 0.9232388543397508, 0.42659637311603227, 0.0597899283147258, 0.912343611259234, 0.918233658920406, 0.9026279093850946, 0.04530824768194115, 0.9152570518811736, 0.9213211022272759, 0.903667274898764, 0.9190771576139618, 0.9223088540107095, 0.48803643337460617]
Iteration 47: [0.5186599359647508, 0.9175714762740655, 0.06828021265067716, 0.3639750274823191, 0.06152254822037504, 0.9097204884273118, 0.06610798773131699, 0.9232388543397508, 0.42659637311603227, 0.0597899283147258, 0.912343611259234, 0.918233658920406, 0.9026279093850946, 0.04530824768194115, 0.9152570518811736, 0.9213211022272759, 0.903667274898764, 0.9190771576139618, 0.9223088540107095, 0.48803643337460617]
Iteration 48: [0.5186599359647508, 0.9175714762740655, 0.06828021265067716, 0.3639750274823191, 0.06152254822037504, 0.9097204884273118, 0.06610798773131699, 0.9232388543397508, 0.42659637311603227, 0.0597899283147258, 0.912343611259234, 0.918233658920406, 0.9026279093850946, 0.04530824768194115, 0.9152570518811736, 0.9213211022272759, 0.903667274898764, 0.9190771576139618, 0.9223088540107095, 0.48803643337460617]
Iteration 49: [0.5186599359647508, 0.9175714762740655, 0.06828021265067716, 0.3639750274823191, 0.06152254822037504, 0.9097204884273118, 0.06610798773131699, 0.9232388543397508, 0.42659637311603227, 0.0597899283147258, 0.912343611259234, 0.918233658920406, 0.9026279093850946, 0.04530824768194115, 0.9152570518811736, 0.9213211022272759, 0.903667274898764, 0.9190771576139618, 0.9223088540107095, 0.48345063451427406]
Iteration 50: [0.5186599359647508, 0.9175714762740655, 0.06828021265067716, 0.3639750274823191, 0.06152254822037504, 0.9097204884273118, 0.06610798773131699, 0.9232388543397508, 0.42659637311603227, 0.0597899283147258, 0.912343611259234, 0.918233658920406, 0.9026279093850946, 0.04530824768194115, 0.9152570518811736, 0.9213211022272759, 0.903667274898764, 0.9190771576139618, 0.9223088540107095, 0.48345063451427406]
Iteration 51: [0.5186599359647508, 0.9175714762740655, 0.06828021265067716, 0.3639750274823191, 0.06152254822037504, 0.9097204884273118, 0.06610798773131699, 0.9232388543397508, 0.42659637311603227, 0.0597899283147258, 0.912343611259234, 0.918233658920406, 0.9026279093850946, 0.04530824768194115, 0.9152570518811736, 0.9213211022272759, 0.903667274898764, 0.9190771576139618, 0.9223088540107095, 0.48345063451427406]
Iteration 52: [0.5186599359647508, 0.9175714762740655, 0.06828021265067716, 0.3639750274823191, 0.06152254822037504, 0.9097204884273118, 0.06610798773131699, 0.9232388543397508, 0.42659637311603227, 0.0597899283147258, 0.912343611259234, 0.918233658920406, 0.9026279093850946, 0.04530824768194115, 0.9152570518811736, 0.9213211022272759, 0.903667274898764, 0.9190771576139618, 0.9223088540107095, 0.48345063451427406]
Iteration 53: [0.5186599359647508, 0.9175714762740655, 0.06828021265067716, 0.3639750274823191, 0.06152254822037504, 0.9097204884273118, 0.06610798773131699, 0.9232388543397508, 0.42659637311603227, 0.0597899283147258, 0.912343611259234, 0.918233658920406, 0.9024162252719736, 0.04530824768194115, 0.9152570518811736, 0.9213211022272759, 0.903667274898764, 0.9190771576139618, 0.9223088540107095, 0.48345063451427406]
Iteration 54: [0.5186599359647508, 0.9175714762740655, 0.06828021265067716, 0.3639750274823191, 0.06152254822037504, 0.9097204884273118, 0.06610798773131699, 0.9232388543397508, 0.42659637311603227, 0.0597899283147258, 0.912343611259234, 0.918233658920406, 0.9024162252719736, 0.04530824768194115, 0.9152570518811736, 0.9213211022272759, 0.8789360522958375, 0.9190771576139618, 0.9223088540107095, 0.48345063451427406]
Iteration 55: [0.5186599359647508, 0.9175714762740655, 0.06828021265067716, 0.3639750274823191, 0.06152254822037504, 0.9097204884273118, 0.06610798773131699, 0.9232388543397508, 0.42659637311603227, 0.0597899283147258, 0.912343611259234, 0.918233658920406, 0.9021086616055358, 0.04530824768194115, 0.9152570518811736, 0.9213211022272759, 0.8789360522958375, 0.9190771576139618, 0.9223088540107095, 0.48345063451427406]
Iteration 56: [0.5186599359647508, 0.9175714762740655, 0.06828021265067716, 0.3639750274823191, 0.06152254822037504, 0.9097204884273118, 0.06610798773131699, 0.9232388543397508, 0.42659637311603227, 0.0597899283147258, 0.912343611259234, 0.918233658920406, 0.9021086616055358, 0.04530824768194115, 0.9152570518811736, 0.9213211022272759, 0.8789360522958375, 0.9190771576139618, 0.9223088540107095, 0.48345063451427406]
Iteration 57: [0.5186599359647508, 0.9175714762740655, 0.06828021265067716, 0.3639750274823191, 0.06152254822037504, 0.9097204884273118, 0.06610798773131699, 0.9232388543397508, 0.42659637311603227, 0.0597899283147258, 0.912343611259234, 0.918233658920406, 0.9021086616055358, 0.04530824768194115, 0.9152570518811736, 0.9213211022272759, 0.8789360522958375, 0.9190771576139618, 0.9223088540107095, 0.48345063451427406]
Iteration 58: [0.5186599359647508, 0.9175714762740655, 0.06828021265067716, 0.3639750274823191, 0.06152254822037504, 0.9097204884273118, 0.06610798773131699, 0.9232388543397508, 0.42659637311603227, 0.0597899283147258, 0.912343611259234, 0.9245884525257302, 0.9021086616055358, 0.04530824768194115, 0.9152570518811736, 0.9213211022272759, 0.8789360522958375, 0.9190771576139618, 0.9223088540107095, 0.48345063451427406]
Iteration 59: [0.5186599359647508, 0.9175714762740655, 0.06828021265067716, 0.3639750274823191, 0.06152254822037504, 0.9097204884273118, 0.06610798773131699, 0.9232388543397508, 0.42659637311603227, 0.0597899283147258, 0.912343611259234, 0.9245884525257302, 0.9021086616055358, 0.04530824768194115, 0.9152570518811736, 0.9213211022272759, 0.8789360522958375, 0.9190771576139618, 0.9223088540107095, 0.48345063451427406]
Iteration 60: [0.5186599359647508, 0.9175714762740655, 0.06828021265067716, 0.3639750274823191, 0.06152254822037504, 0.9097204884273118, 0.06610798773131699, 0.9232388543397508, 0.42659637311603227, 0.0597899283147258, 0.912343611259234, 0.9245884525257302, 0.9021086616055358, 0.04530824768194115, 0.9152570518811736, 0.9213211022272759, 0.8789360522958375, 0.9190771576139618, 0.9223088540107095, 0.48345063451427406]
Iteration 61: [0.5186599359647508, 0.9175714762740655, 0.06828021265067716, 0.815172483585979, 0.06152254822037504, 0.9097204884273118, 0.06610798773131699, 0.9232388543397508, 0.42659637311603227, 0.0597899283147258, 0.912343611259234, 0.9245884525257302, 0.9021086616055358, 0.04530824768194115, 0.9152570518811736, 0.9213211022272759, 0.8789360522958375, 0.9190771576139618, 0.9223088540107095, 0.48345063451427406]
Iteration 62: [0.5186599359647508, 0.9175714762740655, 0.06828021265067716, 0.815172483585979, 0.06152254822037504, 0.9097204884273118, 0.06610798773131699, 0.9232388543397508, 0.42659637311603227, 0.0597899283147258, 0.912343611259234, 0.9245884525257302, 0.9021086616055358, 0.04530824768194115, 0.9152570518811736, 0.9213211022272759, 0.8789360522958375, 0.9190771576139618, 0.9113210775520253, 0.48345063451427406]
Iteration 63: [0.7704438491164107, 0.9175714762740655, 0.06828021265067716, 0.815172483585979, 0.06152254822037504, 0.9097204884273118, 0.06610798773131699, 0.9232388543397508, 0.42659637311603227, 0.0597899283147258, 0.912343611259234, 0.9245884525257302, 0.9021086616055358, 0.04530824768194115, 0.9152570518811736, 0.9213211022272759, 0.8789360522958375, 0.9190771576139618, 0.9113210775520253, 0.48345063451427406]
Iteration 64: [0.7704438491164107, 0.9175714762740655, 0.06828021265067716, 0.815172483585979, 0.06152254822037504, 0.9097204884273118, 0.06610798773131699, 0.9232388543397508, 0.42659637311603227, 0.0597899283147258, 0.912343611259234, 0.9245884525257302, 0.9021086616055358, 0.04530824768194115, 0.9152570518811736, 0.9213211022272759, 0.47154521569228264, 0.9190771576139618, 0.9113210775520253, 0.48345063451427406]
Iteration 65: [0.7704438491164107, 0.9175714762740655, 0.06828021265067716, 0.815172483585979, 0.06152254822037504, 0.9097204884273118, 0.06610798773131699, 0.9232388543397508, 0.42659637311603227, 0.07688639623727493, 0.912343611259234, 0.9245884525257302, 0.9021086616055358, 0.04530824768194115, 0.9152570518811736, 0.9213211022272759, 0.47154521569228264, 0.9190771576139618, 0.9113210775520253, 0.48345063451427406]
Iteration 66: [0.7704438491164107, 0.9175714762740655, 0.06828021265067716, 0.815172483585979, 0.06152254822037504, 0.9097204884273118, 0.06610798773131699, 0.9232388543397508, 0.42659637311603227, 0.07688639623727493, 0.912343611259234, 0.9245884525257302, 0.9021086616055358, 0.04530824768194115, 0.9152570518811736, 0.9213211022272759, 0.47154521569228264, 0.9190771576139618, 0.9113210775520253, 0.48345063451427406]
Iteration 67: [0.7704438491164107, 0.9175714762740655, 0.06828021265067716, 0.815172483585979, 0.06152254822037504, 0.9097204884273118, 0.06610798773131699, 0.9232388543397508, 0.42659637311603227, 0.07688639623727493, 0.912343611259234, 0.9245884525257302, 0.9021086616055358, 0.04530824768194115, 0.9152570518811736, 0.9213211022272759, 0.47154521569228264, 0.9190771576139618, 0.9113210775520253, 0.48345063451427406]
Iteration 68: [0.7704438491164107, 0.9175714762740655, 0.06828021265067716, 0.815172483585979, 0.06152254822037504, 0.9097204884273118, 0.06610798773131699, 0.9232388543397508, 0.42659637311603227, 0.07688639623727493, 0.912343611259234, 0.9245884525257302, 0.9021086616055358, 0.04530824768194115, 0.9152570518811736, 0.9213211022272759, 0.47154521569228264, 0.9190771576139618, 0.9113210775520253, 0.48345063451427406]
Iteration 69: [0.39062609534893156, 0.9175714762740655, 0.06828021265067716, 0.815172483585979, 0.06152254822037504, 0.9097204884273118, 0.06610798773131699, 0.9232388543397508, 0.42659637311603227, 0.07688639623727493, 0.912343611259234, 0.9245884525257302, 0.9021086616055358, 0.04530824768194115, 0.9152570518811736, 0.9213211022272759, 0.47154521569228264, 0.9190771576139618, 0.9113210775520253, 0.48345063451427406]
Iteration 70: [0.39062609534893156, 0.9175714762740655, 0.06828021265067716, 0.815172483585979, 0.06152254822037504, 0.9097204884273118, 0.06610798773131699, 0.9232388543397508, 0.42659637311603227, 0.07688639623727493, 0.912343611259234, 0.9245884525257302, 0.9021086616055358, 0.04530824768194115, 0.9152570518811736, 0.9213211022272759, 0.47154521569228264, 0.9190771576139618, 0.9113210775520253, 0.48345063451427406]
Iteration 71: [0.39062609534893156, 0.9175714762740655, 0.06828021265067716, 0.815172483585979, 0.06152254822037504, 0.9097204884273118, 0.06610798773131699, 0.9232388543397508, 0.42659637311603227, 0.07688639623727493, 0.912343611259234, 0.9245884525257302, 0.9021086616055358, 0.04530824768194115, 0.9152570518811736, 0.9213211022272759, 0.47154521569228264, 0.9190771576139618, 0.9113210775520253, 0.48345063451427406]
Iteration 72: [0.39062609534893156, 0.9175714762740655, 0.06828021265067716, 0.815172483585979, 0.06152254822037504, 0.9097204884273118, 0.06610798773131699, 0.9232388543397508, 0.42659637311603227, 0.07688639623727493, 0.912343611259234, 0.9245884525257302, 0.9021086616055358, 0.04530824768194115, 0.9152570518811736, 0.9213211022272759, 0.47154521569228264, 0.9190771576139618, 0.9113210775520253, 0.48345063451427406]
Iteration 73: [0.39062609534893156, 0.9175714762740655, 0.06828021265067716, 0.815172483585979, 0.06152254822037504, 0.9097204884273118, 0.06610798773131699, 0.9232388543397508, 0.42659637311603227, 0.07688639623727493, 0.912343611259234, 0.9245884525257302, 0.9021086616055358, 0.04530824768194115, 0.9152570518811736, 0.9213211022272759, 0.47154521569228264, 0.9190771576139618, 0.9113210775520253, 0.48345063451427406]
Iteration 74: [0.39062609534893156, 0.9175714762740655, 0.06828021265067716, 0.815172483585979, 0.06152254822037504, 0.9097204884273118, 0.06610798773131699, 0.9232388543397508, 0.42659637311603227, 0.07688639623727493, 0.912343611259234, 0.9245884525257302, 0.9021086616055358, 0.04530824768194115, 0.9152570518811736, 0.9213211022272759, 0.47154521569228264, 0.9190771576139618, 0.9113210775520253, 0.48345063451427406]
Iteration 75: [0.39062609534893156, 0.9175714762740655, 0.06828021265067716, 0.815172483585979, 0.06152254822037504, 0.9097204884273118, 0.06610798773131699, 0.9232388543397508, 0.42659637311603227, 0.07688639623727493, 0.9113187908617079, 0.9245884525257302, 0.9021086616055358, 0.04530824768194115, 0.9152570518811736, 0.9213211022272759, 0.47154521569228264, 0.9190771576139618, 0.9113210775520253, 0.48345063451427406]
Iteration 76: [0.39062609534893156, 0.9175714762740655, 0.06828021265067716, 0.815172483585979, 0.06152254822037504, 0.9097204884273118, 0.06610798773131699, 0.9232388543397508, 0.42659637311603227, 0.07688639623727493, 0.9113187908617079, 0.9245884525257302, 0.9021086616055358, 0.04530824768194115, 0.9152570518811736, 0.9213211022272759, 0.47154521569228264, 0.9190771576139618, 0.9113210775520253, 0.48345063451427406]
Iteration 77: [0.39062609534893156, 0.9175714762740655, 0.06828021265067716, 0.815172483585979, 0.06152254822037504, 0.9097204884273118, 0.06610798773131699, 0.9232388543397508, 0.42659637311603227, 0.07688639623727493, 0.9113187908617079, 0.9245884525257302, 0.9021086616055358, 0.04530824768194115, 0.9152570518811736, 0.9213211022272759, 0.47154521569228264, 0.9190771576139618, 0.9113210775520253, 0.48345063451427406]
Iteration 78: [0.39062609534893156, 0.9175714762740655, 0.06828021265067716, 0.815172483585979, 0.06152254822037504, 0.9097204884273118, 0.06610798773131699, 0.9232388543397508, 0.42659637311603227, 0.07688639623727493, 0.9113187908617079, 0.9245884525257302, 0.48805644557926364, 0.04530824768194115, 0.9152570518811736, 0.9213211022272759, 0.47154521569228264, 0.9190771576139618, 0.9113210775520253, 0.48345063451427406]
Iteration 79: [0.39062609534893156, 0.9175714762740655, 0.06828021265067716, 0.815172483585979, 0.06152254822037504, 0.9097204884273118, 0.06610798773131699, 0.9232388543397508, 0.42659637311603227, 0.07688639623727493, 0.9113187908617079, 0.9245884525257302, 0.48805644557926364, 0.04530824768194115, 0.9152570518811736, 0.9213211022272759, 0.47154521569228264, 0.9190771576139618, 0.9113210775520253, 0.48345063451427406]
Iteration 80: [0.39062609534893156, 0.9175714762740655, 0.06828021265067716, 0.815172483585979, 0.06202234032252238, 0.9097204884273118, 0.06610798773131699, 0.9232388543397508, 0.42659637311603227, 0.07688639623727493, 0.9113187908617079, 0.9245884525257302, 0.48805644557926364, 0.04530824768194115, 0.9152570518811736, 0.9213211022272759, 0.47154521569228264, 0.9190771576139618, 0.9113210775520253, 0.48345063451427406]
Iteration 81: [0.39062609534893156, 0.9175714762740655, 0.06828021265067716, 0.815172483585979, 0.06202234032252238, 0.9097204884273118, 0.06610798773131699, 0.9232388543397508, 0.42659637311603227, 0.07688639623727493, 0.9113187908617079, 0.9067154879320612, 0.48805644557926364, 0.04530824768194115, 0.9152570518811736, 0.9213211022272759, 0.47154521569228264, 0.9190771576139618, 0.9113210775520253, 0.48345063451427406]
Iteration 82: [0.39062609534893156, 0.9175714762740655, 0.06828021265067716, 0.815172483585979, 0.06202234032252238, 0.9097204884273118, 0.06610798773131699, 0.9232388543397508, 0.42659637311603227, 0.07688639623727493, 0.9113187908617079, 0.9067154879320612, 0.48805644557926364, 0.04530824768194115, 0.9152570518811736, 0.9213211022272759, 0.47154521569228264, 0.9190771576139618, 0.9113210775520253, 0.48345063451427406]
Iteration 83: [0.39062609534893156, 0.9175714762740655, 0.06828021265067716, 0.815172483585979, 0.06202234032252238, 0.9097204884273118, 0.06610798773131699, 0.9232388543397508, 0.42659637311603227, 0.07688639623727493, 0.9113187908617079, 0.9067154879320612, 0.48805644557926364, 0.04530824768194115, 0.9152570518811736, 0.9219841008225346, 0.47154521569228264, 0.9190771576139618, 0.9113210775520253, 0.48345063451427406]
Iteration 84: [0.39062609534893156, 0.9175714762740655, 0.06828021265067716, 0.815172483585979, 0.06202234032252238, 0.9097204884273118, 0.06610798773131699, 0.9232388543397508, 0.42659637311603227, 0.07688639623727493, 0.9113187908617079, 0.9067154879320612, 0.48805644557926364, 0.04530824768194115, 0.9152570518811736, 0.9219841008225346, 0.47154521569228264, 0.9190771576139618, 0.9113210775520253, 0.48345063451427406]
Iteration 85: [0.39062609534893156, 0.9175714762740655, 0.06828021265067716, 0.815172483585979, 0.06202234032252238, 0.9097204884273118, 0.06610798773131699, 0.9232388543397508, 0.42659637311603227, 0.07688639623727493, 0.9113187908617079, 0.9067154879320612, 0.48805644557926364, 0.04530824768194115, 0.9152570518811736, 0.9219841008225346, 0.47154521569228264, 0.9190771576139618, 0.9113210775520253, 0.10407834927223912]
Iteration 86: [0.39062609534893156, 0.9175714762740655, 0.06828021265067716, 0.815172483585979, 0.06202234032252238, 0.9097204884273118, 0.06610798773131699, 0.9232388543397508, 0.42659637311603227, 0.07688639623727493, 0.9113187908617079, 0.9067154879320612, 0.48805644557926364, 0.04530824768194115, 0.9152570518811736, 0.9219841008225346, 0.47154521569228264, 0.9190771576139618, 0.9113210775520253, 0.10407834927223912]
Iteration 87: [0.39062609534893156, 0.9175714762740655, 0.06828021265067716, 0.815172483585979, 0.06202234032252238, 0.9097204884273118, 0.06610798773131699, 0.9232388543397508, 0.42659637311603227, 0.07688639623727493, 0.9113187908617079, 0.9067154879320612, 0.48805644557926364, 0.04530824768194115, 0.9152570518811736, 0.9219841008225346, 0.47154521569228264, 0.9190771576139618, 0.9113210775520253, 0.10407834927223912]
Iteration 88: [0.39062609534893156, 0.9175714762740655, 0.06828021265067716, 0.815172483585979, 0.06202234032252238, 0.9097204884273118, 0.06610798773131699, 0.9232388543397508, 0.42659637311603227, 0.07688639623727493, 0.9113187908617079, 0.9067154879320612, 0.48805644557926364, 0.04530824768194115, 0.9152570518811736, 0.9219841008225346, 0.47154521569228264, 0.9190771576139618, 0.9113210775520253, 0.10407834927223912]
Iteration 89: [0.39062609534893156, 0.9175714762740655, 0.06828021265067716, 0.815172483585979, 0.06202234032252238, 0.9097204884273118, 0.06610798773131699, 0.9232388543397508, 0.42659637311603227, 0.07688639623727493, 0.9113187908617079, 0.9067154879320612, 0.48805644557926364, 0.04530824768194115, 0.9152570518811736, 0.9219841008225346, 0.47154521569228264, 0.9190771576139618, 0.9113210775520253, 0.10407834927223912]
Iteration 90: [0.39062609534893156, 0.9175714762740655, 0.06828021265067716, 0.815172483585979, 0.06202234032252238, 0.9097204884273118, 0.06610798773131699, 0.9232388543397508, 0.42659637311603227, 0.07688639623727493, 0.9113187908617079, 0.9067154879320612, 0.48805644557926364, 0.04530824768194115, 0.9152570518811736, 0.9219841008225346, 0.47154521569228264, 0.9190771576139618, 0.9113210775520253, 0.10407834927223912]
Iteration 91: [0.39062609534893156, 0.9175714762740655, 0.06828021265067716, 0.815172483585979, 0.06202234032252238, 0.9097204884273118, 0.06610798773131699, 0.9232388543397508, 0.42659637311603227, 0.07688639623727493, 0.9113187908617079, 0.9067154879320612, 0.48805644557926364, 0.04530824768194115, 0.9152570518811736, 0.9219841008225346, 0.47154521569228264, 0.9190771576139618, 0.9113210775520253, 0.10407834927223912]
Iteration 92: [0.39062609534893156, 0.9175714762740655, 0.06828021265067716, 0.815172483585979, 0.06202234032252238, 0.9097204884273118, 0.06610798773131699, 0.9232388543397508, 0.42659637311603227, 0.07688639623727493, 0.9113187908617079, 0.9067154879320612, 0.48805644557926364, 0.04530824768194115, 0.9152570518811736, 0.9219841008225346, 0.47154521569228264, 0.9190771576139618, 0.9113210775520253, 0.10407834927223912]
Iteration 93: [0.39062609534893156, 0.9175714762740655, 0.06828021265067716, 0.815172483585979, 0.06202234032252238, 0.9097204884273118, 0.06610798773131699, 0.9232388543397508, 0.42659637311603227, 0.07688639623727493, 0.9113187908617079, 0.9067154879320612, 0.48805644557926364, 0.04530824768194115, 0.9152570518811736, 0.9219841008225346, 0.47154521569228264, 0.9190771576139618, 0.9113210775520253, 0.10407834927223912]
Iteration 94: [0.39062609534893156, 0.9175714762740655, 0.06828021265067716, 0.815172483585979, 0.06202234032252238, 0.9097204884273118, 0.06610798773131699, 0.9229541395031295, 0.42659637311603227, 0.07688639623727493, 0.9113187908617079, 0.9067154879320612, 0.48805644557926364, 0.04530824768194115, 0.9152570518811736, 0.9219841008225346, 0.47154521569228264, 0.9190771576139618, 0.9113210775520253, 0.10407834927223912]
Iteration 95: [0.39062609534893156, 0.9175714762740655, 0.06828021265067716, 0.815172483585979, 0.06202234032252238, 0.9097204884273118, 0.06610798773131699, 0.9229541395031295, 0.42659637311603227, 0.07688639623727493, 0.9113187908617079, 0.9067154879320612, 0.48805644557926364, 0.04530824768194115, 0.9152570518811736, 0.9219841008225346, 0.47154521569228264, 0.9190771576139618, 0.9113210775520253, 0.4772042307079747]
Iteration 96: [0.39062609534893156, 0.9175714762740655, 0.06828021265067716, 0.815172483585979, 0.06202234032252238, 0.9097204884273118, 0.06610798773131699, 0.9229541395031295, 0.42659637311603227, 0.07688639623727493, 0.9113187908617079, 0.9067154879320612, 0.48805644557926364, 0.04530824768194115, 0.9152570518811736, 0.9219841008225346, 0.47154521569228264, 0.9190771576139618, 0.9113210775520253, 0.4772042307079747]
Iteration 97: [0.39062609534893156, 0.9175714762740655, 0.06828021265067716, 0.815172483585979, 0.06202234032252238, 0.9097204884273118, 0.06610798773131699, 0.9229541395031295, 0.42659637311603227, 0.07688639623727493, 0.9113187908617079, 0.9067154879320612, 0.48805644557926364, 0.04530824768194115, 0.9152570518811736, 0.9219841008225346, 0.47154521569228264, 0.9190771576139618, 0.9113210775520253, 0.4772042307079747]
Iteration 98: [0.39062609534893156, 0.9175714762740655, 0.06828021265067716, 0.815172483585979, 0.06202234032252238, 0.9097204884273118, 0.06610798773131699, 0.9229541395031295, 0.42659637311603227, 0.07688639623727493, 0.9113187908617079, 0.9067154879320612, 0.48805644557926364, 0.04530824768194115, 0.9152570518811736, 0.9219841008225346, 0.47154521569228264, 0.9190771576139618, 0.9113210775520253, 0.4772042307079747]
Iteration 99: [0.39062609534893156, 0.9175714762740655, 0.06828021265067716, 0.815172483585979, 0.06202234032252238, 0.9097204884273118, 0.06610798773131699, 0.9229541395031295, 0.42659637311603227, 0.07688639623727493, 0.9113187908617079, 0.9067154879320612, 0.48805644557926364, 0.04530824768194115, 0.9152570518811736, 0.9219841008225346, 0.47154521569228264, 0.9190771576139618, 0.9113210775520253, 0.4772042307079747]
Iteration 100: [0.39062609534893156, 0.9175714762740655, 0.06828021265067716, 0.815172483585979, 0.06256839715665562, 0.9097204884273118, 0.06610798773131699, 0.9229541395031295, 0.42659637311603227, 0.07688639623727493, 0.9113187908617079, 0.9067154879320612, 0.48805644557926364, 0.04530824768194115, 0.9152570518811736, 0.9219841008225346, 0.47154521569228264, 0.9190771576139618, 0.9113210775520253, 0.4772042307079747]
Iteration 101: [0.39062609534893156, 0.9175714762740655, 0.06828021265067716, 0.815172483585979, 0.06256839715665562, 0.9097204884273118, 0.06610798773131699, 0.9229541395031295, 0.42659637311603227, 0.07688639623727493, 0.9113187908617079, 0.9067154879320612, 0.48805644557926364, 0.04530824768194115, 0.9152570518811736, 0.9219841008225346, 0.47154521569228264, 0.9190771576139618, 0.9113210775520253, 0.4772042307079747]
Iteration 102: [0.39062609534893156, 0.9175714762740655, 0.06828021265067716, 0.815172483585979, 0.06256839715665562, 0.9097204884273118, 0.06610798773131699, 0.9229541395031295, 0.42659637311603227, 0.07688639623727493, 0.9113187908617079, 0.9067154879320612, 0.48805644557926364, 0.04530824768194115, 0.9152570518811736, 0.9219841008225346, 0.47154521569228264, 0.9190771576139618, 0.9113210775520253, 0.4772042307079747]
Iteration 103: [0.39062609534893156, 0.9175714762740655, 0.06828021265067716, 0.815172483585979, 0.06256839715665562, 0.9097204884273118, 0.06610798773131699, 0.9229541395031295, 0.42659637311603227, 0.07688639623727493, 0.9113187908617079, 0.9067154879320612, 0.48805644557926364, 0.04530824768194115, 0.9152570518811736, 0.9219841008225346, 0.47154521569228264, 0.9190771576139618, 0.9113210775520253, 0.4772042307079747]
Iteration 104: [0.39062609534893156, 0.9175714762740655, 0.06828021265067716, 0.815172483585979, 0.06256839715665562, 0.9097204884273118, 0.06610798773131699, 0.9229541395031295, 0.42659637311603227, 0.07688639623727493, 0.9113187908617079, 0.9067154879320612, 0.48805644557926364, 0.04530824768194115, 0.9152570518811736, 0.9219841008225346, 0.47154521569228264, 0.9190771576139618, 0.9113210775520253, 0.4772042307079747]
Iteration 105: [0.39062609534893156, 0.9175714762740655, 0.06828021265067716, 0.815172483585979, 0.06256839715665562, 0.9097204884273118, 0.06610798773131699, 0.9229541395031295, 0.42659637311603227, 0.07688639623727493, 0.9113187908617079, 0.9067154879320612, 0.48805644557926364, 0.04530824768194115, 0.9152570518811736, 0.9219841008225346, 0.47154521569228264, 0.9190771576139618, 0.9113210775520253, 0.4772042307079747]
Iteration 106: [0.39062609534893156, 0.9175714762740655, 0.06828021265067716, 0.815172483585979, 0.06256839715665562, 0.9097204884273118, 0.06610798773131699, 0.9229541395031295, 0.42659637311603227, 0.07688639623727493, 0.9113187908617079, 0.9067154879320612, 0.48805644557926364, 0.04530824768194115, 0.9152570518811736, 0.9219841008225346, 0.47154521569228264, 0.9190771576139618, 0.9113210775520253, 0.4772042307079747]
Iteration 107: [0.39062609534893156, 0.476785989137087, 0.06828021265067716, 0.815172483585979, 0.06256839715665562, 0.9097204884273118, 0.06610798773131699, 0.9229541395031295, 0.42659637311603227, 0.07688639623727493, 0.9113187908617079, 0.9067154879320612, 0.48805644557926364, 0.04530824768194115, 0.9152570518811736, 0.9219841008225346, 0.47154521569228264, 0.9190771576139618, 0.9113210775520253, 0.4772042307079747]
Iteration 108: [0.39062609534893156, 0.476785989137087, 0.06828021265067716, 0.815172483585979, 0.06256839715665562, 0.9097204884273118, 0.06610798773131699, 0.9229541395031295, 0.42659637311603227, 0.07688639623727493, 0.9113187908617079, 0.49332043927157265, 0.48805644557926364, 0.04530824768194115, 0.9152570518811736, 0.9219841008225346, 0.47154521569228264, 0.9190771576139618, 0.9113210775520253, 0.4772042307079747]
Iteration 109: [0.39062609534893156, 0.476785989137087, 0.06828021265067716, 0.815172483585979, 0.06256839715665562, 0.9097204884273118, 0.06610798773131699, 0.9229541395031295, 0.42659637311603227, 0.07688639623727493, 0.9113187908617079, 0.49332043927157265, 0.48805644557926364, 0.04530824768194115, 0.9152570518811736, 0.9219841008225346, 0.47154521569228264, 0.9190771576139618, 0.9113210775520253, 0.4772042307079747]
Iteration 110: [0.39062609534893156, 0.476785989137087, 0.06828021265067716, 0.815172483585979, 0.06158088139749853, 0.9097204884273118, 0.06610798773131699, 0.9229541395031295, 0.42659637311603227, 0.07688639623727493, 0.9113187908617079, 0.49332043927157265, 0.48805644557926364, 0.04530824768194115, 0.9152570518811736, 0.9219841008225346, 0.47154521569228264, 0.9190771576139618, 0.9113210775520253, 0.4772042307079747]
Iteration 111: [0.39062609534893156, 0.476785989137087, 0.06828021265067716, 0.815172483585979, 0.06158088139749853, 0.9097204884273118, 0.06610798773131699, 0.9229541395031295, 0.42659637311603227, 0.07688639623727493, 0.9113187908617079, 0.49332043927157265, 0.48805644557926364, 0.04530824768194115, 0.9152570518811736, 0.9205452674435723, 0.47154521569228264, 0.9190771576139618, 0.9113210775520253, 0.4772042307079747]
Iteration 112: [0.39062609534893156, 0.476785989137087, 0.06828021265067716, 0.815172483585979, 0.06158088139749853, 0.9097204884273118, 0.06610798773131699, 0.9229541395031295, 0.42659637311603227, 0.07688639623727493, 0.9113187908617079, 0.49332043927157265, 0.48805644557926364, 0.04530824768194115, 0.9152570518811736, 0.9205452674435723, 0.47154521569228264, 0.9190771576139618, 0.9113210775520253, 0.4772042307079747]
Iteration 113: [0.39062609534893156, 0.476785989137087, 0.06828021265067716, 0.815172483585979, 0.06158088139749853, 0.9097204884273118, 0.06610798773131699, 0.9229541395031295, 0.42659637311603227, 0.07688639623727493, 0.9113187908617079, 0.49332043927157265, 0.48805644557926364, 0.04530824768194115, 0.9152570518811736, 0.9205452674435723, 0.47154521569228264, 0.9190771576139618, 0.9113210775520253, 0.4772042307079747]
Iteration 114: [0.39062609534893156, 0.476785989137087, 0.06828021265067716, 0.815172483585979, 0.06158088139749853, 0.9097204884273118, 0.06610798773131699, 0.9229541395031295, 0.42659637311603227, 0.07688639623727493, 0.9113187908617079, 0.49332043927157265, 0.48805644557926364, 0.04530824768194115, 0.9152570518811736, 0.9205452674435723, 0.47154521569228264, 0.9190771576139618, 0.9113210775520253, 0.4772042307079747]
Iteration 115: [0.39062609534893156, 0.476785989137087, 0.06828021265067716, 0.815172483585979, 0.06158088139749853, 0.9097204884273118, 0.06610798773131699, 0.9229541395031295, 0.42659637311603227, 0.07688639623727493, 0.9113187908617079, 0.49332043927157265, 0.48805644557926364, 0.04530824768194115, 0.9152570518811736, 0.9205452674435723, 0.47154521569228264, 0.9190771576139618, 0.9113210775520253, 0.4772042307079747]
Iteration 116: [0.39062609534893156, 0.476785989137087, 0.06828021265067716, 0.815172483585979, 0.06158088139749853, 0.9097204884273118, 0.06610798773131699, 0.9229541395031295, 0.42659637311603227, 0.07688639623727493, 0.9113187908617079, 0.49332043927157265, 0.48805644557926364, 0.04530824768194115, 0.9152570518811736, 0.9205452674435723, 0.47154521569228264, 0.9190771576139618, 0.9113210775520253, 0.4772042307079747]
Iteration 117: [0.39062609534893156, 0.476785989137087, 0.06828021265067716, 0.815172483585979, 0.06158088139749853, 0.9097204884273118, 0.06610798773131699, 0.9229541395031295, 0.42659637311603227, 0.07688639623727493, 0.9113187908617079, 0.49332043927157265, 0.48805644557926364, 0.04530824768194115, 0.9152570518811736, 0.9205452674435723, 0.47154521569228264, 0.9190771576139618, 0.9113210775520253, 0.4772042307079747]
Iteration 118: [0.39062609534893156, 0.476785989137087, 0.06828021265067716, 0.815172483585979, 0.06158088139749853, 0.9097204884273118, 0.06610798773131699, 0.9229541395031295, 0.42659637311603227, 0.07688639623727493, 0.9113187908617079, 0.49332043927157265, 0.48805644557926364, 0.04530824768194115, 0.9152570518811736, 0.9205452674435723, 0.47154521569228264, 0.9190771576139618, 0.9113210775520253, 0.4772042307079747]
Iteration 119: [0.39062609534893156, 0.476785989137087, 0.06828021265067716, 0.815172483585979, 0.06158088139749853, 0.9097204884273118, 0.06610798773131699, 0.9229541395031295, 0.42659637311603227, 0.07688639623727493, 0.9113187908617079, 0.49332043927157265, 0.48805644557926364, 0.04530824768194115, 0.9152570518811736, 0.9205452674435723, 0.47154521569228264, 0.48751378471119217, 0.9113210775520253, 0.4772042307079747]
Iteration 120: [0.39062609534893156, 0.476785989137087, 0.06828021265067716, 0.815172483585979, 0.06158088139749853, 0.9097204884273118, 0.06610798773131699, 0.9229541395031295, 0.42659637311603227, 0.07688639623727493, 0.48234368023797025, 0.49332043927157265, 0.48805644557926364, 0.04530824768194115, 0.9152570518811736, 0.9205452674435723, 0.47154521569228264, 0.48751378471119217, 0.9113210775520253, 0.4772042307079747]
Iteration 121: [0.39062609534893156, 0.476785989137087, 0.06828021265067716, 0.815172483585979, 0.06158088139749853, 0.9097204884273118, 0.06610798773131699, 0.9229541395031295, 0.42659637311603227, 0.07688639623727493, 0.48234368023797025, 0.49332043927157265, 0.48805644557926364, 0.04530824768194115, 0.9152570518811736, 0.9205452674435723, 0.47154521569228264, 0.48751378471119217, 0.9113210775520253, 0.4772042307079747]
Iteration 122: [0.39062609534893156, 0.476785989137087, 0.06828021265067716, 0.815172483585979, 0.06158088139749853, 0.9097204884273118, 0.06610798773131699, 0.9229541395031295, 0.42659637311603227, 0.07688639623727493, 0.48234368023797025, 0.49332043927157265, 0.48805644557926364, 0.04530824768194115, 0.9152570518811736, 0.9205452674435723, 0.47232601320720335, 0.48751378471119217, 0.9113210775520253, 0.4772042307079747]
Iteration 123: [0.39062609534893156, 0.476785989137087, 0.06828021265067716, 0.815172483585979, 0.06158088139749853, 0.9097204884273118, 0.06313503245337015, 0.9229541395031295, 0.42659637311603227, 0.07688639623727493, 0.48234368023797025, 0.49332043927157265, 0.48805644557926364, 0.04530824768194115, 0.9152570518811736, 0.9205452674435723, 0.47232601320720335, 0.4796601802093865, 0.9113210775520253, 0.4772042307079747]
Iteration 124: [0.39062609534893156, 0.476785989137087, 0.06828021265067716, 0.815172483585979, 0.06158088139749853, 0.9097204884273118, 0.06313503245337015, 0.9229541395031295, 0.42659637311603227, 0.07688639623727493, 0.48234368023797025, 0.49332043927157265, 0.48805644557926364, 0.04530824768194115, 0.9152570518811736, 0.9205452674435723, 0.47232601320720335, 0.48050534614019014, 0.9113210775520253, 0.4772042307079747]
Iteration 125: [0.39062609534893156, 0.476785989137087, 0.06828021265067716, 0.815172483585979, 0.06158088139749853, 0.9097204884273118, 0.06313503245337015, 0.9229541395031295, 0.42659637311603227, 0.07688639623727493, 0.48234368023797025, 0.49332043927157265, 0.48805644557926364, 0.04530824768194115, 0.9152570518811736, 0.9205452674435723, 0.47232601320720335, 0.48050534614019014, 0.9113210775520253, 0.4772042307079747]
Iteration 126: [0.39062609534893156, 0.476785989137087, 0.06828021265067716, 0.815172483585979, 0.06158088139749853, 0.9097204884273118, 0.06313503245337015, 0.9229541395031295, 0.42659637311603227, 0.07688639623727493, 0.48234368023797025, 0.49332043927157265, 0.48805644557926364, 0.04530824768194115, 0.9152570518811736, 0.9205452674435723, 0.47232601320720335, 0.48050534614019014, 0.9113210775520253, 0.4772042307079747]
Iteration 127: [0.39062609534893156, 0.476785989137087, 0.06828021265067716, 0.815172483585979, 0.06158088139749853, 0.9097204884273118, 0.06313503245337015, 0.9229541395031295, 0.42659637311603227, 0.07688639623727493, 0.48234368023797025, 0.49332043927157265, 0.48805644557926364, 0.04530824768194115, 0.9152570518811736, 0.9205452674435723, 0.4633809866899953, 0.48050534614019014, 0.9113210775520253, 0.4772042307079747]
Iteration 128: [0.39062609534893156, 0.476785989137087, 0.06828021265067716, 0.815172483585979, 0.06158088139749853, 0.9097204884273118, 0.06313503245337015, 0.9229541395031295, 0.42659637311603227, 0.07688639623727493, 0.48234368023797025, 0.49332043927157265, 0.48805644557926364, 0.04530824768194115, 0.9152570518811736, 0.9205452674435723, 0.4633809866899953, 0.48050534614019014, 0.9113210775520253, 0.4639315956892126]
Iteration 129: [0.39062609534893156, 0.476785989137087, 0.06828021265067716, 0.815172483585979, 0.06158088139749853, 0.9097204884273118, 0.06313503245337015, 0.9229541395031295, 0.42659637311603227, 0.07688639623727493, 0.48234368023797025, 0.49332043927157265, 0.48805644557926364, 0.04530824768194115, 0.9152570518811736, 0.9205452674435723, 0.4633809866899953, 0.48050534614019014, 0.9113210775520253, 0.4639315956892126]
Iteration 130: [0.39062609534893156, 0.476785989137087, 0.06828021265067716, 0.815172483585979, 0.06158088139749853, 0.9097204884273118, 0.06313503245337015, 0.9229541395031295, 0.42659637311603227, 0.06948632542774417, 0.9198989916190081, 0.49332043927157265, 0.48805644557926364, 0.04530824768194115, 0.9152570518811736, 0.9205452674435723, 0.4633809866899953, 0.48050534614019014, 0.9113210775520253, 0.4639315956892126]
Iteration 131: [0.39062609534893156, 0.476785989137087, 0.06828021265067716, 0.815172483585979, 0.06158088139749853, 0.9097204884273118, 0.06313503245337015, 0.9229541395031295, 0.42659637311603227, 0.06948632542774417, 0.9198989916190081, 0.49332043927157265, 0.48805644557926364, 0.04530824768194115, 0.9152570518811736, 0.9205452674435723, 0.4633809866899953, 0.48050534614019014, 0.9113210775520253, 0.4639315956892126]
Iteration 132: [0.39062609534893156, 0.476785989137087, 0.06828021265067716, 0.815172483585979, 0.06158088139749853, 0.9097204884273118, 0.06313503245337015, 0.9229541395031295, 0.42659637311603227, 0.06948632542774417, 0.9198989916190081, 0.49332043927157265, 0.48805644557926364, 0.04530824768194115, 0.9152570518811736, 0.9205452674435723, 0.4633809866899953, 0.48050534614019014, 0.9113210775520253, 0.4639315956892126]
Iteration 133: [0.39062609534893156, 0.476785989137087, 0.06828021265067716, 0.815172483585979, 0.06971298411828325, 0.9097204884273118, 0.06313503245337015, 0.9229541395031295, 0.42659637311603227, 0.06948632542774417, 0.9198989916190081, 0.49332043927157265, 0.48805644557926364, 0.04530824768194115, 0.9152570518811736, 0.9205452674435723, 0.4633809866899953, 0.48050534614019014, 0.9113210775520253, 0.4639315956892126]
Iteration 134: [0.47581557759253856, 0.476785989137087, 0.06828021265067716, 0.815172483585979, 0.06971298411828325, 0.9097204884273118, 0.06313503245337015, 0.9229541395031295, 0.42659637311603227, 0.06948632542774417, 0.9198989916190081, 0.49332043927157265, 0.48805644557926364, 0.04530824768194115, 0.9152570518811736, 0.9205452674435723, 0.4633809866899953, 0.48050534614019014, 0.9113210775520253, 0.4639315956892126]
Iteration 135: [0.47581557759253856, 0.476785989137087, 0.06828021265067716, 0.815172483585979, 0.06971298411828325, 0.9097204884273118, 0.06313503245337015, 0.9229541395031295, 0.42659637311603227, 0.06948632542774417, 0.9198989916190081, 0.49332043927157265, 0.48805644557926364, 0.04530824768194115, 0.9152570518811736, 0.9205452674435723, 0.4633809866899953, 0.48050534614019014, 0.9113210775520253, 0.4639315956892126]
Iteration 136: [0.47581557759253856, 0.476785989137087, 0.06828021265067716, 0.815172483585979, 0.06971298411828325, 0.9097204884273118, 0.06313503245337015, 0.9229541395031295, 0.42659637311603227, 0.06948632542774417, 0.9198989916190081, 0.49332043927157265, 0.48805644557926364, 0.04530824768194115, 0.9152570518811736, 0.9205452674435723, 0.4633809866899953, 0.48050534614019014, 0.9113210775520253, 0.44881377386917065]
Iteration 137: [0.47581557759253856, 0.476785989137087, 0.06828021265067716, 0.815172483585979, 0.06971298411828325, 0.9097204884273118, 0.06313503245337015, 0.9229541395031295, 0.42659637311603227, 0.06948632542774417, 0.9198989916190081, 0.49332043927157265, 0.48805644557926364, 0.04530824768194115, 0.9152570518811736, 0.9205452674435723, 0.4633809866899953, 0.47880568124105827, 0.9113210775520253, 0.44881377386917065]
Iteration 138: [0.47581557759253856, 0.476785989137087, 0.06828021265067716, 0.815172483585979, 0.06971298411828325, 0.9097204884273118, 0.06313503245337015, 0.9229541395031295, 0.42659637311603227, 0.06948632542774417, 0.9198989916190081, 0.49332043927157265, 0.48805644557926364, 0.04530824768194115, 0.9152570518811736, 0.9205452674435723, 0.4633809866899953, 0.47880568124105827, 0.9113210775520253, 0.44881377386917065]
Iteration 139: [0.47581557759253856, 0.476785989137087, 0.06828021265067716, 0.815172483585979, 0.06971298411828325, 0.9097204884273118, 0.06313503245337015, 0.9229541395031295, 0.42659637311603227, 0.06948632542774417, 0.9198989916190081, 0.49332043927157265, 0.48805644557926364, 0.04530824768194115, 0.9152570518811736, 0.9205452674435723, 0.4633809866899953, 0.47880568124105827, 0.9113210775520253, 0.44881377386917065]
Iteration 140: [0.47581557759253856, 0.476785989137087, 0.06828021265067716, 0.815172483585979, 0.06971298411828325, 0.9097204884273118, 0.06313503245337015, 0.9229541395031295, 0.42659637311603227, 0.06690973832852697, 0.9198989916190081, 0.49332043927157265, 0.48805644557926364, 0.04530824768194115, 0.9152570518811736, 0.9205452674435723, 0.4633809866899953, 0.47880568124105827, 0.9113210775520253, 0.44881377386917065]
Iteration 141: [0.47581557759253856, 0.476785989137087, 0.06828021265067716, 0.815172483585979, 0.06971298411828325, 0.9097204884273118, 0.06762349969659344, 0.9229541395031295, 0.42659637311603227, 0.06690973832852697, 0.9198989916190081, 0.49332043927157265, 0.48805644557926364, 0.04530824768194115, 0.9152570518811736, 0.9205452674435723, 0.4633809866899953, 0.47880568124105827, 0.9113210775520253, 0.44881377386917065]
Iteration 142: [0.47581557759253856, 0.476785989137087, 0.06828021265067716, 0.815172483585979, 0.06971298411828325, 0.9097204884273118, 0.06762349969659344, 0.9229541395031295, 0.42659637311603227, 0.06690973832852697, 0.9198989916190081, 0.49332043927157265, 0.48805644557926364, 0.04530824768194115, 0.9152570518811736, 0.9205452674435723, 0.4633809866899953, 0.47880568124105827, 0.9113210775520253, 0.44881377386917065]
Iteration 143: [0.47581557759253856, 0.476785989137087, 0.06828021265067716, 0.815172483585979, 0.06971298411828325, 0.9097204884273118, 0.06762349969659344, 0.9226758053572168, 0.42659637311603227, 0.06690973832852697, 0.9198989916190081, 0.49332043927157265, 0.48805644557926364, 0.04530824768194115, 0.9152570518811736, 0.9205452674435723, 0.4633809866899953, 0.47880568124105827, 0.9113210775520253, 0.44881377386917065]
Iteration 144: [0.47581557759253856, 0.476785989137087, 0.06828021265067716, 0.815172483585979, 0.06971298411828325, 0.9097204884273118, 0.06762349969659344, 0.9226758053572168, 0.42659637311603227, 0.06690973832852697, 0.9198989916190081, 0.49332043927157265, 0.48805644557926364, 0.04530824768194115, 0.9152570518811736, 0.9205452674435723, 0.4633809866899953, 0.47880568124105827, 0.9113210775520253, 0.44881377386917065]
Iteration 145: [0.47581557759253856, 0.476785989137087, 0.06828021265067716, 0.815172483585979, 0.06971298411828325, 0.9097204884273118, 0.06762349969659344, 0.9230358403163883, 0.42659637311603227, 0.06690973832852697, 0.9198989916190081, 0.49332043927157265, 0.48805644557926364, 0.04530824768194115, 0.9152570518811736, 0.9205452674435723, 0.4633809866899953, 0.47880568124105827, 0.9113210775520253, 0.44881377386917065]
Iteration 146: [0.47581557759253856, 0.476785989137087, 0.06828021265067716, 0.815172483585979, 0.06971298411828325, 0.9097204884273118, 0.06762349969659344, 0.9230358403163883, 0.42659637311603227, 0.0694012290883299, 0.9198989916190081, 0.49332043927157265, 0.48805644557926364, 0.04530824768194115, 0.9152570518811736, 0.9205452674435723, 0.4633809866899953, 0.47880568124105827, 0.9113210775520253, 0.44881377386917065]
Iteration 147: [0.47581557759253856, 0.476785989137087, 0.06828021265067716, 0.815172483585979, 0.06971298411828325, 0.9097204884273118, 0.06762349969659344, 0.9230358403163883, 0.42659637311603227, 0.0694012290883299, 0.9198989916190081, 0.49332043927157265, 0.48805644557926364, 0.04530824768194115, 0.9152570518811736, 0.9205452674435723, 0.4633809866899953, 0.47880568124105827, 0.9113210775520253, 0.44881377386917065]
Iteration 148: [0.47581557759253856, 0.476785989137087, 0.06828021265067716, 0.815172483585979, 0.06971298411828325, 0.9097204884273118, 0.06762349969659344, 0.9230358403163883, 0.42659637311603227, 0.0694012290883299, 0.9198989916190081, 0.49332043927157265, 0.48805644557926364, 0.04530824768194115, 0.9152570518811736, 0.9205452674435723, 0.4633809866899953, 0.47880568124105827, 0.9113210775520253, 0.44881377386917065]
Iteration 149: [0.47581557759253856, 0.476785989137087, 0.06828021265067716, 0.815172483585979, 0.06971298411828325, 0.9097204884273118, 0.06762349969659344, 0.9230358403163883, 0.42659637311603227, 0.0694012290883299, 0.9198989916190081, 0.49332043927157265, 0.48805644557926364, 0.04530824768194115, 0.9152570518811736, 0.9205452674435723, 0.4633809866899953, 0.47880568124105827, 0.9113210775520253, 0.44881377386917065]
Iteration 150: [0.47581557759253856, 0.476785989137087, 0.06828021265067716, 0.815172483585979, 0.06971298411828325, 0.9097204884273118, 0.06762349969659344, 0.9230358403163883, 0.42659637311603227, 0.0694012290883299, 0.9198989916190081, 0.49332043927157265, 0.48805644557926364, 0.04530824768194115, 0.9152570518811736, 0.9205452674435723, 0.4633809866899953, 0.47880568124105827, 0.9113210775520253, 0.44881377386917065]
