There are 0 agents who believe in con
There are 16 agents who believe in pro
There are 4 agents who are neutral 

Iteration 1: [0.5416679169795711, 0.4237367857037977, 0.3927686022293737, 0.4626606627307861, 0.3572849029631409, 0.3670630079372691, 0.4526838970020342, 0.3909244874363763, 0.47400348638249257, 0.548712544721563, 0.6074658334577944, 0.5353743989523807, 0.42195358426563745, 0.47679816567547684, 0.4147023256083407, 0.31221009997884713, 0.5482497130048831, 0.43894144171730193, 0.5109099216830223, 0.43656079029085715]
Iteration 2: [0.5416679169795711, 0.4237367857037977, 0.3927686022293737, 0.4626606627307861, 0.3572849029631409, 0.3670630079372691, 0.4526838970020342, 0.3909244874363763, 0.47400348638249257, 0.548712544721563, 0.6074658334577944, 0.5353743989523807, 0.42195358426563745, 0.47679816567547684, 0.4147023256083407, 0.3627532824443597, 0.5482497130048831, 0.43894144171730193, 0.4791614482137258, 0.43656079029085715]
Iteration 3: [0.5416679169795711, 0.4237367857037977, 0.3927686022293737, 0.4626606627307861, 0.3572849029631409, 0.3670630079372691, 0.4526838970020342, 0.3909244874363763, 0.47400348638249257, 0.548712544721563, 0.6074658334577944, 0.5353743989523807, 0.42195358426563745, 0.47679816567547684, 0.4147023256083407, 0.3627532824443597, 0.5482497130048831, 0.43894144171730193, 0.5145148464718178, 0.43656079029085715]
Iteration 4: [0.5416679169795711, 0.4237367857037977, 0.3927686022293737, 0.4626606627307861, 0.3572849029631409, 0.3670630079372691, 0.4526838970020342, 0.3909244874363763, 0.47400348638249257, 0.548712544721563, 0.6074658334577944, 0.5353743989523807, 0.42195358426563745, 0.47679816567547684, 0.4147023256083407, 0.3627532824443597, 0.5476589439778092, 0.43894144171730193, 0.5145148464718178, 0.43656079029085715]
Iteration 5: [0.5416679169795711, 0.4237367857037977, 0.3927686022293737, 0.4626606627307861, 0.3572849029631409, 0.3670630079372691, 0.4526838970020342, 0.3909244874363763, 0.47400348638249257, 0.548712544721563, 0.6074658334577944, 0.46627547358553223, 0.42195358426563745, 0.47679816567547684, 0.4147023256083407, 0.3627532824443597, 0.5476589439778092, 0.5313795975855435, 0.5145148464718178, 0.43656079029085715]
Iteration 6: [0.5416679169795711, 0.4237367857037977, 0.3927686022293737, 0.4626606627307861, 0.34261951819691805, 0.3670630079372691, 0.4526838970020342, 0.3909244874363763, 0.47400348638249257, 0.548712544721563, 0.6074658334577944, 0.46627547358553223, 0.5625461737715409, 0.47679816567547684, 0.4147023256083407, 0.3627532824443597, 0.5476589439778092, 0.5313795975855435, 0.5145148464718178, 0.43656079029085715]
Iteration 7: [0.5416679169795711, 0.5429430016727796, 0.5033637247065558, 0.4626606627307861, 0.34261951819691805, 0.3670630079372691, 0.4526838970020342, 0.3909244874363763, 0.47400348638249257, 0.548712544721563, 0.6074658334577944, 0.46627547358553223, 0.5625461737715409, 0.47679816567547684, 0.4147023256083407, 0.3627532824443597, 0.5476589439778092, 0.5313795975855435, 0.5145148464718178, 0.43656079029085715]
Iteration 8: [0.5416679169795711, 0.5429430016727796, 0.5033637247065558, 0.4626606627307861, 0.34261951819691805, 0.3670630079372691, 0.4526838970020342, 0.3909244874363763, 0.47400348638249257, 0.548712544721563, 0.6074658334577944, 0.5358155704993594, 0.5625461737715409, 0.47679816567547684, 0.4147023256083407, 0.3627532824443597, 0.5476589439778092, 0.5313795975855435, 0.5233851942768815, 0.43656079029085715]
Iteration 9: [0.5416679169795711, 0.5429430016727796, 0.5033637247065558, 0.5019086664825779, 0.3863326760139937, 0.3670630079372691, 0.4526838970020342, 0.3909244874363763, 0.47400348638249257, 0.548712544721563, 0.6074658334577944, 0.5358155704993594, 0.5625461737715409, 0.47679816567547684, 0.4147023256083407, 0.3627532824443597, 0.5476589439778092, 0.5313795975855435, 0.5233851942768815, 0.43656079029085715]
Iteration 10: [0.5416679169795711, 0.5429430016727796, 0.5033637247065558, 0.5019086664825779, 0.3839384944049869, 0.3670630079372691, 0.4526838970020342, 0.3909244874363763, 0.47400348638249257, 0.548712544721563, 0.6074658334577944, 0.5358155704993594, 0.5625461737715409, 0.47679816567547684, 0.548456906344946, 0.3627532824443597, 0.5476589439778092, 0.5313795975855435, 0.5233851942768815, 0.43656079029085715]
Iteration 11: [0.5416679169795711, 0.5429430016727796, 0.5033637247065558, 0.5019086664825779, 0.42705686187384195, 0.3670630079372691, 0.4526838970020342, 0.3909244874363763, 0.47400348638249257, 0.548712544721563, 0.6074658334577944, 0.5358155704993594, 0.5625461737715409, 0.47679816567547684, 0.548456906344946, 0.3627532824443597, 0.5476589439778092, 0.5313795975855435, 0.5122338852760847, 0.43656079029085715]
Iteration 12: [0.5712429147749317, 0.5429430016727796, 0.5033637247065558, 0.5019086664825779, 0.4193404872778367, 0.3670630079372691, 0.4526838970020342, 0.3909244874363763, 0.47400348638249257, 0.548712544721563, 0.6074658334577944, 0.5358155704993594, 0.5625461737715409, 0.47679816567547684, 0.548456906344946, 0.3627532824443597, 0.5476589439778092, 0.5313795975855435, 0.5122338852760847, 0.43656079029085715]
Iteration 13: [0.5712429147749317, 0.5429430016727796, 0.5033637247065558, 0.5019086664825779, 0.4193404872778367, 0.3670630079372691, 0.4526838970020342, 0.3909244874363763, 0.47400348638249257, 0.548712544721563, 0.6871783771283493, 0.5358155704993594, 0.5625461737715409, 0.47679816567547684, 0.548456906344946, 0.45959635873818777, 0.5476589439778092, 0.5313795975855435, 0.5122338852760847, 0.43656079029085715]
Iteration 14: [0.5712429147749317, 0.5429430016727796, 0.5033637247065558, 0.5019086664825779, 0.5307531903415235, 0.3670630079372691, 0.4526838970020342, 0.3909244874363763, 0.47400348638249257, 0.548712544721563, 0.6871783771283493, 0.5358155704993594, 0.7512381887905935, 0.47679816567547684, 0.548456906344946, 0.45959635873818777, 0.5476589439778092, 0.5313795975855435, 0.5122338852760847, 0.43656079029085715]
Iteration 15: [0.5712429147749317, 0.5429430016727796, 0.5033637247065558, 0.5019086664825779, 0.5307531903415235, 0.3670630079372691, 0.4526838970020342, 0.3909244874363763, 0.47400348638249257, 0.548712544721563, 0.6871783771283493, 0.5358155704993594, 0.8673744128623416, 0.47679816567547684, 0.548456906344946, 0.45959635873818777, 0.5476589439778092, 0.5313795975855435, 0.5122338852760847, 0.43656079029085715]
Iteration 16: [0.5712429147749317, 0.5429430016727796, 0.5033637247065558, 0.5019086664825779, 0.5307531903415235, 0.3670630079372691, 0.4526838970020342, 0.3909244874363763, 0.47400348638249257, 0.5285169415098342, 0.6871783771283493, 0.5358155704993594, 0.8673744128623416, 0.47679816567547684, 0.548456906344946, 0.45959635873818777, 0.5476589439778092, 0.5313795975855435, 0.5122338852760847, 0.43656079029085715]
Iteration 17: [0.5712429147749317, 0.5429430016727796, 0.5033637247065558, 0.5019086664825779, 0.5307531903415235, 0.3403108506674649, 0.4526838970020342, 0.4202657228553732, 0.47400348638249257, 0.5285169415098342, 0.6871783771283493, 0.5358155704993594, 0.8673744128623416, 0.47679816567547684, 0.548456906344946, 0.45959635873818777, 0.5476589439778092, 0.5313795975855435, 0.5122338852760847, 0.43656079029085715]
Iteration 18: [0.5712429147749317, 0.5429430016727796, 0.5033637247065558, 0.5019086664825779, 0.5307531903415235, 0.3403108506674649, 0.4276742950991394, 0.4202657228553732, 0.47400348638249257, 0.5285169415098342, 0.6871783771283493, 0.5358155704993594, 0.8673744128623416, 0.47679816567547684, 0.5174683837406224, 0.45959635873818777, 0.5476589439778092, 0.5313795975855435, 0.5122338852760847, 0.43656079029085715]
Iteration 19: [0.5712429147749317, 0.48373844805443483, 0.5033637247065558, 0.5019086664825779, 0.5307531903415235, 0.3403108506674649, 0.4610504701039823, 0.4202657228553732, 0.47400348638249257, 0.5285169415098342, 0.6871783771283493, 0.5358155704993594, 0.8673744128623416, 0.47679816567547684, 0.5174683837406224, 0.45959635873818777, 0.5476589439778092, 0.5313795975855435, 0.5122338852760847, 0.43656079029085715]
Iteration 20: [0.5712429147749317, 0.4873759830854066, 0.5033637247065558, 0.5019086664825779, 0.5307531903415235, 0.3403108506674649, 0.4610504701039823, 0.42715882720124393, 0.47400348638249257, 0.5285169415098342, 0.6871783771283493, 0.5358155704993594, 0.8673744128623416, 0.47679816567547684, 0.5174683837406224, 0.45959635873818777, 0.5476589439778092, 0.5313795975855435, 0.5122338852760847, 0.43656079029085715]
Iteration 21: [0.5712429147749317, 0.4873759830854066, 0.5033637247065558, 0.5019086664825779, 0.5307531903415235, 0.3403108506674649, 0.40135466585403534, 0.42715882720124393, 0.47400348638249257, 0.5285169415098342, 0.7395654485950307, 0.5358155704993594, 0.8673744128623416, 0.47679816567547684, 0.5174683837406224, 0.45959635873818777, 0.5476589439778092, 0.5313795975855435, 0.5122338852760847, 0.43656079029085715]
Iteration 22: [0.5712429147749317, 0.48104050553417776, 0.5033637247065558, 0.5019086664825779, 0.5307531903415235, 0.3403108506674649, 0.40135466585403534, 0.42715882720124393, 0.47400348638249257, 0.5285169415098342, 0.7395654485950307, 0.5358155704993594, 0.8673744128623416, 0.47679816567547684, 0.5174683837406224, 0.45959635873818777, 0.5476589439778092, 0.5313795975855435, 0.5122338852760847, 0.43656079029085715]
Iteration 23: [0.5712429147749317, 0.48104050553417776, 0.5033637247065558, 0.5019086664825779, 0.5307531903415235, 0.3403108506674649, 0.40135466585403534, 0.49649792834631123, 0.47400348638249257, 0.5285169415098342, 0.7395654485950307, 0.5358155704993594, 0.8673744128623416, 0.4989932707370669, 0.5174683837406224, 0.45959635873818777, 0.5476589439778092, 0.5313795975855435, 0.5122338852760847, 0.43656079029085715]
Iteration 24: [0.5712429147749317, 0.48104050553417776, 0.5033637247065558, 0.5019086664825779, 0.5307531903415235, 0.44620387994805816, 0.40135466585403534, 0.49649792834631123, 0.47400348638249257, 0.5285169415098342, 0.7395654485950307, 0.5358155704993594, 0.8673744128623416, 0.4989932707370669, 0.5174683837406224, 0.45959635873818777, 0.5476589439778092, 0.5313795975855435, 0.5122338852760847, 0.43656079029085715]
Iteration 25: [0.5712429147749317, 0.48104050553417776, 0.5033637247065558, 0.5019086664825779, 0.8409604926727463, 0.44620387994805816, 0.40135466585403534, 0.49649792834631123, 0.47400348638249257, 0.5285169415098342, 0.7395654485950307, 0.5358155704993594, 0.7761254767440615, 0.4989932707370669, 0.5174683837406224, 0.45959635873818777, 0.5476589439778092, 0.5313795975855435, 0.5122338852760847, 0.43656079029085715]
Iteration 26: [0.5712429147749317, 0.48104050553417776, 0.5033637247065558, 0.5019086664825779, 0.8409604926727463, 0.44620387994805816, 0.40135466585403534, 0.49649792834631123, 0.47400348638249257, 0.5285169415098342, 0.7395654485950307, 0.5358155704993594, 0.7761254767440615, 0.4989932707370669, 0.5174683837406224, 0.45959635873818777, 0.6090369888640277, 0.5313795975855435, 0.5540364953487229, 0.43656079029085715]
Iteration 27: [0.5712429147749317, 0.48104050553417776, 0.5033637247065558, 0.5019086664825779, 0.8409604926727463, 0.44620387994805816, 0.40135466585403534, 0.49649792834631123, 0.47400348638249257, 0.5285169415098342, 0.7395654485950307, 0.5358155704993594, 0.6440401126848165, 0.4989932707370669, 0.5174683837406224, 0.45959635873818777, 0.6090369888640277, 0.6066579038437779, 0.5540364953487229, 0.43656079029085715]
Iteration 28: [0.5712429147749317, 0.4662445218583603, 0.5033637247065558, 0.5019086664825779, 0.8409604926727463, 0.5900224165244772, 0.40135466585403534, 0.49649792834631123, 0.47400348638249257, 0.5285169415098342, 0.7395654485950307, 0.5358155704993594, 0.6440401126848165, 0.4989932707370669, 0.5174683837406224, 0.45959635873818777, 0.6090369888640277, 0.6066579038437779, 0.5540364953487229, 0.43656079029085715]
Iteration 29: [0.5712429147749317, 0.4662445218583603, 0.5033637247065558, 0.5019086664825779, 0.8409604926727463, 0.5900224165244772, 0.40135466585403534, 0.49649792834631123, 0.47400348638249257, 0.5285169415098342, 0.7395654485950307, 0.5358155704993594, 0.6440401126848165, 0.4989932707370669, 0.5174683837406224, 0.45959635873818777, 0.6856801794650601, 0.6066579038437779, 0.5540364953487229, 0.43656079029085715]
Iteration 30: [0.5712429147749317, 0.4662445218583603, 0.5033637247065558, 0.48620413136348506, 0.8409604926727463, 0.5900224165244772, 0.40135466585403534, 0.49649792834631123, 0.47400348638249257, 0.5285169415098342, 0.7395654485950307, 0.5358155704993594, 0.6440401126848165, 0.4989932707370669, 0.5174683837406224, 0.45959635873818777, 0.6856801794650601, 0.6066579038437779, 0.5540364953487229, 0.43656079029085715]
Iteration 31: [0.5712429147749317, 0.4662445218583603, 0.5033637247065558, 0.43781844923151647, 0.8409604926727463, 0.5900224165244772, 0.40135466585403534, 0.49649792834631123, 0.47400348638249257, 0.5285169415098342, 0.7395654485950307, 0.5358155704993594, 0.6440401126848165, 0.4989932707370669, 0.5174683837406224, 0.45959635873818777, 0.6856801794650601, 0.851224204742682, 0.5540364953487229, 0.43656079029085715]
Iteration 32: [0.5712429147749317, 0.4662445218583603, 0.5033637247065558, 0.43781844923151647, 0.8409604926727463, 0.5900224165244772, 0.40135466585403534, 0.49649792834631123, 0.47400348638249257, 0.5285169415098342, 0.7395654485950307, 0.5358155704993594, 0.6440401126848165, 0.4989932707370669, 0.5174683837406224, 0.5339448229229714, 0.6856801794650601, 0.851224204742682, 0.5540364953487229, 0.43656079029085715]
Iteration 33: [0.5712429147749317, 0.4662445218583603, 0.5033637247065558, 0.43781844923151647, 0.8409604926727463, 0.5900224165244772, 0.40135466585403534, 0.49649792834631123, 0.47400348638249257, 0.44757874513682344, 0.7395654485950307, 0.5272923361792639, 0.6440401126848165, 0.4989932707370669, 0.5174683837406224, 0.5339448229229714, 0.6856801794650601, 0.851224204742682, 0.5540364953487229, 0.43656079029085715]
Iteration 34: [0.5712429147749317, 0.4662445218583603, 0.5033637247065558, 0.43781844923151647, 0.8409604926727463, 0.5900224165244772, 0.40135466585403534, 0.48498904496701345, 0.47400348638249257, 0.44757874513682344, 0.7395654485950307, 0.5272923361792639, 0.6440401126848165, 0.4989932707370669, 0.5174683837406224, 0.5339448229229714, 0.6856801794650601, 0.6767478292022551, 0.5540364953487229, 0.43656079029085715]
Iteration 35: [0.5712429147749317, 0.4662445218583603, 0.5033637247065558, 0.43781844923151647, 0.8409604926727463, 0.5900224165244772, 0.40135466585403534, 0.48498904496701345, 0.4531528578489061, 0.4882091249268876, 0.7395654485950307, 0.5272923361792639, 0.6440401126848165, 0.4989932707370669, 0.5174683837406224, 0.5339448229229714, 0.6856801794650601, 0.6767478292022551, 0.5540364953487229, 0.43656079029085715]
Iteration 36: [0.5712429147749317, 0.6142134208867049, 0.5033637247065558, 0.43781844923151647, 0.8409604926727463, 0.5900224165244772, 0.40135466585403534, 0.5062164081263391, 0.4531528578489061, 0.4882091249268876, 0.7395654485950307, 0.5272923361792639, 0.6440401126848165, 0.4989932707370669, 0.5174683837406224, 0.5339448229229714, 0.6856801794650601, 0.6767478292022551, 0.5540364953487229, 0.43656079029085715]
Iteration 37: [0.5712429147749317, 0.6142134208867049, 0.5033637247065558, 0.43781844923151647, 0.8409604926727463, 0.5900224165244772, 0.40135466585403534, 0.5062164081263391, 0.4531528578489061, 0.4882091249268876, 0.7431149938162983, 0.5272923361792639, 0.6373042814255717, 0.4989932707370669, 0.5174683837406224, 0.5339448229229714, 0.6856801794650601, 0.6767478292022551, 0.5540364953487229, 0.43656079029085715]
Iteration 38: [0.5712429147749317, 0.6142134208867049, 0.5033637247065558, 0.43781844923151647, 0.8409604926727463, 0.6591297444974971, 0.40135466585403534, 0.5062164081263391, 0.5970106257500137, 0.4882091249268876, 0.7431149938162983, 0.5272923361792639, 0.6373042814255717, 0.4989932707370669, 0.5174683837406224, 0.5339448229229714, 0.6856801794650601, 0.6767478292022551, 0.5540364953487229, 0.43656079029085715]
Iteration 39: [0.5712429147749317, 0.6142134208867049, 0.5964534825971827, 0.43781844923151647, 0.8409604926727463, 0.6591297444974971, 0.40135466585403534, 0.493741585260176, 0.5970106257500137, 0.4882091249268876, 0.7431149938162983, 0.5272923361792639, 0.6373042814255717, 0.4989932707370669, 0.5174683837406224, 0.5339448229229714, 0.6856801794650601, 0.6767478292022551, 0.5540364953487229, 0.43656079029085715]
Iteration 40: [0.5712429147749317, 0.6142134208867049, 0.5964534825971827, 0.43781844923151647, 0.8409604926727463, 0.6591297444974971, 0.40135466585403534, 0.48746008787252776, 0.6399895088582173, 0.4882091249268876, 0.7431149938162983, 0.5272923361792639, 0.6373042814255717, 0.4989932707370669, 0.5174683837406224, 0.5339448229229714, 0.6856801794650601, 0.6767478292022551, 0.5540364953487229, 0.43656079029085715]
Iteration 41: [0.5712429147749317, 0.6142134208867049, 0.5964534825971827, 0.43781844923151647, 0.8409604926727463, 0.6591297444974971, 0.40135466585403534, 0.4629055563477596, 0.6399895088582173, 0.4882091249268876, 0.7431149938162983, 0.5272923361792639, 0.6898235305430065, 0.4989932707370669, 0.5174683837406224, 0.5339448229229714, 0.6856801794650601, 0.6767478292022551, 0.5540364953487229, 0.43656079029085715]
Iteration 42: [0.5712429147749317, 0.6142134208867049, 0.8670768930720479, 0.43781844923151647, 0.8331176062352008, 0.6591297444974971, 0.40135466585403534, 0.4629055563477596, 0.6399895088582173, 0.4882091249268876, 0.7431149938162983, 0.5272923361792639, 0.6898235305430065, 0.4989932707370669, 0.5174683837406224, 0.5339448229229714, 0.6856801794650601, 0.6767478292022551, 0.5540364953487229, 0.43656079029085715]
Iteration 43: [0.5712429147749317, 0.6142134208867049, 0.8670768930720479, 0.43781844923151647, 0.8331176062352008, 0.6591297444974971, 0.40135466585403534, 0.4629055563477596, 0.6399895088582173, 0.5393729500667138, 0.7431149938162983, 0.5272923361792639, 0.6762760034843579, 0.4989932707370669, 0.5174683837406224, 0.5339448229229714, 0.6856801794650601, 0.6767478292022551, 0.5540364953487229, 0.43656079029085715]
Iteration 44: [0.5712429147749317, 0.6142134208867049, 0.8670768930720479, 0.43781844923151647, 0.699966790735033, 0.6591297444974971, 0.40135466585403534, 0.4629055563477596, 0.6399895088582173, 0.5393729500667138, 0.7431149938162983, 0.5272923361792639, 0.6762760034843579, 0.4989932707370669, 0.5174683837406224, 0.4486390353195449, 0.6856801794650601, 0.6767478292022551, 0.5540364953487229, 0.43656079029085715]
Iteration 45: [0.5712429147749317, 0.6142134208867049, 0.8670768930720479, 0.43781844923151647, 0.699966790735033, 0.6944451149155519, 0.40135466585403534, 0.4629055563477596, 0.6399895088582173, 0.5393729500667138, 0.7431149938162983, 0.5272923361792639, 0.6762760034843579, 0.4989932707370669, 0.5174683837406224, 0.4486390353195449, 0.6856801794650601, 0.6767478292022551, 0.5540364953487229, 0.43656079029085715]
Iteration 46: [0.5712429147749317, 0.6142134208867049, 0.8670768930720479, 0.43781844923151647, 0.699966790735033, 0.6944451149155519, 0.40135466585403534, 0.4629055563477596, 0.6399895088582173, 0.5393729500667138, 0.7431149938162983, 0.5272923361792639, 0.6762760034843579, 0.4989932707370669, 0.5174683837406224, 0.44870163055312257, 0.6856801794650601, 0.6471877534766933, 0.5540364953487229, 0.43656079029085715]
Iteration 47: [0.5712429147749317, 0.6142134208867049, 0.6855477054655482, 0.43781844923151647, 0.699966790735033, 0.6944451149155519, 0.40135466585403534, 0.4629055563477596, 0.6399895088582173, 0.5393729500667138, 0.7431149938162983, 0.4708334448369298, 0.6762760034843579, 0.4989932707370669, 0.5174683837406224, 0.44870163055312257, 0.6856801794650601, 0.6471877534766933, 0.5540364953487229, 0.43656079029085715]
Iteration 48: [0.5712429147749317, 0.6142134208867049, 0.6855477054655482, 0.43781844923151647, 0.699966790735033, 0.6944451149155519, 0.40135466585403534, 0.4629055563477596, 0.6399895088582173, 0.5393729500667138, 0.7431149938162983, 0.5835139441374112, 0.6762760034843579, 0.4989932707370669, 0.5174683837406224, 0.44870163055312257, 0.6856801794650601, 0.6471877534766933, 0.5540364953487229, 0.43656079029085715]
Iteration 49: [0.5712429147749317, 0.6142134208867049, 0.6855477054655482, 0.43781844923151647, 0.6600976414351971, 0.6944451149155519, 0.40135466585403534, 0.4629055563477596, 0.6399895088582173, 0.5393729500667138, 0.7431149938162983, 0.5835139441374112, 0.6762760034843579, 0.4989932707370669, 0.5174683837406224, 0.44870163055312257, 0.6856801794650601, 0.6471877534766933, 0.6087466890510399, 0.43656079029085715]
Iteration 50: [0.5712429147749317, 0.6142134208867049, 0.6855477054655482, 0.4448845332787666, 0.6600976414351971, 0.661809923768553, 0.40135466585403534, 0.4629055563477596, 0.6399895088582173, 0.5393729500667138, 0.7431149938162983, 0.5835139441374112, 0.6762760034843579, 0.4989932707370669, 0.5174683837406224, 0.44870163055312257, 0.6856801794650601, 0.6471877534766933, 0.6087466890510399, 0.43656079029085715]
Iteration 51: [0.5712429147749317, 0.6142134208867049, 0.6855477054655482, 0.7305433851350385, 0.6600976414351971, 0.661809923768553, 0.40135466585403534, 0.4629055563477596, 0.6399895088582173, 0.5393729500667138, 0.7431149938162983, 0.5835139441374112, 0.6762760034843579, 0.5594684291019969, 0.5174683837406224, 0.44870163055312257, 0.6856801794650601, 0.6471877534766933, 0.6087466890510399, 0.43656079029085715]
Iteration 52: [0.5712429147749317, 0.6142134208867049, 0.6855477054655482, 0.7305433851350385, 0.6600976414351971, 0.661809923768553, 0.40135466585403534, 0.4629055563477596, 0.6399895088582173, 0.5393729500667138, 0.7431149938162983, 0.5835139441374112, 0.6563880477041152, 0.5594684291019969, 0.4834223910003008, 0.44870163055312257, 0.6856801794650601, 0.6471877534766933, 0.6087466890510399, 0.43656079029085715]
Iteration 53: [0.5712429147749317, 0.6142134208867049, 0.6855477054655482, 0.7305433851350385, 0.6600976414351971, 0.661809923768553, 0.40135466585403534, 0.4629055563477596, 0.6399895088582173, 0.5393729500667138, 0.7431149938162983, 0.5835139441374112, 0.6563880477041152, 0.6132716039575262, 0.4834223910003008, 0.44870163055312257, 0.6766087092317892, 0.6471877534766933, 0.6087466890510399, 0.43656079029085715]
Iteration 54: [0.5712429147749317, 0.6142134208867049, 0.6855477054655482, 0.7305433851350385, 0.6600976414351971, 0.661809923768553, 0.40135466585403534, 0.4629055563477596, 0.6399895088582173, 0.5393729500667138, 0.7431149938162983, 0.47814844958302427, 0.6563880477041152, 0.6132716039575262, 0.4750593206876293, 0.44870163055312257, 0.6766087092317892, 0.6471877534766933, 0.6087466890510399, 0.43656079029085715]
Iteration 55: [0.5712429147749317, 0.6142134208867049, 0.6855477054655482, 0.8668114790536517, 0.6600976414351971, 0.661809923768553, 0.407062521009474, 0.4629055563477596, 0.6399895088582173, 0.5393729500667138, 0.7431149938162983, 0.47814844958302427, 0.6563880477041152, 0.6132716039575262, 0.4750593206876293, 0.44870163055312257, 0.6766087092317892, 0.6471877534766933, 0.6087466890510399, 0.43656079029085715]
Iteration 56: [0.5712429147749317, 0.6142134208867049, 0.6855477054655482, 0.8668114790536517, 0.6600976414351971, 0.661809923768553, 0.407062521009474, 0.4629055563477596, 0.6399895088582173, 0.5393729500667138, 0.7431149938162983, 0.47814844958302427, 0.6563880477041152, 0.6132716039575262, 0.4750593206876293, 0.44870163055312257, 0.6896385736673127, 0.6471877534766933, 0.6087466890510399, 0.543490704312321]
Iteration 57: [0.5712429147749317, 0.6142134208867049, 0.6855477054655482, 0.8668114790536517, 0.6600976414351971, 0.661809923768553, 0.407062521009474, 0.4629055563477596, 0.6399895088582173, 0.6222812566722781, 0.7431149938162983, 0.47814844958302427, 0.6563880477041152, 0.6132716039575262, 0.4750593206876293, 0.4512302340746752, 0.6896385736673127, 0.6471877534766933, 0.6087466890510399, 0.543490704312321]
Iteration 58: [0.5712429147749317, 0.6142134208867049, 0.6855477054655482, 0.8571885058814097, 0.6600976414351971, 0.661809923768553, 0.407062521009474, 0.4629055563477596, 0.6399895088582173, 0.6222812566722781, 0.7431149938162983, 0.47814844958302427, 0.6563880477041152, 0.6132716039575262, 0.4750593206876293, 0.4512302340746752, 0.6896385736673127, 0.6471877534766933, 0.6087466890510399, 0.6924243583335297]
Iteration 59: [0.34336124266157103, 0.6142134208867049, 0.6855477054655482, 0.8571885058814097, 0.6600976414351971, 0.661809923768553, 0.407062521009474, 0.4629055563477596, 0.6399895088582173, 0.6222812566722781, 0.7431149938162983, 0.47814844958302427, 0.6563880477041152, 0.6132716039575262, 0.4750593206876293, 0.4512302340746752, 0.6896385736673127, 0.6471877534766933, 0.680841648931463, 0.6924243583335297]
Iteration 60: [0.34336124266157103, 0.6142134208867049, 0.6855477054655482, 0.8571885058814097, 0.6600976414351971, 0.661809923768553, 0.42428183265812525, 0.4629055563477596, 0.6399895088582173, 0.6222812566722781, 0.7431149938162983, 0.47814844958302427, 0.6563880477041152, 0.6132716039575262, 0.4750593206876293, 0.4378306060342268, 0.6896385736673127, 0.6471877534766933, 0.680841648931463, 0.6924243583335297]
Iteration 61: [0.34336124266157103, 0.6142134208867049, 0.6855477054655482, 0.8571885058814097, 0.6600976414351971, 0.661809923768553, 0.42428183265812525, 0.4629055563477596, 0.6399895088582173, 0.6222812566722781, 0.7431149938162983, 0.47129568155957224, 0.6563880477041152, 0.65373675062136, 0.4750593206876293, 0.4378306060342268, 0.6896385736673127, 0.6471877534766933, 0.680841648931463, 0.6924243583335297]
Iteration 62: [0.34336124266157103, 0.6142134208867049, 0.6855477054655482, 0.8571885058814097, 0.6600976414351971, 0.661809923768553, 0.4387111053573171, 0.4629055563477596, 0.7180001653247587, 0.6222812566722781, 0.7431149938162983, 0.47129568155957224, 0.6563880477041152, 0.65373675062136, 0.4750593206876293, 0.4378306060342268, 0.6896385736673127, 0.6471877534766933, 0.680841648931463, 0.6924243583335297]
Iteration 63: [0.34336124266157103, 0.6142134208867049, 0.6855477054655482, 0.8571885058814097, 0.6600976414351971, 0.6506013743581461, 0.4387111053573171, 0.4629055563477596, 0.6620017462578609, 0.6222812566722781, 0.7431149938162983, 0.47129568155957224, 0.6563880477041152, 0.65373675062136, 0.4750593206876293, 0.4378306060342268, 0.6896385736673127, 0.6471877534766933, 0.680841648931463, 0.6924243583335297]
Iteration 64: [0.34336124266157103, 0.6142134208867049, 0.6855477054655482, 0.8571885058814097, 0.6600976414351971, 0.6506013743581461, 0.4387111053573171, 0.8124422506262445, 0.6620017462578609, 0.6222812566722781, 0.7431149938162983, 0.47129568155957224, 0.6563880477041152, 0.65373675062136, 0.4750593206876293, 0.4347163729896191, 0.6896385736673127, 0.6471877534766933, 0.680841648931463, 0.6924243583335297]
Iteration 65: [0.34336124266157103, 0.6142134208867049, 0.6855477054655482, 0.8571885058814097, 0.6600976414351971, 0.6506013743581461, 0.46820103208422725, 0.8124422506262445, 0.6620017462578609, 0.6222812566722781, 0.7431149938162983, 0.47129568155957224, 0.8432151833008914, 0.65373675062136, 0.4750593206876293, 0.4347163729896191, 0.6896385736673127, 0.6471877534766933, 0.680841648931463, 0.6924243583335297]
Iteration 66: [0.3499575973857658, 0.6142134208867049, 0.6855477054655482, 0.8571885058814097, 0.6600976414351971, 0.6506013743581461, 0.46820103208422725, 0.8124422506262445, 0.6620017462578609, 0.6222812566722781, 0.7431149938162983, 0.47129568155957224, 0.8432151833008914, 0.65373675062136, 0.4750593206876293, 0.3271224034826817, 0.6896385736673127, 0.6471877534766933, 0.680841648931463, 0.6924243583335297]
Iteration 67: [0.3499575973857658, 0.6142134208867049, 0.6855477054655482, 0.6834691807915296, 0.6600976414351971, 0.6506013743581461, 0.46820103208422725, 0.8124422506262445, 0.6620017462578609, 0.6222812566722781, 0.7431149938162983, 0.47129568155957224, 0.8432151833008914, 0.65373675062136, 0.4750593206876293, 0.3271224034826817, 0.6994192757513201, 0.6471877534766933, 0.680841648931463, 0.6924243583335297]
Iteration 68: [0.3499575973857658, 0.6142134208867049, 0.6855477054655482, 0.6834691807915296, 0.6600976414351971, 0.6506013743581461, 0.46820103208422725, 0.8124422506262445, 0.6620017462578609, 0.6222812566722781, 0.7431149938162983, 0.47129568155957224, 0.6603391907795944, 0.65373675062136, 0.4750593206876293, 0.41854235392146416, 0.6994192757513201, 0.6471877534766933, 0.680841648931463, 0.6924243583335297]
Iteration 69: [0.3499575973857658, 0.6142134208867049, 0.6855477054655482, 0.6834691807915296, 0.6333790301389298, 0.6506013743581461, 0.46820103208422725, 0.8124422506262445, 0.6620017462578609, 0.6222812566722781, 0.7431149938162983, 0.47129568155957224, 0.6603391907795944, 0.65373675062136, 0.4750593206876293, 0.41854235392146416, 0.6994192757513201, 0.6471877534766933, 0.7097433522211355, 0.6924243583335297]
Iteration 70: [0.3499575973857658, 0.6142134208867049, 0.6855477054655482, 0.6834691807915296, 0.6333790301389298, 0.6506013743581461, 0.46820103208422725, 0.8124422506262445, 0.6620017462578609, 0.6222812566722781, 0.7431149938162983, 0.47129568155957224, 0.6603391907795944, 0.65373675062136, 0.47167078183690886, 0.41854235392146416, 0.6994192757513201, 0.6471877534766933, 0.7046793268893862, 0.6924243583335297]
Iteration 71: [0.3499575973857658, 0.6142134208867049, 0.6855477054655482, 0.6834691807915296, 0.6333790301389298, 0.6506013743581461, 0.46820103208422725, 0.8124422506262445, 0.6620017462578609, 0.6222812566722781, 0.7431149938162983, 0.5951555234969405, 0.6603391907795944, 0.65373675062136, 0.5434840496834806, 0.41854235392146416, 0.6994192757513201, 0.6471877534766933, 0.7046793268893862, 0.6924243583335297]
Iteration 72: [0.3499575973857658, 0.6142134208867049, 0.6855477054655482, 0.6834691807915296, 0.6333790301389298, 0.6988830766514912, 0.46820103208422725, 0.8124422506262445, 0.670280630526412, 0.6222812566722781, 0.7431149938162983, 0.5951555234969405, 0.6603391907795944, 0.65373675062136, 0.5434840496834806, 0.41854235392146416, 0.6994192757513201, 0.6471877534766933, 0.7046793268893862, 0.6924243583335297]
Iteration 73: [0.3499575973857658, 0.6226426370053983, 0.6855477054655482, 0.6834691807915296, 0.6333790301389298, 0.6988830766514912, 0.46820103208422725, 0.8124422506262445, 0.670280630526412, 0.6222812566722781, 0.7431149938162983, 0.5951555234969405, 0.6603391907795944, 0.65373675062136, 0.5434840496834806, 0.41854235392146416, 0.6994192757513201, 0.6471877534766933, 0.7046793268893862, 0.6924243583335297]
Iteration 74: [0.3499575973857658, 0.6226426370053983, 0.6855477054655482, 0.6834691807915296, 0.6333790301389298, 0.6988830766514912, 0.46820103208422725, 0.8124422506262445, 0.670280630526412, 0.6222812566722781, 0.722655399096529, 0.5951555234969405, 0.6603391907795944, 0.65373675062136, 0.5434840496834806, 0.41854235392146416, 0.8573236966169825, 0.6471877534766933, 0.7046793268893862, 0.6924243583335297]
Iteration 75: [0.3499575973857658, 0.6226426370053983, 0.7212654866822779, 0.6834691807915296, 0.6333790301389298, 0.6988830766514912, 0.46820103208422725, 0.8124422506262445, 0.670280630526412, 0.6222812566722781, 0.8727501552700226, 0.5951555234969405, 0.6603391907795944, 0.65373675062136, 0.5434840496834806, 0.41854235392146416, 0.8573236966169825, 0.6471877534766933, 0.7046793268893862, 0.6924243583335297]
Iteration 76: [0.3499575973857658, 0.6226426370053983, 0.7212654866822779, 0.5000969951991023, 0.6333790301389298, 0.6988830766514912, 0.46820103208422725, 0.8124422506262445, 0.670280630526412, 0.6222812566722781, 0.8727501552700226, 0.5951555234969405, 0.6603391907795944, 0.65373675062136, 0.5434840496834806, 0.41854235392146416, 0.8573236966169825, 0.7069562002538542, 0.7046793268893862, 0.6924243583335297]
Iteration 77: [0.3499575973857658, 0.6226426370053983, 0.7212654866822779, 0.5000969951991023, 0.6333790301389298, 0.6988830766514912, 0.46820103208422725, 0.8124422506262445, 0.670280630526412, 0.6222812566722781, 0.8727501552700226, 0.5951555234969405, 0.686138371511916, 0.65373675062136, 0.5434840496834806, 0.41854235392146416, 0.8573236966169825, 0.7069562002538542, 0.6361762107931797, 0.6924243583335297]
Iteration 78: [0.3499575973857658, 0.6226426370053983, 0.7212654866822779, 0.5000969951991023, 0.6333790301389298, 0.6988830766514912, 0.46820103208422725, 0.8124422506262445, 0.670280630526412, 0.6222812566722781, 0.8727501552700226, 0.5951555234969405, 0.686138371511916, 0.65373675062136, 0.5434840496834806, 0.41854235392146416, 0.8573236966169825, 0.7069562002538542, 0.6361762107931797, 0.6924243583335297]
Iteration 79: [0.3499575973857658, 0.6226426370053983, 0.7212654866822779, 0.5000969951991023, 0.6333790301389298, 0.6988830766514912, 0.46820103208422725, 0.8124422506262445, 0.670280630526412, 0.6222812566722781, 0.8727501552700226, 0.5951555234969405, 0.686138371511916, 0.65373675062136, 0.5432062322997558, 0.41854235392146416, 0.8573236966169825, 0.7069562002538542, 0.6505126252574106, 0.6924243583335297]
Iteration 80: [0.3499575973857658, 0.6226426370053983, 0.7212654866822779, 0.5000969951991023, 0.6333790301389298, 0.6988830766514912, 0.46820103208422725, 0.8124422506262445, 0.670280630526412, 0.6222812566722781, 0.8727501552700226, 0.5951555234969405, 0.686138371511916, 0.65373675062136, 0.5432062322997558, 0.41854235392146416, 0.6100223013043575, 0.7069562002538542, 0.6505126252574106, 0.5177854601165679]
Iteration 81: [0.3499575973857658, 0.6226426370053983, 0.7212654866822779, 0.5000969951991023, 0.6333790301389298, 0.6988830766514912, 0.46820103208422725, 0.8124422506262445, 0.6591754798332593, 0.6222812566722781, 0.8727501552700226, 0.5951555234969405, 0.686138371511916, 0.65373675062136, 0.5432062322997558, 0.41854235392146416, 0.6100223013043575, 0.7069562002538542, 0.6505126252574106, 0.9585912790562606]
Iteration 82: [0.3499575973857658, 0.6226426370053983, 0.7212654866822779, 0.5000969951991023, 0.6333790301389298, 0.6988830766514912, 0.46820103208422725, 0.8124422506262445, 0.6247773846079223, 0.6222812566722781, 0.8727501552700226, 0.5404026086724691, 0.686138371511916, 0.65373675062136, 0.5432062322997558, 0.41854235392146416, 0.6100223013043575, 0.7069562002538542, 0.6505126252574106, 0.9585912790562606]
Iteration 83: [0.3499575973857658, 0.6371382142304698, 0.7212654866822779, 0.5000969951991023, 0.6333790301389298, 0.6988830766514912, 0.46820103208422725, 0.8124422506262445, 0.6247773846079223, 0.6222812566722781, 0.8727501552700226, 0.5404026086724691, 0.686138371511916, 0.65373675062136, 0.5432062322997558, 0.41854235392146416, 0.6100223013043575, 0.7069562002538542, 0.6505126252574106, 0.9585912790562606]
Iteration 84: [0.3499575973857658, 0.6371382142304698, 0.7212654866822779, 0.5000969951991023, 0.6333790301389298, 0.6988830766514912, 0.46820103208422725, 0.8124422506262445, 0.6182851751299306, 0.6222812566722781, 0.8554112550488933, 0.5404026086724691, 0.686138371511916, 0.65373675062136, 0.5432062322997558, 0.41854235392146416, 0.6100223013043575, 0.7069562002538542, 0.6505126252574106, 0.9585912790562606]
Iteration 85: [0.3499575973857658, 0.6371382142304698, 0.7212654866822779, 0.5000969951991023, 0.6333790301389298, 0.6988830766514912, 0.46820103208422725, 0.8124422506262445, 0.6182851751299306, 0.6222812566722781, 0.8554112550488933, 0.5404026086724691, 0.686138371511916, 0.65373675062136, 0.5443439122790092, 0.41854235392146416, 0.6100223013043575, 0.7069562002538542, 0.6505126252574106, 0.9585912790562606]
Iteration 86: [0.3499575973857658, 0.6371382142304698, 0.7212654866822779, 0.5000969951991023, 0.6333790301389298, 0.6988830766514912, 0.46820103208422725, 0.8124422506262445, 0.6182851751299306, 0.6222812566722781, 0.8554112550488933, 0.5404026086724691, 0.686138371511916, 0.65373675062136, 0.5443439122790092, 0.4619685533146199, 0.6100223013043575, 0.7069562002538542, 0.6505126252574106, 0.9774774280313466]
Iteration 87: [0.3499575973857658, 0.6371382142304698, 0.7212654866822779, 0.5000969951991023, 0.6333790301389298, 0.6988830766514912, 0.46820103208422725, 0.8124422506262445, 0.6182851751299306, 0.6222812566722781, 0.8554112550488933, 0.5404026086724691, 0.686138371511916, 0.65373675062136, 0.5443439122790092, 0.4619685533146199, 0.6159427992954748, 0.7069562002538542, 0.6729281961470642, 0.9774774280313466]
Iteration 88: [0.3499575973857658, 0.6371382142304698, 0.7212654866822779, 0.9738164280319369, 0.6333790301389298, 0.6988830766514912, 0.46820103208422725, 0.8124422506262445, 0.6182851751299306, 0.6222812566722781, 0.8554112550488933, 0.5404026086724691, 0.686138371511916, 0.65373675062136, 0.6648609307785739, 0.4619685533146199, 0.6159427992954748, 0.7069562002538542, 0.6729281961470642, 0.9774774280313466]
Iteration 89: [0.3499575973857658, 0.6371382142304698, 0.7212654866822779, 0.9738164280319369, 0.6333790301389298, 0.6988830766514912, 0.46820103208422725, 0.8124422506262445, 0.6182851751299306, 0.6222812566722781, 0.6812115827294426, 0.5404026086724691, 0.686138371511916, 0.65373675062136, 0.6648609307785739, 0.4619685533146199, 0.6159427992954748, 0.7069562002538542, 0.6532307158889983, 0.9774774280313466]
Iteration 90: [0.3499575973857658, 0.6371382142304698, 0.7212654866822779, 0.9738164280319369, 0.6333790301389298, 0.6988830766514912, 0.46820103208422725, 0.8124422506262445, 0.6182851751299306, 0.6222812566722781, 0.6812115827294426, 0.5404026086724691, 0.686138371511916, 0.8426725723033387, 0.6648609307785739, 0.4619685533146199, 0.6159427992954748, 0.7069562002538542, 0.6674175542814983, 0.9774774280313466]
Iteration 91: [0.3499575973857658, 0.6371382142304698, 0.8326615326513309, 0.9738164280319369, 0.6333790301389298, 0.6988830766514912, 0.46820103208422725, 0.8124422506262445, 0.6277795336509686, 0.6222812566722781, 0.6812115827294426, 0.5404026086724691, 0.686138371511916, 0.8426725723033387, 0.6648609307785739, 0.4619685533146199, 0.6159427992954748, 0.7069562002538542, 0.6674175542814983, 0.9774774280313466]
Iteration 92: [0.3499575973857658, 0.6371382142304698, 0.8326615326513309, 0.9738164280319369, 0.6333790301389298, 0.6988830766514912, 0.46820103208422725, 0.8124422506262445, 0.6277795336509686, 0.6222812566722781, 0.6812115827294426, 0.5404026086724691, 0.686138371511916, 0.8426725723033387, 0.6648609307785739, 0.4619685533146199, 0.6159427992954748, 0.8523042508493598, 0.6674175542814983, 0.9585912790562606]
Iteration 93: [0.3499575973857658, 0.6371382142304698, 0.8326615326513309, 0.9738164280319369, 0.6333790301389298, 0.6988830766514912, 0.41877582266258223, 0.8124422506262445, 0.6277795336509686, 0.6222812566722781, 0.6812115827294426, 0.5404026086724691, 0.686138371511916, 0.8643441601987958, 0.6648609307785739, 0.4619685533146199, 0.6159427992954748, 0.8523042508493598, 0.6674175542814983, 0.9585912790562606]
Iteration 94: [0.3499575973857658, 0.6371382142304698, 0.8326615326513309, 0.9738164280319369, 0.6333790301389298, 0.7236683866478527, 0.41877582266258223, 0.8124422506262445, 0.6277795336509686, 0.6222812566722781, 0.6812115827294426, 0.5404026086724691, 0.686138371511916, 0.8643441601987958, 0.6648609307785739, 0.4619685533146199, 0.6159427992954748, 0.8523042508493598, 0.6674175542814983, 0.9554172622307967]
Iteration 95: [0.3499575973857658, 0.6371382142304698, 0.8326615326513309, 0.9738164280319369, 0.6333790301389298, 0.7236683866478527, 0.41877582266258223, 0.8124422506262445, 0.6277795336509686, 0.6673355859560433, 0.6812115827294426, 0.5404026086724691, 0.686138371511916, 0.8643441601987958, 0.6648609307785739, 0.4619685533146199, 0.6159427992954748, 0.7111594016578716, 0.6674175542814983, 0.9554172622307967]
Iteration 96: [0.3499575973857658, 0.6371382142304698, 0.6918473198975937, 0.9738164280319369, 0.6333790301389298, 0.7236683866478527, 0.577276142106143, 0.8124422506262445, 0.6277795336509686, 0.6673355859560433, 0.6812115827294426, 0.5404026086724691, 0.686138371511916, 0.8643441601987958, 0.6648609307785739, 0.4619685533146199, 0.6159427992954748, 0.7111594016578716, 0.6674175542814983, 0.9554172622307967]
Iteration 97: [0.3499575973857658, 0.6371382142304698, 0.6918473198975937, 0.9738164280319369, 0.6333790301389298, 0.7236683866478527, 0.577276142106143, 0.473659830206031, 0.6277795336509686, 0.6673355859560433, 0.6812115827294426, 0.5404026086724691, 0.686138371511916, 0.6991925557205669, 0.6648609307785739, 0.4619685533146199, 0.6159427992954748, 0.7111594016578716, 0.6674175542814983, 0.9554172622307967]
Iteration 98: [0.3499575973857658, 0.6371382142304698, 0.6918473198975937, 0.9738164280319369, 0.6333790301389298, 0.7236683866478527, 0.577276142106143, 0.473659830206031, 0.6277795336509686, 0.6673355859560433, 0.6812115827294426, 0.5725279970711101, 0.686138371511916, 0.6991925557205669, 0.6648609307785739, 0.4619685533146199, 0.6159427992954748, 0.7111594016578716, 0.6674175542814983, 0.9554172622307967]
Iteration 99: [0.3499575973857658, 0.6371382142304698, 0.6918473198975937, 0.9744929721208048, 0.6333790301389298, 0.7236683866478527, 0.577276142106143, 0.473659830206031, 0.6277795336509686, 0.6673355859560433, 0.6812115827294426, 0.5725279970711101, 0.686138371511916, 0.7156121809765179, 0.6648609307785739, 0.4619685533146199, 0.6159427992954748, 0.7111594016578716, 0.6674175542814983, 0.9554172622307967]
Iteration 100: [0.3499575973857658, 0.6445875259320963, 0.6918473198975937, 0.9744929721208048, 0.6333790301389298, 0.7236683866478527, 0.577276142106143, 0.473659830206031, 0.6277795336509686, 0.6673355859560433, 0.6812115827294426, 0.5725279970711101, 0.7068765042516953, 0.7156121809765179, 0.6648609307785739, 0.4619685533146199, 0.6159427992954748, 0.7111594016578716, 0.6674175542814983, 0.9554172622307967]
Iteration 101: [0.3499575973857658, 0.6672733037723773, 0.6918473198975937, 0.9744929721208048, 0.6333790301389298, 0.7236683866478527, 0.577276142106143, 0.473659830206031, 0.6277795336509686, 0.6673355859560433, 0.6812115827294426, 0.5725279970711101, 0.7068765042516953, 0.7156121809765179, 0.6648609307785739, 0.4619685533146199, 0.6159427992954748, 0.7111594016578716, 0.6674175542814983, 0.9554172622307967]
Iteration 102: [0.3499575973857658, 0.6672733037723773, 0.6918473198975937, 0.9744929721208048, 0.6333790301389298, 0.7236683866478527, 0.577276142106143, 0.473659830206031, 0.6190053358496286, 0.6673355859560433, 0.6812115827294426, 0.5725279970711101, 0.7068765042516953, 0.7156121809765179, 0.6648609307785739, 0.4619685533146199, 0.6159427992954748, 0.7076759377506501, 0.6674175542814983, 0.9554172622307967]
Iteration 103: [0.3499575973857658, 0.6672733037723773, 0.6918473198975937, 0.9744929721208048, 0.6333790301389298, 0.7236683866478527, 0.577276142106143, 0.473659830206031, 0.6190053358496286, 0.6673355859560433, 0.6812115827294426, 0.5725279970711101, 0.7068765042516953, 0.7018475337976553, 0.6648609307785739, 0.4619685533146199, 0.6159427992954748, 0.7076759377506501, 0.6674175542814983, 0.7266280443791895]
Iteration 104: [0.3499575973857658, 0.6672733037723773, 0.6918473198975937, 0.9744929721208048, 0.6333790301389298, 0.7236683866478527, 0.577276142106143, 0.473659830206031, 0.6336012452158905, 0.6673355859560433, 0.6812115827294426, 0.5725279970711101, 0.7068765042516953, 0.7018475337976553, 0.6648609307785739, 0.4619685533146199, 0.6159427992954748, 0.7076759377506501, 0.6276625657797408, 0.7266280443791895]
Iteration 105: [0.3499575973857658, 0.6672733037723773, 0.6918473198975937, 0.9744929721208048, 0.6333790301389298, 0.7236683866478527, 0.577276142106143, 0.473659830206031, 0.6336012452158905, 0.6673355859560433, 0.6812115827294426, 0.5725279970711101, 0.7068765042516953, 0.8400181090739829, 0.6847198219576949, 0.4619685533146199, 0.6159427992954748, 0.7076759377506501, 0.6276625657797408, 0.7266280443791895]
Iteration 106: [0.3499575973857658, 0.6672733037723773, 0.6918473198975937, 0.9744929721208048, 0.6333790301389298, 0.7236683866478527, 0.577276142106143, 0.473659830206031, 0.6336012452158905, 0.6673355859560433, 0.6812115827294426, 0.5725279970711101, 0.723386185971498, 0.8400181090739829, 0.6847198219576949, 0.4619685533146199, 0.6159427992954748, 0.7076759377506501, 0.6336154917040264, 0.7266280443791895]
Iteration 107: [0.3499575973857658, 0.6672733037723773, 0.6918473198975937, 0.9744929721208048, 0.6333790301389298, 0.7421203293488234, 0.577276142106143, 0.473659830206031, 0.6336012452158905, 0.6673355859560433, 0.6812115827294426, 0.5725279970711101, 0.723386185971498, 0.8400181090739829, 0.6847198219576949, 0.31200764874999537, 0.6159427992954748, 0.7076759377506501, 0.6336154917040264, 0.7266280443791895]
Iteration 108: [0.3499575973857658, 0.6672733037723773, 0.6918473198975937, 0.9744929721208048, 0.6333790301389298, 0.7421203293488234, 0.5730702383008317, 0.473659830206031, 0.6336012452158905, 0.6673355859560433, 0.6812115827294426, 0.5725279970711101, 0.723386185971498, 0.8400181090739829, 0.6847198219576949, 0.31200764874999537, 0.6159427992954748, 0.6785265684414269, 0.6336154917040264, 0.7266280443791895]
Iteration 109: [0.3499575973857658, 0.6672733037723773, 0.6918473198975937, 0.9796504797079981, 0.6333790301389298, 0.7421203293488234, 0.5730702383008317, 0.473659830206031, 0.6336012452158905, 0.7023833277791472, 0.6812115827294426, 0.5725279970711101, 0.723386185971498, 0.8400181090739829, 0.6847198219576949, 0.31200764874999537, 0.6159427992954748, 0.6785265684414269, 0.6336154917040264, 0.7266280443791895]
Iteration 110: [0.3499575973857658, 0.6672733037723773, 0.6918473198975937, 0.9796504797079981, 0.6333790301389298, 0.7421203293488234, 0.5730702383008317, 0.473659830206031, 0.6336012452158905, 0.6844128346332178, 0.6812115827294426, 0.6121100818955358, 0.723386185971498, 0.8400181090739829, 0.6847198219576949, 0.31200764874999537, 0.6159427992954748, 0.6785265684414269, 0.6336154917040264, 0.7266280443791895]
Iteration 111: [0.3499575973857658, 0.6672733037723773, 0.6918473198975937, 0.9796504797079981, 0.6333790301389298, 0.7421203293488234, 0.5730702383008317, 0.473659830206031, 0.6336012452158905, 0.6844128346332178, 0.6812409286732314, 0.6121100818955358, 0.723386185971498, 0.5739770003525302, 0.6847198219576949, 0.31200764874999537, 0.6159427992954748, 0.6785265684414269, 0.6336154917040264, 0.7266280443791895]
Iteration 112: [0.3499575973857658, 0.6672733037723773, 0.6345290302597093, 0.9796504797079981, 0.6333790301389298, 0.7421203293488234, 0.5730702383008317, 0.473659830206031, 0.6336012452158905, 0.6844128346332178, 0.6812409286732314, 0.6121100818955358, 0.723386185971498, 0.5739770003525302, 0.6847198219576949, 0.403346296574233, 0.6159427992954748, 0.6785265684414269, 0.6336154917040264, 0.7266280443791895]
Iteration 113: [0.3499575973857658, 0.6672733037723773, 0.6345290302597093, 0.9796504797079981, 0.6333790301389298, 0.7421203293488234, 0.5730702383008317, 0.473659830206031, 0.6336012452158905, 0.6811479642847227, 0.6812409286732314, 0.6121100818955358, 0.723386185971498, 0.5739770003525302, 0.6847198219576949, 0.403346296574233, 0.6159427992954748, 0.6785265684414269, 0.6336154917040264, 0.716409408938565]
Iteration 114: [0.3499575973857658, 0.6672733037723773, 0.6345290302597093, 0.9796504797079981, 0.6333790301389298, 0.7421203293488234, 0.5730702383008317, 0.473659830206031, 0.6336012452158905, 0.6811479642847227, 0.6812409286732314, 0.48613596369130346, 0.723386185971498, 0.5739770003525302, 0.6847198219576949, 0.403346296574233, 0.6159427992954748, 0.6785265684414269, 0.6336154917040264, 0.716409408938565]
Iteration 115: [0.3499575973857658, 0.6672733037723773, 0.8341698769679877, 0.9796504797079981, 0.6333790301389298, 0.7421203293488234, 0.5730702383008317, 0.473659830206031, 0.6336012452158905, 0.6811479642847227, 0.6812409286732314, 0.48613596369130346, 0.723386185971498, 0.5739770003525302, 0.6847198219576949, 0.403346296574233, 0.6159427992954748, 0.6785265684414269, 0.5741935728742532, 0.716409408938565]
Iteration 116: [0.3499575973857658, 0.6672733037723773, 0.8341698769679877, 0.9796504797079981, 0.6333790301389298, 0.7421203293488234, 0.5730702383008317, 0.473659830206031, 0.6336012452158905, 0.6757224247242221, 0.7149664970656703, 0.48613596369130346, 0.723386185971498, 0.5739770003525302, 0.6847198219576949, 0.403346296574233, 0.6159427992954748, 0.6785265684414269, 0.5741935728742532, 0.716409408938565]
Iteration 117: [0.3499575973857658, 0.6672733037723773, 0.8341698769679877, 0.9796504797079981, 0.6333790301389298, 0.7193789636358994, 0.5730702383008317, 0.473659830206031, 0.6336012452158905, 0.6757224247242221, 0.7149664970656703, 0.48613596369130346, 0.723386185971498, 0.5739770003525302, 0.8477301109329913, 0.403346296574233, 0.6159427992954748, 0.6785265684414269, 0.5741935728742532, 0.716409408938565]
Iteration 118: [0.3499575973857658, 0.6672733037723773, 0.8341698769679877, 0.9796504797079981, 0.6333790301389298, 0.7193789636358994, 0.5730702383008317, 0.473659830206031, 0.6336012452158905, 0.6757224247242221, 0.7179689996308357, 0.48613596369130346, 0.723386185971498, 0.5739770003525302, 0.8477301109329913, 0.403346296574233, 0.6159427992954748, 0.713240808067264, 0.5741935728742532, 0.716409408938565]
Iteration 119: [0.3499575973857658, 0.6646143924619586, 0.8341698769679877, 0.9796504797079981, 0.6072211998929371, 0.7193789636358994, 0.5730702383008317, 0.473659830206031, 0.6336012452158905, 0.6757224247242221, 0.7179689996308357, 0.48613596369130346, 0.723386185971498, 0.5739770003525302, 0.8477301109329913, 0.403346296574233, 0.6159427992954748, 0.713240808067264, 0.5741935728742532, 0.716409408938565]
Iteration 120: [0.3499575973857658, 0.6646143924619586, 0.8341698769679877, 0.9796504797079981, 0.6664247559003806, 0.7193789636358994, 0.5614298469818472, 0.473659830206031, 0.6336012452158905, 0.6757224247242221, 0.7179689996308357, 0.48613596369130346, 0.723386185971498, 0.5739770003525302, 0.8477301109329913, 0.403346296574233, 0.6159427992954748, 0.713240808067264, 0.5741935728742532, 0.716409408938565]
Iteration 121: [0.3499575973857658, 0.6647182663420669, 0.8341698769679877, 0.9796504797079981, 0.6664247559003806, 0.7193789636358994, 0.5614298469818472, 0.473659830206031, 0.6336012452158905, 0.6757224247242221, 0.7179689996308357, 0.48613596369130346, 0.723386185971498, 0.5739770003525302, 0.8477301109329913, 0.403346296574233, 0.6159427992954748, 0.6978558775133429, 0.5741935728742532, 0.716409408938565]
Iteration 122: [0.3499575973857658, 0.6783908547369911, 0.8341698769679877, 0.9796504797079981, 0.6664247559003806, 0.7193789636358994, 0.5614298469818472, 0.473659830206031, 0.6336012452158905, 0.6757224247242221, 0.7179689996308357, 0.48613596369130346, 0.8549986828325994, 0.5739770003525302, 0.8477301109329913, 0.403346296574233, 0.6159427992954748, 0.6978558775133429, 0.5741935728742532, 0.716409408938565]
Iteration 123: [0.3499575973857658, 0.6783908547369911, 0.8341698769679877, 0.9796504797079981, 0.6664247559003806, 0.7193789636358994, 0.5244933731577763, 0.47304941443225046, 0.6336012452158905, 0.6757224247242221, 0.7179689996308357, 0.48613596369130346, 0.8549986828325994, 0.5739770003525302, 0.8477301109329913, 0.403346296574233, 0.6159427992954748, 0.6978558775133429, 0.5741935728742532, 0.716409408938565]
Iteration 124: [0.3499575973857658, 0.6783908547369911, 0.8341698769679877, 0.9796504797079981, 0.6664247559003806, 0.7193789636358994, 0.5244933731577763, 0.47304941443225046, 0.6336012452158905, 0.6757224247242221, 0.7179689996308357, 0.48613596369130346, 0.8549986828325994, 0.5739770003525302, 0.6646580768853725, 0.403346296574233, 0.6159427992954748, 0.6978558775133429, 0.6218219360987842, 0.716409408938565]
Iteration 125: [0.3499575973857658, 0.6783908547369911, 0.8341698769679877, 0.6268296717879672, 0.6664247559003806, 0.7193789636358994, 0.5244933731577763, 0.4876354941735501, 0.6336012452158905, 0.6757224247242221, 0.7179689996308357, 0.48613596369130346, 0.8549986828325994, 0.5739770003525302, 0.6646580768853725, 0.403346296574233, 0.6159427992954748, 0.6978558775133429, 0.6218219360987842, 0.716409408938565]
Iteration 126: [0.3499575973857658, 0.6783908547369911, 0.8341698769679877, 0.6268296717879672, 0.6975306737589689, 0.7193789636358994, 0.6553678743548881, 0.4876354941735501, 0.6336012452158905, 0.6757224247242221, 0.7179689996308357, 0.48613596369130346, 0.8549986828325994, 0.5739770003525302, 0.6646580768853725, 0.403346296574233, 0.6159427992954748, 0.6978558775133429, 0.6218219360987842, 0.716409408938565]
Iteration 127: [0.3499575973857658, 0.6783908547369911, 0.8341698769679877, 0.6268296717879672, 0.6975306737589689, 0.7193789636358994, 0.6553678743548881, 0.4876354941735501, 0.6336012452158905, 0.6646723720102361, 0.7179689996308357, 0.48613596369130346, 0.8549986828325994, 0.5739770003525302, 0.6923279811913345, 0.403346296574233, 0.6159427992954748, 0.6978558775133429, 0.6218219360987842, 0.716409408938565]
Iteration 128: [0.6824192937463093, 0.6783908547369911, 0.8341698769679877, 0.6268296717879672, 0.6975306737589689, 0.7193789636358994, 0.6553678743548881, 0.4876354941735501, 0.6336012452158905, 0.6646723720102361, 0.7179689996308357, 0.48613596369130346, 0.8549986828325994, 0.5739770003525302, 0.6923279811913345, 0.403346296574233, 0.6159427992954748, 0.6978558775133429, 0.6218219360987842, 0.7214840670824257]
Iteration 129: [0.6824192937463093, 0.6702640624459126, 0.8341698769679877, 0.6268296717879672, 0.6975306737589689, 0.7193789636358994, 0.6553678743548881, 0.4876354941735501, 0.6336012452158905, 0.6646723720102361, 0.7179689996308357, 0.48613596369130346, 0.737790319302441, 0.5739770003525302, 0.6923279811913345, 0.403346296574233, 0.6159427992954748, 0.6978558775133429, 0.6218219360987842, 0.7214840670824257]
Iteration 130: [0.6824192937463093, 0.6812677457301842, 0.8341698769679877, 0.6268296717879672, 0.6975306737589689, 0.7193789636358994, 0.6553678743548881, 0.4876354941735501, 0.6336012452158905, 0.6646723720102361, 0.7179689996308357, 0.48613596369130346, 0.7617613099325209, 0.5739770003525302, 0.6923279811913345, 0.403346296574233, 0.6159427992954748, 0.6978558775133429, 0.6218219360987842, 0.7214840670824257]
Iteration 131: [0.6824192937463093, 0.6812677457301842, 0.8341698769679877, 0.6268296717879672, 0.6975306737589689, 0.7193789636358994, 0.6553678743548881, 0.4876354941735501, 0.6336012452158905, 0.6646723720102361, 0.7179689996308357, 0.48613596369130346, 0.7617613099325209, 0.5739770003525302, 0.6923279811913345, 0.403346296574233, 0.6159427992954748, 0.7174515237155655, 0.6218219360987842, 0.7214840670824257]
Iteration 132: [0.6824192937463093, 0.6812677457301842, 0.8341698769679877, 0.6268296717879672, 0.6975306737589689, 0.7193789636358994, 0.6553678743548881, 0.46904503160730593, 0.6336012452158905, 0.6646723720102361, 0.7179689996308357, 0.48613596369130346, 0.7617613099325209, 0.5739770003525302, 0.7053568122850548, 0.403346296574233, 0.6159427992954748, 0.7174515237155655, 0.6218219360987842, 0.7214840670824257]
Iteration 133: [0.6824192937463093, 0.6812677457301842, 0.8341698769679877, 0.6268296717879672, 0.6975306737589689, 0.7193789636358994, 0.6553678743548881, 0.46904503160730593, 0.6336012452158905, 0.6646723720102361, 0.7179689996308357, 0.48613596369130346, 0.7617613099325209, 0.5859734039501275, 0.7053568122850548, 0.403346296574233, 0.6159427992954748, 0.7174515237155655, 0.6042152019158741, 0.7214840670824257]
Iteration 134: [0.6824192937463093, 0.6812677457301842, 0.8341698769679877, 0.6268296717879672, 0.6975306737589689, 0.7193789636358994, 0.6553678743548881, 0.46904503160730593, 0.6336012452158905, 0.6811232456766949, 0.7050604789542234, 0.48613596369130346, 0.7617613099325209, 0.5859734039501275, 0.7053568122850548, 0.403346296574233, 0.6159427992954748, 0.7174515237155655, 0.6042152019158741, 0.7214840670824257]
Iteration 135: [0.6824192937463093, 0.6812677457301842, 0.8341698769679877, 0.6268296717879672, 0.6975306737589689, 0.7193789636358994, 0.6553678743548881, 0.46904503160730593, 0.6336012452158905, 0.6811232456766949, 0.7102433832761805, 0.48613596369130346, 0.7617613099325209, 0.5859734039501275, 0.7053568122850548, 0.403346296574233, 0.6159427992954748, 0.7174515237155655, 0.6042152019158741, 0.7307409213429881]
Iteration 136: [0.6824192937463093, 0.6812677457301842, 0.8341698769679877, 0.6268296717879672, 0.6975306737589689, 0.7193789636358994, 0.6553678743548881, 0.46904503160730593, 0.6336012452158905, 0.6811232456766949, 0.7102433832761805, 0.548294413975853, 0.7617613099325209, 0.5859734039501275, 0.7003249672930011, 0.403346296574233, 0.6159427992954748, 0.7174515237155655, 0.6042152019158741, 0.7307409213429881]
Iteration 137: [0.6824192937463093, 0.6812677457301842, 0.8341698769679877, 0.6268296717879672, 0.6975306737589689, 0.7193789636358994, 0.6553678743548881, 0.4689429994220852, 0.6336012452158905, 0.6811232456766949, 0.7102433832761805, 0.548294413975853, 0.7617613099325209, 0.5859734039501275, 0.7003249672930011, 0.403346296574233, 0.6159427992954748, 0.7174515237155655, 0.6160990651154854, 0.7307409213429881]
Iteration 138: [0.7292711422444409, 0.6812677457301842, 0.8341698769679877, 0.6268296717879672, 0.6975306737589689, 0.7193789636358994, 0.6553678743548881, 0.4689429994220852, 0.6336012452158905, 0.6811232456766949, 0.7102433832761805, 0.548294413975853, 0.7617613099325209, 0.5859734039501275, 0.7003249672930011, 0.403346296574233, 0.6159427992954748, 0.7174515237155655, 0.6160990651154854, 0.7307409213429881]
Iteration 139: [0.7292711422444409, 0.6812677457301842, 0.16864595280977765, 0.6196635927098009, 0.6975306737589689, 0.7193789636358994, 0.6553678743548881, 0.4689429994220852, 0.6336012452158905, 0.6811232456766949, 0.7102433832761805, 0.548294413975853, 0.7617613099325209, 0.5859734039501275, 0.7003249672930011, 0.403346296574233, 0.6159427992954748, 0.7174515237155655, 0.6160990651154854, 0.7307409213429881]
Iteration 140: [0.7292711422444409, 0.6812677457301842, 0.7000577119875213, 0.6196635927098009, 0.6975306737589689, 0.7193789636358994, 0.6553678743548881, 0.4689429994220852, 0.6336012452158905, 0.6811232456766949, 0.7102433832761805, 0.548294413975853, 0.7617613099325209, 0.5859734039501275, 0.7003249672930011, 0.403346296574233, 0.6159427992954748, 0.7173660916029989, 0.6160990651154854, 0.7307409213429881]
Iteration 141: [0.7292711422444409, 0.6812677457301842, 0.7000577119875213, 0.6196635927098009, 0.6975306737589689, 0.7193789636358994, 0.6553678743548881, 0.4689429994220852, 0.6336012452158905, 0.6811232456766949, 0.6945923326782794, 0.548294413975853, 0.7617613099325209, 0.5859734039501275, 0.7003249672930011, 0.43097647884691415, 0.6159427992954748, 0.7173660916029989, 0.6160990651154854, 0.7307409213429881]
Iteration 142: [0.7292711422444409, 0.6335778502526387, 0.7000577119875213, 0.6196635927098009, 0.6975306737589689, 0.7193789636358994, 0.6553678743548881, 0.4689429994220852, 0.6336012452158905, 0.6811232456766949, 0.6945923326782794, 0.548294413975853, 0.7617613099325209, 0.5859734039501275, 0.7003249672930011, 0.43097647884691415, 0.6159427992954748, 0.7173660916029989, 0.5982865473641459, 0.7307409213429881]
Iteration 143: [0.7292711422444409, 0.6335778502526387, 0.7000577119875213, 0.6196635927098009, 0.6956362950595566, 0.7193789636358994, 0.6553678743548881, 0.4689429994220852, 0.6336012452158905, 0.6811232456766949, 0.6945923326782794, 0.548294413975853, 0.6591269518400897, 0.5859734039501275, 0.7003249672930011, 0.43097647884691415, 0.6159427992954748, 0.7173660916029989, 0.5982865473641459, 0.7307409213429881]
Iteration 144: [0.7292711422444409, 0.6335778502526387, 0.7000577119875213, 0.6196635927098009, 0.6956362950595566, 0.7193789636358994, 0.6553678743548881, 0.4689429994220852, 0.6336012452158905, 0.6811232456766949, 0.6945923326782794, 0.5508138836600901, 0.6591269518400897, 0.5859734039501275, 0.7003249672930011, 0.43097647884691415, 0.6159427992954748, 0.7173660916029989, 0.6101812678442875, 0.7307409213429881]
Iteration 145: [0.7292711422444409, 0.6335778502526387, 0.7000577119875213, 0.8176842509345902, 0.6956362950595566, 0.7193789636358994, 0.6553678743548881, 0.4689429994220852, 0.6336012452158905, 0.6811232456766949, 0.6945923326782794, 0.5508138836600901, 0.6591269518400897, 0.5670153350926472, 0.7003249672930011, 0.43097647884691415, 0.6159427992954748, 0.7173660916029989, 0.6101812678442875, 0.7307409213429881]
Iteration 146: [0.7292711422444409, 0.6335778502526387, 0.7000577119875213, 0.6421534263631382, 0.6956362950595566, 0.7193789636358994, 0.6553678743548881, 0.4814255068978461, 0.6336012452158905, 0.6811232456766949, 0.6945923326782794, 0.5508138836600901, 0.6591269518400897, 0.5670153350926472, 0.7003249672930011, 0.43097647884691415, 0.6159427992954748, 0.7173660916029989, 0.6101812678442875, 0.7307409213429881]
Iteration 147: [0.7292711422444409, 0.6335778502526387, 0.7000577119875213, 0.6421534263631382, 0.6956362950595566, 0.650636661590516, 0.6553678743548881, 0.4814255068978461, 0.6336012452158905, 0.6811232456766949, 0.6945923326782794, 0.5508138836600901, 0.6591269518400897, 0.5670153350926472, 0.7003249672930011, 0.43097647884691415, 0.6159427992954748, 0.7173660916029989, 0.6101812678442875, 0.7307409213429881]
Iteration 148: [0.7292711422444409, 0.6335778502526387, 0.6507061218363622, 0.6421534263631382, 0.6956362950595566, 0.650636661590516, 0.6553678743548881, 0.4814255068978461, 0.6336012452158905, 0.6811232456766949, 0.6945923326782794, 0.5508138836600901, 0.6591269518400897, 0.5670153350926472, 0.7003249672930011, 0.43097647884691415, 0.6276753355313996, 0.7173660916029989, 0.6101812678442875, 0.7307409213429881]
Iteration 149: [0.7292711422444409, 0.6335778502526387, 0.6507061218363622, 0.6421534263631382, 0.6979255544674359, 0.650636661590516, 0.6553678743548881, 0.4814255068978461, 0.6336012452158905, 0.6811232456766949, 0.6945923326782794, 0.5508138836600901, 0.6591269518400897, 0.5670153350926472, 0.7003249672930011, 0.43097647884691415, 0.6276753355313996, 0.7198813668785192, 0.6101812678442875, 0.7307409213429881]
Iteration 150: [0.7292711422444409, 0.6335778502526387, 0.6507061218363622, 0.6421534263631382, 0.6979255544674359, 0.650636661590516, 0.6553678743548881, 0.4814255068978461, 0.6336012452158905, 0.6811232456766949, 0.7172998635479889, 0.5508138836600901, 0.6591269518400897, 0.5670153350926472, 0.7003249672930011, 0.4554671497689578, 0.6276753355313996, 0.7198813668785192, 0.6101812678442875, 0.7307409213429881]
