There are 17 agents who believe in con
There are 3 agents who believe in pro
There are 0 agents who are neutral 

Iteration 1: [0.6005525954032003, 0.3458576228497795, 0.325261102472879, 0.37990552222530316, 0.5917207745301397, 0.38316004514415836, 0.42248646254562194, 0.11650643192186529, 0.35214132259546677, 0.3769487544236578, 0.6911624216388239, 0.3687685952968203, 0.5172530668468279, 0.24890209245848213, 0.7301644273638432, 0.4593717791318615, 0.3892608009571924, 0.6004031612092736, 0.6172589869170997, 0.38854782467134025]
Iteration 2: [0.6005525954032003, 0.3547976034035996, 0.325261102472879, 0.37990552222530316, 0.5917207745301397, 0.38316004514415836, 0.42248646254562194, 0.11650643192186529, 0.35214132259546677, 0.3769487544236578, 0.6911624216388239, 0.5171083576601532, 0.5172530668468279, 0.24890209245848213, 0.7301644273638432, 0.4593717791318615, 0.3892608009571924, 0.6004031612092736, 0.6172589869170997, 0.38854782467134025]
Iteration 3: [0.6005525954032003, 0.3547976034035996, 0.325261102472879, 0.2792325864720149, 0.5917207745301397, 0.38316004514415836, 0.42248646254562194, 0.11650643192186529, 0.35214132259546677, 0.3769487544236578, 0.6911624216388239, 0.3630794659218704, 0.5172530668468279, 0.24890209245848213, 0.7301644273638432, 0.4593717791318615, 0.3892608009571924, 0.6004031612092736, 0.6172589869170997, 0.38854782467134025]
Iteration 4: [0.6005525954032003, 0.3547976034035996, 0.325261102472879, 0.2792325864720149, 0.5917207745301397, 0.38316004514415836, 0.42248646254562194, 0.11650643192186529, 0.35214132259546677, 0.3769487544236578, 0.6911624216388239, 0.3630794659218704, 0.5172530668468279, 0.24890209245848213, 0.7301644273638432, 0.4593717791318615, 0.3892608009571924, 0.44315820764478214, 0.5394844192433572, 0.38854782467134025]
Iteration 5: [0.6005525954032003, 0.3547976034035996, 0.325261102472879, 0.2792325864720149, 0.5917207745301397, 0.2776058331589022, 0.5434677779296677, 0.11650643192186529, 0.35214132259546677, 0.3769487544236578, 0.6911624216388239, 0.3630794659218704, 0.5172530668468279, 0.24890209245848213, 0.7301644273638432, 0.4593717791318615, 0.3892608009571924, 0.44315820764478214, 0.5394844192433572, 0.38854782467134025]
Iteration 6: [0.6005525954032003, 0.33747447901223826, 0.325261102472879, 0.2792325864720149, 0.5917207745301397, 0.2776058331589022, 0.5434677779296677, 0.11650643192186529, 0.35214132259546677, 0.3769487544236578, 0.6911624216388239, 0.3630794659218704, 0.5172530668468279, 0.24890209245848213, 0.7301644273638432, 0.4593717791318615, 0.3892608009571924, 0.44315820764478214, 0.5667575504269294, 0.38854782467134025]
Iteration 7: [0.6005525954032003, 0.33747447901223826, 0.325261102472879, 0.2792325864720149, 0.629542619354757, 0.2776058331589022, 0.5434677779296677, 0.11650643192186529, 0.35214132259546677, 0.3769487544236578, 0.6911624216388239, 0.3630794659218704, 0.5172530668468279, 0.24890209245848213, 0.7301644273638432, 0.4593717791318615, 0.3892608009571924, 0.3961865045262948, 0.5667575504269294, 0.38854782467134025]
Iteration 8: [0.6005525954032003, 0.33747447901223826, 0.2834346177227853, 0.2792325864720149, 0.629542619354757, 0.2776058331589022, 0.5434677779296677, 0.11650643192186529, 0.35214132259546677, 0.3769487544236578, 0.19459305979445926, 0.3630794659218704, 0.5172530668468279, 0.24890209245848213, 0.7301644273638432, 0.4593717791318615, 0.3892608009571924, 0.3961865045262948, 0.5667575504269294, 0.38854782467134025]
Iteration 9: [0.6005525954032003, 0.33747447901223826, 0.2834346177227853, 0.2792325864720149, 0.629542619354757, 0.2776058331589022, 0.5434677779296677, 0.11650643192186529, 0.35214132259546677, 0.3769487544236578, 0.19459305979445926, 0.3630794659218704, 0.5172530668468279, 0.24890209245848213, 0.7301644273638432, 0.35694895644214597, 0.3892608009571924, 0.3961865045262948, 0.6677157703948937, 0.38854782467134025]
Iteration 10: [0.6005525954032003, 0.3089099276913661, 0.2834346177227853, 0.2792325864720149, 0.629542619354757, 0.2776058331589022, 0.5434677779296677, 0.11650643192186529, 0.35214132259546677, 0.3769487544236578, 0.19459305979445926, 0.3630794659218704, 0.5172530668468279, 0.24890209245848213, 0.7301644273638432, 0.35694895644214597, 0.3892608009571924, 0.3961865045262948, 0.6677157703948937, 0.36522855442608954]
Iteration 11: [0.6005525954032003, 0.3089099276913661, 0.2834346177227853, 0.2792325864720149, 0.629542619354757, 0.40914740534450084, 0.5332700689319615, 0.11650643192186529, 0.35214132259546677, 0.3769487544236578, 0.19459305979445926, 0.3630794659218704, 0.5172530668468279, 0.24890209245848213, 0.7301644273638432, 0.35694895644214597, 0.3892608009571924, 0.3961865045262948, 0.6677157703948937, 0.36522855442608954]
Iteration 12: [0.6005525954032003, 0.3089099276913661, 0.2834346177227853, 0.2792325864720149, 0.629542619354757, 0.40914740534450084, 0.5332700689319615, 0.11650643192186529, 0.35214132259546677, 0.3769487544236578, 0.19459305979445926, 0.40817659655462546, 0.5172530668468279, 0.24890209245848213, 0.7301644273638432, 0.35694895644214597, 0.3892608009571924, 0.3961865045262948, 0.6677157703948937, 0.36522855442608954]
Iteration 13: [0.6005525954032003, 0.3089099276913661, 0.2834346177227853, 0.2792325864720149, 0.639139680781626, 0.40914740534450084, 0.576526847534219, 0.11650643192186529, 0.35214132259546677, 0.3769487544236578, 0.19459305979445926, 0.40817659655462546, 0.5172530668468279, 0.24890209245848213, 0.7301644273638432, 0.35694895644214597, 0.3892608009571924, 0.3961865045262948, 0.6677157703948937, 0.36522855442608954]
Iteration 14: [0.6005525954032003, 0.3089099276913661, 0.2834346177227853, 0.2792325864720149, 0.639139680781626, 0.48972413857456637, 0.576526847534219, 0.11650643192186529, 0.35214132259546677, 0.26071506675185696, 0.19459305979445926, 0.40817659655462546, 0.5172530668468279, 0.24890209245848213, 0.7301644273638432, 0.35694895644214597, 0.3892608009571924, 0.3961865045262948, 0.6677157703948937, 0.36522855442608954]
Iteration 15: [0.6580802812531359, 0.3089099276913661, 0.2834346177227853, 0.2792325864720149, 0.639139680781626, 0.48972413857456637, 0.576526847534219, 0.11650643192186529, 0.35214132259546677, 0.26071506675185696, 0.19459305979445926, 0.3051493752849326, 0.5172530668468279, 0.24890209245848213, 0.7301644273638432, 0.35694895644214597, 0.3892608009571924, 0.3961865045262948, 0.6677157703948937, 0.36522855442608954]
Iteration 16: [0.1971717904595761, 0.3089099276913661, 0.2834346177227853, 0.2792325864720149, 0.639139680781626, 0.48972413857456637, 0.576526847534219, 0.11650643192186529, 0.35214132259546677, 0.26071506675185696, 0.19459305979445926, 0.3051493752849326, 0.5172530668468279, 0.24890209245848213, 0.7301644273638432, 0.3760640019464366, 0.3892608009571924, 0.3961865045262948, 0.6677157703948937, 0.36522855442608954]
Iteration 17: [0.1971717904595761, 0.4318347769591798, 0.2834346177227853, 0.2792325864720149, 0.639139680781626, 0.48972413857456637, 0.576526847534219, 0.11650643192186529, 0.35214132259546677, 0.26071506675185696, 0.19459305979445926, 0.3051493752849326, 0.5172530668468279, 0.24890209245848213, 0.7301644273638432, 0.3760640019464366, 0.3892608009571924, 0.3961865045262948, 0.6677157703948937, 0.36522855442608954]
Iteration 18: [0.1971717904595761, 0.4318347769591798, 0.23261082554069662, 0.2792325864720149, 0.639139680781626, 0.48972413857456637, 0.576526847534219, 0.11650643192186529, 0.35214132259546677, 0.1481157400437902, 0.19459305979445926, 0.3051493752849326, 0.5172530668468279, 0.24890209245848213, 0.7301644273638432, 0.3760640019464366, 0.3892608009571924, 0.3961865045262948, 0.6677157703948937, 0.36522855442608954]
Iteration 19: [0.1971717904595761, 0.4318347769591798, 0.31448028643576725, 0.2792325864720149, 0.639139680781626, 0.48972413857456637, 0.576526847534219, 0.11650643192186529, 0.35214132259546677, 0.1481157400437902, 0.19459305979445926, 0.3051493752849326, 0.5077944539738698, 0.24890209245848213, 0.7301644273638432, 0.3760640019464366, 0.3892608009571924, 0.3961865045262948, 0.6677157703948937, 0.36522855442608954]
Iteration 20: [0.1971717904595761, 0.4318347769591798, 0.31448028643576725, 0.3589702306767042, 0.639139680781626, 0.48972413857456637, 0.576526847534219, 0.11650643192186529, 0.35214132259546677, 0.1481157400437902, 0.19459305979445926, 0.3051493752849326, 0.5077944539738698, 0.24890209245848213, 0.7301644273638432, 0.3760640019464366, 0.3892608009571924, 0.3961865045262948, 0.30451089068855935, 0.36522855442608954]
Iteration 21: [0.1971717904595761, 0.4318347769591798, 0.31448028643576725, 0.3589702306767042, 0.639139680781626, 0.48972413857456637, 0.576526847534219, 0.11650643192186529, 0.35214132259546677, 0.6254422551864188, 0.3714366752115373, 0.3051493752849326, 0.5077944539738698, 0.24890209245848213, 0.7301644273638432, 0.3760640019464366, 0.3892608009571924, 0.3961865045262948, 0.30451089068855935, 0.36522855442608954]
Iteration 22: [0.1971717904595761, 0.4318347769591798, 0.31448028643576725, 0.3589702306767042, 0.639139680781626, 0.48972413857456637, 0.576526847534219, 0.11650643192186529, 0.35214132259546677, 0.6254422551864188, 0.3714366752115373, 0.3419775290020111, 0.5077944539738698, 0.24890209245848213, 0.7301644273638432, 0.3760640019464366, 0.3892608009571924, 0.3961865045262948, 0.30451089068855935, 0.36522855442608954]
Iteration 23: [0.1971717904595761, 0.4318347769591798, 0.31448028643576725, 0.3589702306767042, 0.639139680781626, 0.48972413857456637, 0.576526847534219, 0.11650643192186529, 0.30479762228461366, 0.6254422551864188, 0.10058077052402624, 0.3419775290020111, 0.5077944539738698, 0.24890209245848213, 0.7301644273638432, 0.3760640019464366, 0.3892608009571924, 0.3961865045262948, 0.30451089068855935, 0.36522855442608954]
Iteration 24: [0.1971717904595761, 0.4318347769591798, 0.31448028643576725, 0.3589702306767042, 0.639139680781626, 0.48972413857456637, 0.576526847534219, 0.11650643192186529, 0.30479762228461366, 0.6254422551864188, 0.10058077052402624, 0.20577089496068116, 0.5077944539738698, 0.24890209245848213, 0.7301644273638432, 0.3760640019464366, 0.3892608009571924, 0.5573138187372274, 0.30451089068855935, 0.36522855442608954]
Iteration 25: [0.1971717904595761, 0.4318347769591798, 0.31448028643576725, 0.3589702306767042, 0.6576442951499287, 0.48972413857456637, 0.576526847534219, 0.15450066142515279, 0.30479762228461366, 0.6254422551864188, 0.10058077052402624, 0.20577089496068116, 0.5077944539738698, 0.24890209245848213, 0.7301644273638432, 0.3760640019464366, 0.3892608009571924, 0.5573138187372274, 0.30451089068855935, 0.36522855442608954]
Iteration 26: [0.1971717904595761, 0.4318347769591798, 0.31448028643576725, 0.07624678790709599, 0.6576442951499287, 0.48972413857456637, 0.576526847534219, 0.15450066142515279, 0.30479762228461366, 0.6254422551864188, 0.10058077052402624, 0.20577089496068116, 0.5077944539738698, 0.24890209245848213, 0.7301644273638432, 0.3760640019464366, 0.3892608009571924, 0.5573138187372274, 0.30451089068855935, 0.36522855442608954]
Iteration 27: [0.1971717904595761, 0.4318347769591798, 0.31448028643576725, 0.07624678790709599, 0.6576442951499287, 0.48972413857456637, 0.576526847534219, 0.15450066142515279, 0.30479762228461366, 0.6254422551864188, 0.10058077052402624, 0.20577089496068116, 0.5077944539738698, 0.24890209245848213, 0.7301644273638432, 0.3760640019464366, 0.43750471507297667, 0.5573138187372274, 0.30451089068855935, 0.36522855442608954]
Iteration 28: [0.1971717904595761, 0.4318347769591798, 0.31448028643576725, 0.07624678790709599, 0.6576442951499287, 0.48972413857456637, 0.5853777333697435, 0.15450066142515279, 0.30479762228461366, 0.6254422551864188, 0.10058077052402624, 0.20577089496068116, 0.5077944539738698, 0.24890209245848213, 0.7301644273638432, 0.3760640019464366, 0.34609400790818673, 0.5573138187372274, 0.30451089068855935, 0.36522855442608954]
Iteration 29: [0.1971717904595761, 0.4318347769591798, 0.5524404523152151, 0.07624678790709599, 0.6576442951499287, 0.48972413857456637, 0.5853777333697435, 0.15450066142515279, 0.30479762228461366, 0.6254422551864188, 0.10058077052402624, 0.20577089496068116, 0.5077944539738698, 0.24890209245848213, 0.7301644273638432, 0.3760640019464366, 0.34609400790818673, 0.5573138187372274, 0.30451089068855935, 0.32438064881430895]
Iteration 30: [0.1971717904595761, 0.4318347769591798, 0.5524404523152151, 0.09008426210036818, 0.6576442951499287, 0.48972413857456637, 0.5853777333697435, 0.15450066142515279, 0.30479762228461366, 0.6254422551864188, 0.10058077052402624, 0.20577089496068116, 0.5077944539738698, 0.24890209245848213, 0.7301644273638432, 0.3760640019464366, 0.34609400790818673, 0.5573138187372274, 0.24866607729346873, 0.32438064881430895]
Iteration 31: [0.1971717904595761, 0.4318347769591798, 0.5524404523152151, 0.09008426210036818, 0.6576442951499287, 0.48972413857456637, 0.5853777333697435, 0.15450066142515279, 0.30479762228461366, 0.6254422551864188, 0.10058077052402624, 0.20577089496068116, 0.4090583782611206, 0.24890209245848213, 0.7301644273638432, 0.3760640019464366, 0.34609400790818673, 0.5573138187372274, 0.2331152237296291, 0.32438064881430895]
Iteration 32: [0.1971717904595761, 0.4318347769591798, 0.5524404523152151, 0.09008426210036818, 0.9950282902561668, 0.48972413857456637, 0.5853777333697435, 0.15450066142515279, 0.30479762228461366, 0.6254422551864188, 0.10058077052402624, 0.20577089496068116, 0.4090583782611206, 0.24890209245848213, 0.7301644273638432, 0.3760640019464366, 0.34609400790818673, 0.5573138187372274, 0.2331152237296291, 0.32438064881430895]
Iteration 33: [0.5769739409128106, 0.4318347769591798, 0.5524404523152151, 0.09008426210036818, 0.9950282902561668, 0.48972413857456637, 0.5853777333697435, 0.15450066142515279, 0.30479762228461366, 0.6254422551864188, 0.10058077052402624, 0.20577089496068116, 0.4090583782611206, 0.39942281670469637, 0.7301644273638432, 0.3760640019464366, 0.34609400790818673, 0.5573138187372274, 0.2331152237296291, 0.32438064881430895]
Iteration 34: [0.18971442401309965, 0.4318347769591798, 0.5524404523152151, 0.09008426210036818, 0.9950282902561668, 0.48972413857456637, 0.5853777333697435, 0.15450066142515279, 0.30479762228461366, 0.6254422551864188, 0.10058077052402624, 0.20577089496068116, 0.4090583782611206, 0.39942281670469637, 0.7301644273638432, 0.3760640019464366, 0.5322191312749324, 0.5573138187372274, 0.2331152237296291, 0.32438064881430895]
Iteration 35: [0.2739211103425077, 0.4318347769591798, 0.5524404523152151, 0.09008426210036818, 0.9950282902561668, 0.48972413857456637, 0.5853777333697435, 0.15450066142515279, 0.30479762228461366, 0.6254422551864188, 0.10058077052402624, 0.20577089496068116, 0.4090583782611206, 0.39942281670469637, 0.7301644273638432, 0.3760640019464366, 0.5322191312749324, 0.5573138187372274, 0.2331152237296291, 0.3801470312728898]
Iteration 36: [0.2739211103425077, 0.4318347769591798, 0.5524404523152151, 0.09008426210036818, 0.9950282902561668, 0.48972413857456637, 0.5853777333697435, 0.15450066142515279, 0.30479762228461366, 0.5237811794694728, 0.10058077052402624, 0.20577089496068116, 0.4090583782611206, 0.39942281670469637, 0.7301644273638432, 0.3760640019464366, 0.5294200740476831, 0.5573138187372274, 0.2331152237296291, 0.3801470312728898]
Iteration 37: [0.2739211103425077, 0.4318347769591798, 0.5524404523152151, 0.09713216249479169, 0.9950282902561668, 0.48972413857456637, 0.5853777333697435, 0.15450066142515279, 0.30479762228461366, 0.5237811794694728, 0.10058077052402624, 0.20577089496068116, 0.4090583782611206, 0.3990473053093048, 0.7301644273638432, 0.3760640019464366, 0.5294200740476831, 0.5573138187372274, 0.2331152237296291, 0.3801470312728898]
Iteration 38: [0.2739211103425077, 0.4318347769591798, 0.5524404523152151, 0.09713216249479169, 0.9950282902561668, 0.48972413857456637, 0.5853777333697435, 0.2196507414298602, 0.30479762228461366, 0.5237811794694728, 0.10058077052402624, 0.20577089496068116, 0.4090583782611206, 0.5655705674559195, 0.7301644273638432, 0.3760640019464366, 0.5294200740476831, 0.5573138187372274, 0.2331152237296291, 0.3801470312728898]
Iteration 39: [0.2739211103425077, 0.4318347769591798, 0.5524404523152151, 0.09713216249479169, 0.9950282902561668, 0.48972413857456637, 0.5853777333697435, 0.2196507414298602, 0.30479762228461366, 0.5237811794694728, 0.10058077052402624, 0.20577089496068116, 0.4090583782611206, 0.5655705674559195, 0.6564719325482511, 0.3760640019464366, 0.5294200740476831, 0.5573138187372274, 0.20515526568962006, 0.3801470312728898]
Iteration 40: [0.2739211103425077, 0.370665136356075, 0.5524404523152151, 0.09713216249479169, 0.9950282902561668, 0.48972413857456637, 0.5853777333697435, 0.2196507414298602, 0.30479762228461366, 0.5237811794694728, 0.10058077052402624, 0.20880826284588505, 0.4090583782611206, 0.5655705674559195, 0.6564719325482511, 0.3760640019464366, 0.5294200740476831, 0.5573138187372274, 0.20515526568962006, 0.3801470312728898]
Iteration 41: [0.2711382728322396, 0.370665136356075, 0.5524404523152151, 0.09713216249479169, 0.9950282902561668, 0.48972413857456637, 0.5853777333697435, 0.13066637728526606, 0.30479762228461366, 0.5237811794694728, 0.10058077052402624, 0.20880826284588505, 0.4090583782611206, 0.5655705674559195, 0.6564719325482511, 0.3760640019464366, 0.5294200740476831, 0.5573138187372274, 0.20515526568962006, 0.3801470312728898]
Iteration 42: [0.2711382728322396, 0.370665136356075, 0.5524404523152151, 0.09713216249479169, 0.9946159676530112, 0.48972413857456637, 0.5853777333697435, 0.13066637728526606, 0.30479762228461366, 0.5237811794694728, 0.10058077052402624, 0.20880826284588505, 0.4090583782611206, 0.3613207681004081, 0.6564719325482511, 0.3760640019464366, 0.5294200740476831, 0.5573138187372274, 0.20515526568962006, 0.3801470312728898]
Iteration 43: [0.2711382728322396, 0.370665136356075, 0.5524404523152151, 0.1387716406585466, 0.9946159676530112, 0.48972413857456637, 0.5853777333697435, 0.13066637728526606, 0.30479762228461366, 0.5237811794694728, 0.10058077052402624, 0.20880826284588505, 0.4090583782611206, 0.3613207681004081, 0.6564719325482511, 0.3760640019464366, 0.5294200740476831, 0.5573138187372274, 0.20515526568962006, 0.3714190438231221]
Iteration 44: [0.2711382728322396, 0.370665136356075, 0.5524404523152151, 0.1387716406585466, 0.9946159676530112, 0.48972413857456637, 0.5853777333697435, 0.13066637728526606, 0.30479762228461366, 0.5237811794694728, 0.10058077052402624, 0.20880826284588505, 0.4090583782611206, 0.3613207681004081, 0.6564719325482511, 0.3760640019464366, 0.5294200740476831, 0.5920898273149977, 0.17153618604935203, 0.3714190438231221]
Iteration 45: [0.3513592317963184, 0.370665136356075, 0.5524404523152151, 0.1387716406585466, 0.9946159676530112, 0.48972413857456637, 0.5853777333697435, 0.13066637728526606, 0.30479762228461366, 0.5237811794694728, 0.10058077052402624, 0.20880826284588505, 0.3502478732642679, 0.3613207681004081, 0.6564719325482511, 0.3760640019464366, 0.5294200740476831, 0.5920898273149977, 0.17153618604935203, 0.3714190438231221]
Iteration 46: [0.3513592317963184, 0.370665136356075, 0.7438392264981316, 0.1387716406585466, 0.9946159676530112, 0.48972413857456637, 0.5853777333697435, 0.13066637728526606, 0.30479762228461366, 0.5237811794694728, 0.10058077052402624, 0.20880826284588505, 0.3502478732642679, 0.42473184442691697, 0.6564719325482511, 0.3760640019464366, 0.5294200740476831, 0.5920898273149977, 0.17153618604935203, 0.3714190438231221]
Iteration 47: [0.3513592317963184, 0.370665136356075, 0.7438392264981316, 0.1387716406585466, 0.9946159676530112, 0.48972413857456637, 0.5853777333697435, 0.13066637728526606, 0.26130496149447047, 0.5237811794694728, 0.10058077052402624, 0.20880826284588505, 0.3502478732642679, 0.42473184442691697, 0.6564719325482511, 0.39795381839021887, 0.5294200740476831, 0.5920898273149977, 0.17153618604935203, 0.3714190438231221]
Iteration 48: [0.3513592317963184, 0.370665136356075, 0.7438392264981316, 0.1387716406585466, 0.9946159676530112, 0.48972413857456637, 0.5471109126403866, 0.13066637728526606, 0.26130496149447047, 0.5237811794694728, 0.10058077052402624, 0.204510744064034, 0.3502478732642679, 0.42473184442691697, 0.6564719325482511, 0.39795381839021887, 0.5294200740476831, 0.5920898273149977, 0.17153618604935203, 0.3714190438231221]
Iteration 49: [0.3513592317963184, 0.370665136356075, 0.7438392264981316, 0.1387716406585466, 0.9946159676530112, 0.48972413857456637, 0.5471109126403866, 0.13066637728526606, 0.3284059671623093, 0.5237811794694728, 0.10058077052402624, 0.204510744064034, 0.3502478732642679, 0.42473184442691697, 0.6564719325482511, 0.40105696827822307, 0.5294200740476831, 0.5920898273149977, 0.17153618604935203, 0.3714190438231221]
Iteration 50: [0.3513592317963184, 0.370665136356075, 0.9945445729360426, 0.1387716406585466, 0.9946159676530112, 0.48972413857456637, 0.5471109126403866, 0.13066637728526606, 0.3284059671623093, 0.5237811794694728, 0.10058077052402624, 0.204510744064034, 0.3502478732642679, 0.42473184442691697, 0.6564719325482511, 0.40105696827822307, 0.5294200740476831, 0.5920898273149977, 0.17153618604935203, 0.33657267437450467]
Iteration 51: [0.3513592317963184, 0.370665136356075, 0.9945445729360426, 0.1387716406585466, 0.9946159676530112, 0.48972413857456637, 0.5471109126403866, 0.13066637728526606, 0.3284059671623093, 0.5308982089678119, 0.10058077052402624, 0.204510744064034, 0.3502478732642679, 0.42473184442691697, 0.6564719325482511, 0.40105696827822307, 0.5294200740476831, 0.5920898273149977, 0.17153618604935203, 0.33657267437450467]
Iteration 52: [0.3513592317963184, 0.370665136356075, 0.9945445729360426, 0.1387716406585466, 0.9940099745411171, 0.48972413857456637, 0.5471109126403866, 0.13066637728526606, 0.3284059671623093, 0.5308982089678119, 0.10058077052402624, 0.204510744064034, 0.3502478732642679, 0.42473184442691697, 0.6564719325482511, 0.40105696827822307, 0.5294200740476831, 0.5920898273149977, 0.17153618604935203, 0.33657267437450467]
Iteration 53: [0.3513592317963184, 0.370665136356075, 0.9945445729360426, 0.1387716406585466, 0.9940099745411171, 0.48972413857456637, 0.5471109126403866, 0.12254015532362413, 0.3284059671623093, 0.5308982089678119, 0.10058077052402624, 0.204510744064034, 0.36769532103556324, 0.42473184442691697, 0.6564719325482511, 0.40105696827822307, 0.5294200740476831, 0.5920898273149977, 0.17153618604935203, 0.33657267437450467]
Iteration 54: [0.3513592317963184, 0.370665136356075, 0.9945445729360426, 0.13869023505052738, 0.9942796549448163, 0.48972413857456637, 0.5471109126403866, 0.12254015532362413, 0.3284059671623093, 0.5308982089678119, 0.10058077052402624, 0.204510744064034, 0.36769532103556324, 0.42473184442691697, 0.6564719325482511, 0.40105696827822307, 0.5294200740476831, 0.5920898273149977, 0.17153618604935203, 0.33657267437450467]
Iteration 55: [0.3513592317963184, 0.370665136356075, 0.9928494238914319, 0.517874245279218, 0.9942796549448163, 0.48972413857456637, 0.5471109126403866, 0.12254015532362413, 0.3284059671623093, 0.5308982089678119, 0.10058077052402624, 0.204510744064034, 0.36769532103556324, 0.42473184442691697, 0.6564719325482511, 0.40105696827822307, 0.5294200740476831, 0.5920898273149977, 0.17153618604935203, 0.33657267437450467]
Iteration 56: [0.3513592317963184, 0.370665136356075, 0.9928494238914319, 0.517874245279218, 0.9942796549448163, 0.48972413857456637, 0.5471109126403866, 0.133154699379138, 0.3284059671623093, 0.5308982089678119, 0.07086137553265753, 0.204510744064034, 0.36769532103556324, 0.42473184442691697, 0.6564719325482511, 0.40105696827822307, 0.5294200740476831, 0.5920898273149977, 0.17153618604935203, 0.33657267437450467]
Iteration 57: [0.3513592317963184, 0.370665136356075, 0.9928494238914319, 0.517874245279218, 0.9942796549448163, 0.48972413857456637, 0.5471109126403866, 0.133154699379138, 0.3284059671623093, 0.5308982089678119, 0.07086137553265753, 0.204510744064034, 0.36769532103556324, 0.42473184442691697, 0.6564719325482511, 0.10911087235591493, 0.5294200740476831, 0.6773352783649798, 0.17153618604935203, 0.33657267437450467]
Iteration 58: [0.3513592317963184, 0.370665136356075, 0.9928494238914319, 0.517874245279218, 0.9942796549448163, 0.48972413857456637, 0.5471109126403866, 0.133154699379138, 0.3284059671623093, 0.5308982089678119, 0.07086137553265753, 0.204510744064034, 0.36769532103556324, 0.42473184442691697, 0.6564719325482511, 0.10911087235591493, 0.5294200740476831, 0.6826578395849014, 0.17153618604935203, 0.33657267437450467]
Iteration 59: [0.3513592317963184, 0.370665136356075, 0.9928494238914319, 0.517874245279218, 0.9942796549448163, 0.48972413857456637, 0.5471109126403866, 0.18486775885089657, 0.3284059671623093, 0.5308982089678119, 0.07086137553265753, 0.204510744064034, 0.11451099983778282, 0.42473184442691697, 0.6564719325482511, 0.10911087235591493, 0.5294200740476831, 0.6826578395849014, 0.17153618604935203, 0.33657267437450467]
Iteration 60: [0.3513592317963184, 0.370665136356075, 0.9928494238914319, 0.517874245279218, 0.9942796549448163, 0.48972413857456637, 0.5471109126403866, 0.18486775885089657, 0.3234383390407594, 0.5308982089678119, 0.07086137553265753, 0.204510744064034, 0.11451099983778282, 0.42473184442691697, 0.6718440169554034, 0.10911087235591493, 0.5294200740476831, 0.6826578395849014, 0.17153618604935203, 0.33657267437450467]
Iteration 61: [0.3513592317963184, 0.370665136356075, 0.9951979308217709, 0.517874245279218, 0.9942796549448163, 0.48972413857456637, 0.5471109126403866, 0.18486775885089657, 0.3234383390407594, 0.5308982089678119, 0.07086137553265753, 0.204510744064034, 0.11451099983778282, 0.42473184442691697, 0.6718440169554034, 0.10911087235591493, 0.4382772801063555, 0.6826578395849014, 0.17153618604935203, 0.33657267437450467]
Iteration 62: [0.3513592317963184, 0.370665136356075, 0.9951979308217709, 0.517874245279218, 0.9942796549448163, 0.48972413857456637, 0.5471109126403866, 0.18486775885089657, 0.3299005374862073, 0.5308982089678119, 0.07086137553265753, 0.204510744064034, 0.11451099983778282, 0.42473184442691697, 0.6718440169554034, 0.23050350910033046, 0.4382772801063555, 0.6826578395849014, 0.17153618604935203, 0.33657267437450467]
Iteration 63: [0.3513592317963184, 0.370665136356075, 0.9951979308217709, 0.517874245279218, 0.9942796549448163, 0.48972413857456637, 0.5471109126403866, 0.18486775885089657, 0.31382802963165113, 0.5308982089678119, 0.07086137553265753, 0.204510744064034, 0.11451099983778282, 0.42473184442691697, 0.9923265704131234, 0.23050350910033046, 0.4382772801063555, 0.6826578395849014, 0.17153618604935203, 0.33657267437450467]
Iteration 64: [0.3513592317963184, 0.370665136356075, 0.9951979308217709, 0.517874245279218, 0.9942796549448163, 0.48972413857456637, 0.5471109126403866, 0.18486775885089657, 0.31382802963165113, 0.5308982089678119, 0.09265010627506125, 0.204510744064034, 0.11451099983778282, 0.42473184442691697, 0.9923265704131234, 0.23050350910033046, 0.4382772801063555, 0.6826578395849014, 0.17153618604935203, 0.33657267437450467]
Iteration 65: [0.3513592317963184, 0.2055265663309691, 0.9951979308217709, 0.517874245279218, 0.9942796549448163, 0.21443405804989352, 0.5471109126403866, 0.18486775885089657, 0.31382802963165113, 0.5308982089678119, 0.09265010627506125, 0.204510744064034, 0.11451099983778282, 0.42473184442691697, 0.9923265704131234, 0.23050350910033046, 0.4382772801063555, 0.6826578395849014, 0.17153618604935203, 0.33657267437450467]
Iteration 66: [0.3513592317963184, 0.2055265663309691, 0.9951979308217709, 0.517874245279218, 0.9943754324860093, 0.21443405804989352, 0.5471109126403866, 0.18486775885089657, 0.31382802963165113, 0.5308982089678119, 0.09265010627506125, 0.204510744064034, 0.11451099983778282, 0.42473184442691697, 0.9923265704131234, 0.17959519616453962, 0.4382772801063555, 0.6826578395849014, 0.17153618604935203, 0.33657267437450467]
Iteration 67: [0.3513592317963184, 0.2040896766382713, 0.9951979308217709, 0.517874245279218, 0.9943754324860093, 0.21443405804989352, 0.5471109126403866, 0.18486775885089657, 0.31382802963165113, 0.5308982089678119, 0.09265010627506125, 0.204510744064034, 0.11451099983778282, 0.42473184442691697, 0.9923265704131234, 0.17959519616453962, 0.4382772801063555, 0.6826578395849014, 0.17153618604935203, 0.33657267437450467]
Iteration 68: [0.3513592317963184, 0.2040896766382713, 0.9951979308217709, 0.517874245279218, 0.9943754324860093, 0.21443405804989352, 0.5471109126403866, 0.2230479728853829, 0.11506864872427446, 0.5308982089678119, 0.09265010627506125, 0.204510744064034, 0.11451099983778282, 0.42473184442691697, 0.9923265704131234, 0.17959519616453962, 0.4382772801063555, 0.6826578395849014, 0.17153618604935203, 0.33657267437450467]
Iteration 69: [0.3513592317963184, 0.2040896766382713, 0.9951979308217709, 0.517874245279218, 0.9943754324860093, 0.21443405804989352, 0.5471109126403866, 0.2464314119464622, 0.11506864872427446, 0.5308982089678119, 0.09265010627506125, 0.204510744064034, 0.11451099983778282, 0.42473184442691697, 0.9923265704131234, 0.16185955894170787, 0.4382772801063555, 0.6826578395849014, 0.17153618604935203, 0.33657267437450467]
Iteration 70: [0.3513592317963184, 0.2949624225939005, 0.9951979308217709, 0.517874245279218, 0.9943754324860093, 0.21443405804989352, 0.5471109126403866, 0.2464314119464622, 0.11506864872427446, 0.5308982089678119, 0.09265010627506125, 0.204510744064034, 0.11451099983778282, 0.42473184442691697, 0.9923265704131234, 0.16185955894170787, 0.4382772801063555, 0.6826578395849014, 0.17153618604935203, 0.33657267437450467]
Iteration 71: [0.3513592317963184, 0.2949624225939005, 0.9951979308217709, 0.517874245279218, 0.9943754324860093, 0.21443405804989352, 0.5471109126403866, 0.2464314119464622, 0.11506864872427446, 0.5308982089678119, 0.09375824929499389, 0.204510744064034, 0.11451099983778282, 0.42473184442691697, 0.9923265704131234, 0.16185955894170787, 0.4382772801063555, 0.6826578395849014, 0.17153618604935203, 0.33657267437450467]
Iteration 72: [0.3513592317963184, 0.2949624225939005, 0.9951979308217709, 0.517874245279218, 0.9943754324860093, 0.21443405804989352, 0.5471109126403866, 0.2464314119464622, 0.11506864872427446, 0.5308982089678119, 0.09375824929499389, 0.204510744064034, 0.11451099983778282, 0.42473184442691697, 0.9923265704131234, 0.16185955894170787, 0.4382772801063555, 0.6320698673990852, 0.17153618604935203, 0.3861907038982661]
Iteration 73: [0.3513592317963184, 0.2949624225939005, 0.9951979308217709, 0.517874245279218, 0.9943754324860093, 0.21443405804989352, 0.5471109126403866, 0.2464314119464622, 0.11168970627458391, 0.5308982089678119, 0.09375824929499389, 0.204510744064034, 0.11451099983778282, 0.42473184442691697, 0.9923265704131234, 0.16185955894170787, 0.4382772801063555, 0.6320698673990852, 0.17730925411865128, 0.3861907038982661]
Iteration 74: [0.3513592317963184, 0.2949624225939005, 0.9951979308217709, 0.517874245279218, 0.9943754324860093, 0.21443405804989352, 0.5471109126403866, 0.2464314119464622, 0.11606628403211472, 0.5308982089678119, 0.09375824929499389, 0.204510744064034, 0.11451099983778282, 0.42473184442691697, 0.9923265704131234, 0.16185955894170787, 0.4382772801063555, 0.6320698673990852, 0.17168301844024153, 0.3861907038982661]
Iteration 75: [0.3513592317963184, 0.2949624225939005, 0.9951979308217709, 0.517874245279218, 0.9943754324860093, 0.21443405804989352, 0.6554053383986497, 0.2464314119464622, 0.11606628403211472, 0.5308982089678119, 0.09375824929499389, 0.204510744064034, 0.11451099983778282, 0.10610107939826761, 0.9923265704131234, 0.16185955894170787, 0.4382772801063555, 0.6320698673990852, 0.17168301844024153, 0.3861907038982661]
Iteration 76: [0.3513592317963184, 0.2949624225939005, 0.9951979308217709, 0.45952433540346227, 0.9943187009710357, 0.21443405804989352, 0.6554053383986497, 0.2464314119464622, 0.11606628403211472, 0.5308982089678119, 0.09375824929499389, 0.204510744064034, 0.11451099983778282, 0.10610107939826761, 0.9923265704131234, 0.16185955894170787, 0.4382772801063555, 0.6320698673990852, 0.17168301844024153, 0.3861907038982661]
Iteration 77: [0.31632122409416813, 0.2949624225939005, 0.9951979308217709, 0.45952433540346227, 0.9943187009710357, 0.21443405804989352, 0.6554053383986497, 0.2464314119464622, 0.11606628403211472, 0.5742028032363671, 0.09375824929499389, 0.204510744064034, 0.11451099983778282, 0.10610107939826761, 0.9923265704131234, 0.16185955894170787, 0.4382772801063555, 0.6320698673990852, 0.17168301844024153, 0.3861907038982661]
Iteration 78: [0.31632122409416813, 0.2949624225939005, 0.9951979308217709, 0.45952433540346227, 0.9943187009710357, 0.21443405804989352, 0.6554053383986497, 0.2464314119464622, 0.11606628403211472, 0.5742028032363671, 0.09375824929499389, 0.204510744064034, 0.11451099983778282, 0.10610107939826761, 0.9923265704131234, 0.16185955894170787, 0.4382772801063555, 0.6320698673990852, 0.17168301844024153, 0.1819971674959229]
Iteration 79: [0.31632122409416813, 0.2949624225939005, 0.9951979308217709, 0.45952433540346227, 0.9943187009710357, 0.21443405804989352, 0.6334610330076368, 0.2464314119464622, 0.11342284288353939, 0.5742028032363671, 0.09375824929499389, 0.204510744064034, 0.11451099983778282, 0.10610107939826761, 0.9923265704131234, 0.16185955894170787, 0.4382772801063555, 0.6320698673990852, 0.17168301844024153, 0.1819971674959229]
Iteration 80: [0.31632122409416813, 0.2949624225939005, 0.9951979308217709, 0.45952433540346227, 0.9943187009710357, 0.21443405804989352, 0.6334610330076368, 0.2464314119464622, 0.11342284288353939, 0.5742028032363671, 0.09375824929499389, 0.204510744064034, 0.11451099983778282, 0.10610107939826761, 0.9923265704131234, 0.16185955894170787, 0.4382772801063555, 0.6320698673990852, 0.17168301844024153, 0.1819971674959229]
Iteration 81: [0.31632122409416813, 0.2949624225939005, 0.9951979308217709, 0.45952433540346227, 0.9943187009710357, 0.21443405804989352, 0.6334610330076368, 0.2464314119464622, 0.11342284288353939, 0.5742028032363671, 0.09375824929499389, 0.19252483146232752, 0.11451099983778282, 0.35380984929709813, 0.9923265704131234, 0.16185955894170787, 0.4382772801063555, 0.6320698673990852, 0.17168301844024153, 0.1819971674959229]
Iteration 82: [0.31632122409416813, 0.2949624225939005, 0.9951979308217709, 0.5970154251287979, 0.9943187009710357, 0.21443405804989352, 0.6334610330076368, 0.2464314119464622, 0.11342284288353939, 0.5742028032363671, 0.09753189265364838, 0.19252483146232752, 0.11451099983778282, 0.35380984929709813, 0.9923265704131234, 0.16185955894170787, 0.4382772801063555, 0.6320698673990852, 0.17168301844024153, 0.1819971674959229]
Iteration 83: [0.31632122409416813, 0.2949624225939005, 0.9951979308217709, 0.5970154251287979, 0.9943187009710357, 0.21443405804989352, 0.6334610330076368, 0.2464314119464622, 0.11342284288353939, 0.2801524343885321, 0.09753189265364838, 0.19252483146232752, 0.11451099983778282, 0.35380984929709813, 0.9923265704131234, 0.16185955894170787, 0.4382772801063555, 0.6320698673990852, 0.17168301844024153, 0.1819971674959229]
Iteration 84: [0.31632122409416813, 0.2949624225939005, 0.9951979308217709, 0.5970154251287979, 0.9943187009710357, 0.21443405804989352, 0.6334610330076368, 0.2464314119464622, 0.11342284288353939, 0.2801524343885321, 0.09753189265364838, 0.19252483146232752, 0.11451099983778282, 0.35380984929709813, 0.9923265704131234, 0.16185955894170787, 0.4518376870846749, 0.6320698673990852, 0.18530927106825038, 0.1819971674959229]
Iteration 85: [0.31632122409416813, 0.2949624225939005, 0.9951979308217709, 0.5970154251287979, 0.9943187009710357, 0.21443405804989352, 0.6334610330076368, 0.2464314119464622, 0.11342284288353939, 0.2801524343885321, 0.09753189265364838, 0.19252483146232752, 0.11451099983778282, 0.35380984929709813, 0.9923265704131234, 0.16185955894170787, 0.3783874857531909, 0.6320698673990852, 0.18530927106825038, 0.1819971674959229]
Iteration 86: [0.31632122409416813, 0.2949624225939005, 0.9951979308217709, 0.5970154251287979, 0.9943187009710357, 0.21443405804989352, 0.6334610330076368, 0.2464314119464622, 0.11342284288353939, 0.29478194618397524, 0.09753189265364838, 0.19252483146232752, 0.11451099983778282, 0.35380984929709813, 0.9923265704131234, 0.16235184884667567, 0.3783874857531909, 0.6320698673990852, 0.18530927106825038, 0.1819971674959229]
Iteration 87: [0.36479900698118106, 0.2949624225939005, 0.9951979308217709, 0.5970154251287979, 0.9943187009710357, 0.21443405804989352, 0.6334610330076368, 0.2464314119464622, 0.11342284288353939, 0.29478194618397524, 0.09753189265364838, 0.19252483146232752, 0.11451099983778282, 0.35380984929709813, 0.9923265704131234, 0.16235184884667567, 0.3783874857531909, 0.6320698673990852, 0.18530927106825038, 0.1819971674959229]
Iteration 88: [0.36479900698118106, 0.2949624225939005, 0.9951979308217709, 0.5970154251287979, 0.9941013265497141, 0.21443405804989352, 0.6334610330076368, 0.2464314119464622, 0.11674661315881536, 0.29478194618397524, 0.09753189265364838, 0.19252483146232752, 0.11451099983778282, 0.35380984929709813, 0.9923265704131234, 0.16235184884667567, 0.3783874857531909, 0.6320698673990852, 0.18530927106825038, 0.1819971674959229]
Iteration 89: [0.36479900698118106, 0.34405575644030695, 0.9951979308217709, 0.5970154251287979, 0.9941013265497141, 0.21443405804989352, 0.6334610330076368, 0.2464314119464622, 0.11674661315881536, 0.29478194618397524, 0.09753189265364838, 0.1869539761991843, 0.11451099983778282, 0.35380984929709813, 0.9923265704131234, 0.16235184884667567, 0.3783874857531909, 0.6320698673990852, 0.18530927106825038, 0.1819971674959229]
Iteration 90: [0.36479900698118106, 0.34405575644030695, 0.9951979308217709, 0.5970154251287979, 0.6709294563711212, 0.21443405804989352, 0.6523500525334992, 0.2464314119464622, 0.11674661315881536, 0.29478194618397524, 0.09753189265364838, 0.1869539761991843, 0.11451099983778282, 0.35380984929709813, 0.9923265704131234, 0.16235184884667567, 0.3783874857531909, 0.6320698673990852, 0.18530927106825038, 0.1819971674959229]
Iteration 91: [0.36479900698118106, 0.34405575644030695, 0.9951979308217709, 0.5970154251287979, 0.6709294563711212, 0.21443405804989352, 0.6523500525334992, 0.2928020421448983, 0.11674661315881536, 0.29478194618397524, 0.10727082783574819, 0.1869539761991843, 0.11451099983778282, 0.35380984929709813, 0.9923265704131234, 0.16235184884667567, 0.3783874857531909, 0.6320698673990852, 0.18530927106825038, 0.1819971674959229]
Iteration 92: [0.36479900698118106, 0.34405575644030695, 0.9951979308217709, 0.5970154251287979, 0.6709294563711212, 0.21443405804989352, 0.6523500525334992, 0.2928020421448983, 0.11674661315881536, 0.27467487292710036, 0.10727082783574819, 0.1869539761991843, 0.11451099983778282, 0.35380984929709813, 0.9923265704131234, 0.16235184884667567, 0.6342545881216055, 0.6320698673990852, 0.18530927106825038, 0.1819971674959229]
Iteration 93: [0.31049808888115316, 0.34405575644030695, 0.9951979308217709, 0.5970154251287979, 0.6709294563711212, 0.21443405804989352, 0.6523500525334992, 0.2928020421448983, 0.11674661315881536, 0.27467487292710036, 0.10727082783574819, 0.1869539761991843, 0.11451099983778282, 0.35380984929709813, 0.9923265704131234, 0.16235184884667567, 0.6342545881216055, 0.31683670829892613, 0.18530927106825038, 0.1819971674959229]
Iteration 94: [0.31049808888115316, 0.34405575644030695, 0.6714560066005337, 0.5970154251287979, 0.6709294563711212, 0.21443405804989352, 0.6523500525334992, 0.2928020421448983, 0.11674661315881536, 0.27467487292710036, 0.10727082783574819, 0.1869539761991843, 0.11451099983778282, 0.35380984929709813, 0.9923265704131234, 0.16011929424347504, 0.6342545881216055, 0.31683670829892613, 0.18530927106825038, 0.1819971674959229]
Iteration 95: [0.31049808888115316, 0.34405575644030695, 0.6702038383153335, 0.5970154251287979, 0.6709294563711212, 0.21443405804989352, 0.6523500525334992, 0.2928020421448983, 0.11674661315881536, 0.27467487292710036, 0.10727082783574819, 0.1869539761991843, 0.11451099983778282, 0.35380984929709813, 0.9923265704131234, 0.16011929424347504, 0.11437826532512646, 0.31683670829892613, 0.18530927106825038, 0.1819971674959229]
Iteration 96: [0.31049808888115316, 0.34405575644030695, 0.6702038383153335, 0.5970154251287979, 0.6709294563711212, 0.21443405804989352, 0.6523500525334992, 0.2928020421448983, 0.11674661315881536, 0.27467487292710036, 0.10727082783574819, 0.1869539761991843, 0.11451099983778282, 0.39396104419762157, 0.9946633211920088, 0.16011929424347504, 0.11437826532512646, 0.31683670829892613, 0.18530927106825038, 0.1819971674959229]
Iteration 97: [0.31049808888115316, 0.34405575644030695, 0.6702038383153335, 0.2260037690341891, 0.6709294563711212, 0.21443405804989352, 0.6523500525334992, 0.2928020421448983, 0.11674661315881536, 0.27467487292710036, 0.10727082783574819, 0.1869539761991843, 0.11451099983778282, 0.39396104419762157, 0.9951802417896752, 0.16011929424347504, 0.11437826532512646, 0.31683670829892613, 0.18530927106825038, 0.1819971674959229]
Iteration 98: [0.31049808888115316, 0.34405575644030695, 0.6702038383153335, 0.2260037690341891, 0.6709294563711212, 0.21443405804989352, 0.6523500525334992, 0.2928020421448983, 0.11674661315881536, 0.27467487292710036, 0.10727082783574819, 0.1869539761991843, 0.21983945227277843, 0.39396104419762157, 0.9951802417896752, 0.16011929424347504, 0.11437826532512646, 0.31683670829892613, 0.18530927106825038, 0.1819971674959229]
Iteration 99: [0.34404043504038134, 0.34405575644030695, 0.6702038383153335, 0.2260037690341891, 0.3055315351596503, 0.21443405804989352, 0.6523500525334992, 0.2928020421448983, 0.11674661315881536, 0.27467487292710036, 0.10727082783574819, 0.1869539761991843, 0.21983945227277843, 0.39396104419762157, 0.9951802417896752, 0.16011929424347504, 0.11437826532512646, 0.31683670829892613, 0.18530927106825038, 0.1819971674959229]
Iteration 100: [0.6957078632127884, 0.34405575644030695, 0.6702038383153335, 0.2260037690341891, 0.3055315351596503, 0.21443405804989352, 0.6523500525334992, 0.2928020421448983, 0.11674661315881536, 0.27467487292710036, 0.10727082783574819, 0.1869539761991843, 0.21983945227277843, 0.39396104419762157, 0.9951802417896752, 0.17556813623585357, 0.11437826532512646, 0.31683670829892613, 0.18530927106825038, 0.1819971674959229]
Iteration 101: [0.6957078632127884, 0.34405575644030695, 0.6702038383153335, 0.2260037690341891, 0.3055315351596503, 0.21443405804989352, 0.6523500525334992, 0.2928020421448983, 0.11674661315881536, 0.27467487292710036, 0.10727082783574819, 0.22310177960230515, 0.2589046148292247, 0.39396104419762157, 0.9951802417896752, 0.17556813623585357, 0.11437826532512646, 0.31683670829892613, 0.18530927106825038, 0.1819971674959229]
Iteration 102: [0.6957078632127884, 0.34405575644030695, 0.6702038383153335, 0.2260037690341891, 0.3055315351596503, 0.21443405804989352, 0.6523500525334992, 0.2928020421448983, 0.11674661315881536, 0.27467487292710036, 0.06521668469042678, 0.22310177960230515, 0.24151052139702422, 0.39396104419762157, 0.9951802417896752, 0.17556813623585357, 0.11437826532512646, 0.31683670829892613, 0.18530927106825038, 0.1819971674959229]
Iteration 103: [0.6957078632127884, 0.34405575644030695, 0.6702038383153335, 0.2260037690341891, 0.3055315351596503, 0.21443405804989352, 0.6523500525334992, 0.2928020421448983, 0.11674661315881536, 0.27467487292710036, 0.06521668469042678, 0.22310177960230515, 0.24151052139702422, 0.39396104419762157, 0.9943910866486515, 0.17556813623585357, 0.1334732034464429, 0.31683670829892613, 0.18530927106825038, 0.1819971674959229]
Iteration 104: [0.6957078632127884, 0.34405575644030695, 0.6702038383153335, 0.2260037690341891, 0.3055315351596503, 0.21443405804989352, 0.6523500525334992, 0.3290789213110759, 0.11674661315881536, 0.27467487292710036, 0.06521668469042678, 0.22310177960230515, 0.24151052139702422, 0.39396104419762157, 0.9943910866486515, 0.17556813623585357, 0.1334732034464429, 0.31683670829892613, 0.18530927106825038, 0.16655422865303157]
Iteration 105: [0.6957078632127884, 0.34405575644030695, 0.6702038383153335, 0.2260037690341891, 0.3055315351596503, 0.21443405804989352, 0.6523500525334992, 0.29463969128054945, 0.11674661315881536, 0.27467487292710036, 0.06521668469042678, 0.22310177960230515, 0.24151052139702422, 0.39396104419762157, 0.9943910866486515, 0.17556813623585357, 0.1334732034464429, 0.31683670829892613, 0.18530927106825038, 0.16655422865303157]
Iteration 106: [0.6957078632127884, 0.34405575644030695, 0.6702038383153335, 0.2260037690341891, 0.28810981870290814, 0.21443405804989352, 0.6523500525334992, 0.29463969128054945, 0.11674661315881536, 0.27467487292710036, 0.06521668469042678, 0.22310177960230515, 0.2223187659097595, 0.39396104419762157, 0.9943910866486515, 0.17556813623585357, 0.1334732034464429, 0.31683670829892613, 0.18530927106825038, 0.16655422865303157]
Iteration 107: [0.6957078632127884, 0.34405575644030695, 0.6702038383153335, 0.2260037690341891, 0.28810981870290814, 0.21443405804989352, 0.6523500525334992, 0.3019239097795708, 0.11674661315881536, 0.27467487292710036, 0.06521668469042678, 0.22310177960230515, 0.2223187659097595, 0.39396104419762157, 0.9943910866486515, 0.17556813623585357, 0.1334732034464429, 0.31683670829892613, 0.18530927106825038, 0.16655422865303157]
Iteration 108: [0.6957078632127884, 0.34405575644030695, 0.6702038383153335, 0.2260037690341891, 0.28810981870290814, 0.21443405804989352, 0.6523500525334992, 0.3019239097795708, 0.11674661315881536, 0.27467487292710036, 0.06521668469042678, 0.22310177960230515, 0.2223187659097595, 0.39396104419762157, 0.9943910866486515, 0.17556813623585357, 0.1334732034464429, 0.34561013957963765, 0.18530927106825038, 0.26016219312544353]
Iteration 109: [0.6957078632127884, 0.34405575644030695, 0.6702038383153335, 0.2260037690341891, 0.28810981870290814, 0.21443405804989352, 0.6523500525334992, 0.3019239097795708, 0.14782447280606775, 0.27467487292710036, 0.06521668469042678, 0.22310177960230515, 0.2223187659097595, 0.3899196173624259, 0.9943910866486515, 0.17556813623585357, 0.1334732034464429, 0.34561013957963765, 0.18530927106825038, 0.26016219312544353]
Iteration 110: [0.6957078632127884, 0.34405575644030695, 0.6702038383153335, 0.2260037690341891, 0.28810981870290814, 0.21443405804989352, 0.6523500525334992, 0.2404228926438618, 0.14782447280606775, 0.27467487292710036, 0.06521668469042678, 0.22310177960230515, 0.2223187659097595, 0.3899196173624259, 0.9943910866486515, 0.17556813623585357, 0.1334732034464429, 0.34561013957963765, 0.17378989228283595, 0.26016219312544353]
Iteration 111: [0.6957078632127884, 0.34405575644030695, 0.6702038383153335, 0.2260037690341891, 0.20631678091231856, 0.21443405804989352, 0.6523500525334992, 0.2404228926438618, 0.14782447280606775, 0.27467487292710036, 0.06521668469042678, 0.22310177960230515, 0.2223187659097595, 0.3899196173624259, 0.9943910866486515, 0.17556813623585357, 0.1334732034464429, 0.3167100614260177, 0.17378989228283595, 0.26016219312544353]
Iteration 112: [0.6957078632127884, 0.34405575644030695, 0.6702038383153335, 0.2260037690341891, 0.20631678091231856, 0.21443405804989352, 0.6523500525334992, 0.2404228926438618, 0.14782447280606775, 0.27467487292710036, 0.06521668469042678, 0.22310177960230515, 0.2223187659097595, 0.3899196173624259, 0.9943910866486515, 0.17556813623585357, 0.1334732034464429, 0.3167100614260177, 0.17378989228283595, 0.26016219312544353]
Iteration 113: [0.6957078632127884, 0.34405575644030695, 0.6702038383153335, 0.2260037690341891, 0.20631678091231856, 0.21443405804989352, 0.6523500525334992, 0.2777201693584085, 0.14782447280606775, 0.27467487292710036, 0.06521668469042678, 0.17638123280654874, 0.2223187659097595, 0.3899196173624259, 0.9943910866486515, 0.17556813623585357, 0.1334732034464429, 0.3167100614260177, 0.17378989228283595, 0.26016219312544353]
Iteration 114: [0.6957078632127884, 0.34405575644030695, 0.6702038383153335, 0.2260037690341891, 0.20631678091231856, 0.21443405804989352, 0.6340389992734905, 0.2777201693584085, 0.14782447280606775, 0.27467487292710036, 0.06521668469042678, 0.17638123280654874, 0.2223187659097595, 0.39876294831859715, 0.9943910866486515, 0.17556813623585357, 0.1334732034464429, 0.3167100614260177, 0.17378989228283595, 0.26016219312544353]
Iteration 115: [0.6957078632127884, 0.34405575644030695, 0.6702038383153335, 0.2260037690341891, 0.20631678091231856, 0.21443405804989352, 0.6340389992734905, 0.23195546729817948, 0.14782447280606775, 0.27467487292710036, 0.06521668469042678, 0.17638123280654874, 0.2223187659097595, 0.38092723893590474, 0.9943910866486515, 0.17556813623585357, 0.1334732034464429, 0.3167100614260177, 0.17378989228283595, 0.26016219312544353]
Iteration 116: [0.6957078632127884, 0.29513520302035956, 0.6702038383153335, 0.2260037690341891, 0.20631678091231856, 0.21443405804989352, 0.6340389992734905, 0.23195546729817948, 0.14782447280606775, 0.27467487292710036, 0.08580771461847007, 0.17638123280654874, 0.2223187659097595, 0.38092723893590474, 0.9943910866486515, 0.17556813623585357, 0.1334732034464429, 0.3167100614260177, 0.17378989228283595, 0.26016219312544353]
Iteration 117: [0.6957078632127884, 0.26462079967280533, 0.6702038383153335, 0.2260037690341891, 0.20631678091231856, 0.21443405804989352, 0.6340389992734905, 0.23195546729817948, 0.14782447280606775, 0.27467487292710036, 0.08580771461847007, 0.17638123280654874, 0.2223187659097595, 0.38092723893590474, 0.9953361339567376, 0.17556813623585357, 0.1334732034464429, 0.3167100614260177, 0.17378989228283595, 0.26016219312544353]
Iteration 118: [0.6957078632127884, 0.26462079967280533, 0.6702038383153335, 0.2260037690341891, 0.20631678091231856, 0.21443405804989352, 0.6340389992734905, 0.23195546729817948, 0.14782447280606775, 0.27467487292710036, 0.0807084579100666, 0.17638123280654874, 0.2223187659097595, 0.38092723893590474, 0.9953361339567376, 0.23649638016568758, 0.1334732034464429, 0.3167100614260177, 0.17378989228283595, 0.26016219312544353]
Iteration 119: [0.6957078632127884, 0.26462079967280533, 0.6702038383153335, 0.2260037690341891, 0.20631678091231856, 0.21443405804989352, 0.6340389992734905, 0.23195546729817948, 0.14782447280606775, 0.27467487292710036, 0.0807084579100666, 0.17638123280654874, 0.2223187659097595, 0.38092723893590474, 0.9953361339567376, 0.23649638016568758, 0.1334732034464429, 0.3167100614260177, 0.17378989228283595, 0.2473962109626958]
Iteration 120: [0.6957078632127884, 0.26462079967280533, 0.6702038383153335, 0.2260037690341891, 0.20631678091231856, 0.20588875936027837, 0.6340389992734905, 0.23195546729817948, 0.14782447280606775, 0.27467487292710036, 0.0807084579100666, 0.17638123280654874, 0.2223187659097595, 0.38092723893590474, 0.9953361339567376, 0.24757984686479603, 0.1334732034464429, 0.3167100614260177, 0.17378989228283595, 0.2473962109626958]
Iteration 121: [0.6957078632127884, 0.26462079967280533, 0.6702038383153335, 0.2260037690341891, 0.20631678091231856, 0.20588875936027837, 0.6217397491576218, 0.23195546729817948, 0.14782447280606775, 0.27467487292710036, 0.0807084579100666, 0.17638123280654874, 0.2223187659097595, 0.38092723893590474, 0.9953361339567376, 0.24757984686479603, 0.1334732034464429, 0.3167100614260177, 0.17378989228283595, 0.2473962109626958]
Iteration 122: [0.6957078632127884, 0.26462079967280533, 0.6285502598748819, 0.2260037690341891, 0.20631678091231856, 0.20588875936027837, 0.6217397491576218, 0.23195546729817948, 0.14782447280606775, 0.27467487292710036, 0.0807084579100666, 0.17638123280654874, 0.2665637308018303, 0.38092723893590474, 0.9953361339567376, 0.24757984686479603, 0.1334732034464429, 0.3167100614260177, 0.17378989228283595, 0.2473962109626958]
Iteration 123: [0.34094260451747027, 0.26462079967280533, 0.6285502598748819, 0.2260037690341891, 0.20631678091231856, 0.2252872834821094, 0.6217397491576218, 0.23195546729817948, 0.14782447280606775, 0.27467487292710036, 0.0807084579100666, 0.17638123280654874, 0.2665637308018303, 0.38092723893590474, 0.9953361339567376, 0.24757984686479603, 0.1334732034464429, 0.3167100614260177, 0.17378989228283595, 0.2473962109626958]
Iteration 124: [0.34094260451747027, 0.26462079967280533, 0.499724770601737, 0.2260037690341891, 0.20631678091231856, 0.2252872834821094, 0.6217397491576218, 0.23195546729817948, 0.14782447280606775, 0.27467487292710036, 0.08722102327047965, 0.17638123280654874, 0.2665637308018303, 0.38092723893590474, 0.9953361339567376, 0.24757984686479603, 0.1334732034464429, 0.3167100614260177, 0.17378989228283595, 0.2473962109626958]
Iteration 125: [0.7043648000229228, 0.26462079967280533, 0.499724770601737, 0.2260037690341891, 0.20631678091231856, 0.2252872834821094, 0.6217397491576218, 0.23195546729817948, 0.14782447280606775, 0.27467487292710036, 0.08722102327047965, 0.17638123280654874, 0.2665637308018303, 0.38092723893590474, 0.9953361339567376, 0.20500779503032385, 0.1334732034464429, 0.3167100614260177, 0.17378989228283595, 0.2473962109626958]
Iteration 126: [0.7043648000229228, 0.26462079967280533, 0.499724770601737, 0.2260037690341891, 0.20631678091231856, 0.2009114935547799, 0.6217397491576218, 0.23195546729817948, 0.14782447280606775, 0.17577160007221843, 0.08722102327047965, 0.17638123280654874, 0.2665637308018303, 0.38092723893590474, 0.9953361339567376, 0.20500779503032385, 0.1334732034464429, 0.3167100614260177, 0.17378989228283595, 0.2473962109626958]
Iteration 127: [0.7043648000229228, 0.26462079967280533, 0.5351246587831217, 0.2260037690341891, 0.20631678091231856, 0.2009114935547799, 0.6217397491576218, 0.23195546729817948, 0.14782447280606775, 0.17577160007221843, 0.08722102327047965, 0.17638123280654874, 0.2665637308018303, 0.38092723893590474, 0.9953361339567376, 0.20500779503032385, 0.1334732034464429, 0.3310587346022811, 0.17378989228283595, 0.2473962109626958]
Iteration 128: [0.7043648000229228, 0.26462079967280533, 0.5351246587831217, 0.2260037690341891, 0.20631678091231856, 0.2009114935547799, 0.6217397491576218, 0.23195546729817948, 0.1922068715443894, 0.17577160007221843, 0.08722102327047965, 0.1693282079504963, 0.2665637308018303, 0.38092723893590474, 0.9953361339567376, 0.20500779503032385, 0.1334732034464429, 0.3310587346022811, 0.17378989228283595, 0.2473962109626958]
Iteration 129: [0.7043648000229228, 0.26462079967280533, 0.5351246587831217, 0.2260037690341891, 0.20631678091231856, 0.2009114935547799, 0.609303408047701, 0.23195546729817948, 0.2392756253995713, 0.17577160007221843, 0.08722102327047965, 0.1693282079504963, 0.2665637308018303, 0.38092723893590474, 0.9953361339567376, 0.20500779503032385, 0.1334732034464429, 0.3310587346022811, 0.17378989228283595, 0.2473962109626958]
Iteration 130: [0.5873478924360647, 0.26462079967280533, 0.5351246587831217, 0.2260037690341891, 0.20631678091231856, 0.2009114935547799, 0.609303408047701, 0.23195546729817948, 0.2392756253995713, 0.17577160007221843, 0.08722102327047965, 0.1693282079504963, 0.2665637308018303, 0.38092723893590474, 0.9953361339567376, 0.20500779503032385, 0.13269809170881844, 0.3310587346022811, 0.17378989228283595, 0.2473962109626958]
Iteration 131: [0.5873478924360647, 0.26462079967280533, 0.5351246587831217, 0.2260037690341891, 0.20631678091231856, 0.2394318384155968, 0.609303408047701, 0.23195546729817948, 0.2392756253995713, 0.17577160007221843, 0.08722102327047965, 0.1693282079504963, 0.2665637308018303, 0.38092723893590474, 0.9953361339567376, 0.20500779503032385, 0.13269809170881844, 0.3310587346022811, 0.20259067415535228, 0.2473962109626958]
Iteration 132: [0.5873478924360647, 0.26462079967280533, 0.5351246587831217, 0.2260037690341891, 0.20631678091231856, 0.2394318384155968, 0.609303408047701, 0.25943669969105865, 0.2392756253995713, 0.17577160007221843, 0.09999014482378478, 0.1693282079504963, 0.2665637308018303, 0.38092723893590474, 0.9953361339567376, 0.20500779503032385, 0.13269809170881844, 0.3310587346022811, 0.20259067415535228, 0.2473962109626958]
Iteration 133: [0.5873478924360647, 0.26462079967280533, 0.5351246587831217, 0.2260037690341891, 0.20631678091231856, 0.2394318384155968, 0.609303408047701, 0.25943669969105865, 0.2392756253995713, 0.17577160007221843, 0.09999014482378478, 0.1693282079504963, 0.253978211164071, 0.38092723893590474, 0.9953361339567376, 0.2298312291218927, 0.13269809170881844, 0.3310587346022811, 0.20259067415535228, 0.2473962109626958]
Iteration 134: [0.5873478924360647, 0.26462079967280533, 0.5351246587831217, 0.32837609917049715, 0.20631678091231856, 0.2394318384155968, 0.609303408047701, 0.2458356455599931, 0.2392756253995713, 0.17577160007221843, 0.09999014482378478, 0.1693282079504963, 0.253978211164071, 0.38092723893590474, 0.9953361339567376, 0.2298312291218927, 0.13269809170881844, 0.3310587346022811, 0.20259067415535228, 0.2473962109626958]
Iteration 135: [0.5873478924360647, 0.26462079967280533, 0.16293743305241906, 0.32837609917049715, 0.20631678091231856, 0.2394318384155968, 0.609303408047701, 0.2458356455599931, 0.2392756253995713, 0.17577160007221843, 0.0915084325640967, 0.1693282079504963, 0.253978211164071, 0.38092723893590474, 0.9953361339567376, 0.2298312291218927, 0.13269809170881844, 0.3310587346022811, 0.20259067415535228, 0.2473962109626958]
Iteration 136: [0.5873478924360647, 0.26462079967280533, 0.16293743305241906, 0.32837609917049715, 0.20631678091231856, 0.2394318384155968, 0.609303408047701, 0.2458356455599931, 0.2392756253995713, 0.17577160007221843, 0.0915084325640967, 0.1693282079504963, 0.2741429246037133, 0.38092723893590474, 0.9953361339567376, 0.2298312291218927, 0.13269809170881844, 0.3310587346022811, 0.20259067415535228, 0.2623125657015005]
Iteration 137: [0.5873478924360647, 0.26462079967280533, 0.16293743305241906, 0.32837609917049715, 0.20631678091231856, 0.2394318384155968, 0.6127176819272204, 0.2458356455599931, 0.2392756253995713, 0.17577160007221843, 0.0915084325640967, 0.1693282079504963, 0.2741429246037133, 0.38092723893590474, 0.9953361339567376, 0.2298312291218927, 0.1289895442032143, 0.3310587346022811, 0.20259067415535228, 0.2623125657015005]
Iteration 138: [0.6064137140129643, 0.26462079967280533, 0.16293743305241906, 0.32837609917049715, 0.20631678091231856, 0.2394318384155968, 0.6127176819272204, 0.2458356455599931, 0.2392756253995713, 0.17577160007221843, 0.0915084325640967, 0.1693282079504963, 0.2741429246037133, 0.38092723893590474, 0.9953361339567376, 0.2298312291218927, 0.1289895442032143, 0.3310587346022811, 0.20259067415535228, 0.2623125657015005]
Iteration 139: [0.6064137140129643, 0.26511679886171263, 0.16293743305241906, 0.32837609917049715, 0.20631678091231856, 0.2394318384155968, 0.6127176819272204, 0.2458356455599931, 0.2392756253995713, 0.17577160007221843, 0.0915084325640967, 0.1693282079504963, 0.2741429246037133, 0.38092723893590474, 0.9953361339567376, 0.2298312291218927, 0.1289895442032143, 0.3310587346022811, 0.20259067415535228, 0.2623125657015005]
Iteration 140: [0.6064137140129643, 0.26511679886171263, 0.16293743305241906, 0.32837609917049715, 0.30856499406054155, 0.2394318384155968, 0.6127176819272204, 0.2458356455599931, 0.2392756253995713, 0.17577160007221843, 0.0915084325640967, 0.1693282079504963, 0.2741429246037133, 0.38092723893590474, 0.9953361339567376, 0.2298312291218927, 0.1289895442032143, 0.3310587346022811, 0.20259067415535228, 0.2623125657015005]
Iteration 141: [0.6064137140129643, 0.21369347602423353, 0.16293743305241906, 0.32837609917049715, 0.33575919336540766, 0.2394318384155968, 0.6127176819272204, 0.2458356455599931, 0.2392756253995713, 0.17577160007221843, 0.0915084325640967, 0.1693282079504963, 0.2741429246037133, 0.38092723893590474, 0.9953361339567376, 0.2298312291218927, 0.1289895442032143, 0.3310587346022811, 0.20259067415535228, 0.2623125657015005]
Iteration 142: [0.6064137140129643, 0.21369347602423353, 0.16293743305241906, 0.32837609917049715, 0.33575919336540766, 0.2394318384155968, 0.6127176819272204, 0.2458356455599931, 0.2392756253995713, 0.17577160007221843, 0.13691996391516545, 0.1693282079504963, 0.2741429246037133, 0.38092723893590474, 0.9953361339567376, 0.2298312291218927, 0.1289895442032143, 0.3310587346022811, 0.20259067415535228, 0.2623125657015005]
Iteration 143: [0.6064137140129643, 0.21369347602423353, 0.16293743305241906, 0.3735648662031578, 0.33575919336540766, 0.2394318384155968, 0.6127176819272204, 0.2458356455599931, 0.2392756253995713, 0.17577160007221843, 0.13691996391516545, 0.19879300732742797, 0.2741429246037133, 0.38092723893590474, 0.9953361339567376, 0.2298312291218927, 0.1289895442032143, 0.3310587346022811, 0.20259067415535228, 0.2623125657015005]
Iteration 144: [0.6064137140129643, 0.21369347602423353, 0.16293743305241906, 0.3735648662031578, 0.33924911961914234, 0.2394318384155968, 0.6127176819272204, 0.2458356455599931, 0.2392756253995713, 0.17577160007221843, 0.17592751403529666, 0.19879300732742797, 0.2741429246037133, 0.38092723893590474, 0.9953361339567376, 0.2298312291218927, 0.1289895442032143, 0.3310587346022811, 0.20259067415535228, 0.2623125657015005]
Iteration 145: [0.6064137140129643, 0.21369347602423353, 0.16293743305241906, 0.3735648662031578, 0.6155751010431445, 0.2394318384155968, 0.6127176819272204, 0.2458356455599931, 0.2392756253995713, 0.17577160007221843, 0.17592751403529666, 0.19879300732742797, 0.2741429246037133, 0.38092723893590474, 0.9953361339567376, 0.2298312291218927, 0.1289895442032143, 0.3310587346022811, 0.2341561296957738, 0.2623125657015005]
Iteration 146: [0.6064137140129643, 0.21369347602423353, 0.16293743305241906, 0.28504514086861116, 0.6155751010431445, 0.2394318384155968, 0.6127176819272204, 0.2458356455599931, 0.2392756253995713, 0.17577160007221843, 0.14425331005631056, 0.19879300732742797, 0.2741429246037133, 0.38092723893590474, 0.9953361339567376, 0.2298312291218927, 0.1289895442032143, 0.3310587346022811, 0.2341561296957738, 0.2623125657015005]
Iteration 147: [0.6064137140129643, 0.21369347602423353, 0.16293743305241906, 0.28504514086861116, 0.6155751010431445, 0.2394318384155968, 0.6127176819272204, 0.2458356455599931, 0.20095369345880065, 0.17577160007221843, 0.14425331005631056, 0.19879300732742797, 0.2741429246037133, 0.38092723893590474, 0.9953361339567376, 0.2298312291218927, 0.1289895442032143, 0.3310587346022811, 0.2341561296957738, 0.22793378420550445]
Iteration 148: [0.6064137140129643, 0.21369347602423353, 0.16293743305241906, 0.28504514086861116, 0.22478962468336713, 0.2394318384155968, 0.6127176819272204, 0.2458356455599931, 0.20095369345880065, 0.17577160007221843, 0.14425331005631056, 0.19879300732742797, 0.2741429246037133, 0.38092723893590474, 0.9953361339567376, 0.2298312291218927, 0.1289895442032143, 0.3310587346022811, 0.2341561296957738, 0.22793378420550445]
Iteration 149: [0.6064137140129643, 0.21369347602423353, 0.16293743305241906, 0.28504514086861116, 0.22478962468336713, 0.2394318384155968, 0.6127176819272204, 0.2458356455599931, 0.20095369345880065, 0.17577160007221843, 0.18928373246738067, 0.19879300732742797, 0.2741429246037133, 0.14177442095283255, 0.9953361339567376, 0.2298312291218927, 0.1289895442032143, 0.3310587346022811, 0.2341561296957738, 0.22793378420550445]
Iteration 150: [0.6064137140129643, 0.21369347602423353, 0.16293743305241906, 0.28504514086861116, 0.22478962468336713, 0.2394318384155968, 0.6127176819272204, 0.2458356455599931, 0.20095369345880065, 0.18433586136594646, 0.18928373246738067, 0.19879300732742797, 0.2741429246037133, 0.14177442095283255, 0.9953361339567376, 0.2573151261608376, 0.1289895442032143, 0.3310587346022811, 0.2341561296957738, 0.22793378420550445]
