There are 3 agents who believe in con
There are 10 agents who believe in pro
There are 7 agents who are neutral 

Iteration 1: [0.3715265989065449, 0.4775333207101318, 0.5449244676014453, 0.5017439164426785, 0.6277376252031813, 0.6309593870720959, 0.34527127512117667, 0.5992667104817477, 0.38982587649326467, 0.35639164324670036, 0.4510840566185946, 0.6956626307866745, 0.4820077720914881, 0.8678896556689754, 0.40167913248512804, 0.3433393169604842, 0.23444237516041425, 0.2272075520191533, 0.34837276826845026, 0.3639833212307627]
Iteration 2: [0.39215555873957614, 0.4775333207101318, 0.5449244676014453, 0.5017439164426785, 0.6277376252031813, 0.6309593870720959, 0.34527127512117667, 0.5992667104817477, 0.38982587649326467, 0.2765130971806455, 0.4510840566185946, 0.6956626307866745, 0.4820077720914881, 0.8678896556689754, 0.40167913248512804, 0.3433393169604842, 0.23444237516041425, 0.2272075520191533, 0.34837276826845026, 0.3639833212307627]
Iteration 3: [0.39215555873957614, 0.4775333207101318, 0.5449244676014453, 0.5017439164426785, 0.6277376252031813, 0.6309593870720959, 0.34527127512117667, 0.5830281817840766, 0.38982587649326467, 0.2765130971806455, 0.4510840566185946, 0.6956626307866745, 0.4820077720914881, 0.8678896556689754, 0.40167913248512804, 0.3433393169604842, 0.19776531229353791, 0.2272075520191533, 0.34837276826845026, 0.3639833212307627]
Iteration 4: [0.39215555873957614, 0.4775333207101318, 0.5449244676014453, 0.5017439164426785, 0.5514157842010073, 0.6309593870720959, 0.27808668538843506, 0.5830281817840766, 0.38982587649326467, 0.2765130971806455, 0.4510840566185946, 0.6956626307866745, 0.4820077720914881, 0.8678896556689754, 0.40167913248512804, 0.3433393169604842, 0.19776531229353791, 0.2272075520191533, 0.34837276826845026, 0.3639833212307627]
Iteration 5: [0.39215555873957614, 0.4775333207101318, 0.5449244676014453, 0.5017439164426785, 0.5514157842010073, 0.6309593870720959, 0.27808668538843506, 0.6658154718294952, 0.38982587649326467, 0.2765130971806455, 0.4510840566185946, 0.6956626307866745, 0.4820077720914881, 0.8678896556689754, 0.40167913248512804, 0.3433393169604842, 0.3768552217746562, 0.2272075520191533, 0.34837276826845026, 0.3639833212307627]
Iteration 6: [0.39215555873957614, 0.4775333207101318, 0.5449244676014453, 0.5017439164426785, 0.5514157842010073, 0.6309593870720959, 0.3180483351778811, 0.6658154718294952, 0.3095733638180226, 0.2765130971806455, 0.4510840566185946, 0.6956626307866745, 0.4820077720914881, 0.8678896556689754, 0.40167913248512804, 0.3433393169604842, 0.3768552217746562, 0.2272075520191533, 0.34837276826845026, 0.3639833212307627]
Iteration 7: [0.39215555873957614, 0.4775333207101318, 0.5449244676014453, 0.5540335556520596, 0.5514157842010073, 0.570858696401543, 0.3180483351778811, 0.6658154718294952, 0.3095733638180226, 0.2765130971806455, 0.4510840566185946, 0.6956626307866745, 0.4820077720914881, 0.8678896556689754, 0.40167913248512804, 0.3433393169604842, 0.3768552217746562, 0.2272075520191533, 0.34837276826845026, 0.3639833212307627]
Iteration 8: [0.39215555873957614, 0.4775333207101318, 0.5449244676014453, 0.5540335556520596, 0.5514157842010073, 0.570858696401543, 0.3413802107453636, 0.6658154718294952, 0.3095733638180226, 0.2765130971806455, 0.4510840566185946, 0.6956626307866745, 0.4820077720914881, 0.8678896556689754, 0.6707463055111536, 0.3433393169604842, 0.3768552217746562, 0.2272075520191533, 0.34837276826845026, 0.3639833212307627]
Iteration 9: [0.39215555873957614, 0.4775333207101318, 0.5449244676014453, 0.5540335556520596, 0.5514157842010073, 0.570858696401543, 0.3413802107453636, 0.6658154718294952, 0.3095733638180226, 0.2765130971806455, 0.4510840566185946, 0.6956626307866745, 0.4820077720914881, 0.8678896556689754, 0.6707463055111536, 0.4214525367429151, 0.3685157672485058, 0.2272075520191533, 0.34837276826845026, 0.3639833212307627]
Iteration 10: [0.39215555873957614, 0.05837374849698021, 0.5449244676014453, 0.5540335556520596, 0.5514157842010073, 0.570858696401543, 0.270523140882943, 0.6658154718294952, 0.3095733638180226, 0.2765130971806455, 0.4510840566185946, 0.6956626307866745, 0.4820077720914881, 0.8678896556689754, 0.6707463055111536, 0.4214525367429151, 0.3685157672485058, 0.2272075520191533, 0.34837276826845026, 0.3639833212307627]
Iteration 11: [0.39215555873957614, 0.40784015631134796, 0.5449244676014453, 0.5540335556520596, 0.5514157842010073, 0.570858696401543, 0.270523140882943, 0.6658154718294952, 0.3965154363229732, 0.2765130971806455, 0.4510840566185946, 0.6956626307866745, 0.4820077720914881, 0.8678896556689754, 0.6707463055111536, 0.4214525367429151, 0.3685157672485058, 0.2272075520191533, 0.34837276826845026, 0.3639833212307627]
Iteration 12: [0.39215555873957614, 0.40784015631134796, 0.5449244676014453, 0.41127665111153794, 0.5514157842010073, 0.570858696401543, 0.270523140882943, 0.6658154718294952, 0.3965154363229732, 0.20087301111318365, 0.4510840566185946, 0.6956626307866745, 0.4820077720914881, 0.8678896556689754, 0.6707463055111536, 0.4214525367429151, 0.3685157672485058, 0.2272075520191533, 0.34837276826845026, 0.3639833212307627]
Iteration 13: [0.39215555873957614, 0.40784015631134796, 0.5449244676014453, 0.41127665111153794, 0.5514157842010073, 0.570858696401543, 0.270523140882943, 0.6658154718294952, 0.3965154363229732, 0.20087301111318365, 0.4510840566185946, 0.6956626307866745, 0.4820077720914881, 0.8678896556689754, 0.3918032842596987, 0.4214525367429151, 0.3413588898590229, 0.2272075520191533, 0.34837276826845026, 0.3639833212307627]
Iteration 14: [0.39215555873957614, 0.40784015631134796, 0.5449244676014453, 0.41127665111153794, 0.5514157842010073, 0.570858696401543, 0.270523140882943, 0.6658154718294952, 0.3965154363229732, 0.20087301111318365, 0.4510840566185946, 0.6956626307866745, 0.4820077720914881, 0.8678896556689754, 0.3918032842596987, 0.4214525367429151, 0.3413588898590229, 0.21837144792101523, 0.34837276826845026, 0.3700330949320316]
Iteration 15: [0.39215555873957614, 0.40784015631134796, 0.5449244676014453, 0.41127665111153794, 0.5514157842010073, 0.570858696401543, 0.270523140882943, 0.6658154718294952, 0.3965154363229732, 0.20087301111318365, 0.4510840566185946, 0.6284579148721101, 0.4357248489211142, 0.8678896556689754, 0.3918032842596987, 0.4214525367429151, 0.3413588898590229, 0.21837144792101523, 0.34837276826845026, 0.3700330949320316]
Iteration 16: [0.33631946754434044, 0.40784015631134796, 0.5449244676014453, 0.41127665111153794, 0.5514157842010073, 0.570858696401543, 0.270523140882943, 0.6658154718294952, 0.3965154363229732, 0.20087301111318365, 0.4510840566185946, 0.6284579148721101, 0.4357248489211142, 0.4636609432903806, 0.3918032842596987, 0.4214525367429151, 0.3413588898590229, 0.21837144792101523, 0.34837276826845026, 0.3700330949320316]
Iteration 17: [0.33631946754434044, 0.47523404713853185, 0.5449244676014453, 0.41127665111153794, 0.5514157842010073, 0.570858696401543, 0.270523140882943, 0.6658154718294952, 0.3965154363229732, 0.20087301111318365, 0.4510840566185946, 0.6284579148721101, 0.4357248489211142, 0.4636609432903806, 0.3918032842596987, 0.4214525367429151, 0.551356105733679, 0.21837144792101523, 0.34837276826845026, 0.3700330949320316]
Iteration 18: [0.33631946754434044, 0.47523404713853185, 0.5189600911927041, 0.41127665111153794, 0.5514157842010073, 0.570858696401543, 0.270523140882943, 0.6658154718294952, 0.3965154363229732, 0.20087301111318365, 0.4510840566185946, 0.6284579148721101, 0.4357248489211142, 0.4636609432903806, 0.3918032842596987, 0.4214525367429151, 0.551356105733679, 0.21837144792101523, 0.34837276826845026, 0.3700330949320316]
Iteration 19: [0.33631946754434044, 0.47523404713853185, 0.5189600911927041, 0.5335363386469372, 0.5514157842010073, 0.570858696401543, 0.270523140882943, 0.6658154718294952, 0.3965154363229732, 0.20087301111318365, 0.4510840566185946, 0.6284579148721101, 0.4357248489211142, 0.4636609432903806, 0.3918032842596987, 0.4214525367429151, 0.551356105733679, 0.21837144792101523, 0.34837276826845026, 0.34545590691895317]
Iteration 20: [0.33631946754434044, 0.47523404713853185, 0.5189600911927041, 0.5335363386469372, 0.5514157842010073, 0.570858696401543, 0.270523140882943, 0.6675067352179364, 0.3904878082538137, 0.20087301111318365, 0.4510840566185946, 0.6284579148721101, 0.4357248489211142, 0.4636609432903806, 0.3918032842596987, 0.4214525367429151, 0.551356105733679, 0.21837144792101523, 0.34837276826845026, 0.34545590691895317]
Iteration 21: [0.33631946754434044, 0.47523404713853185, 0.5189600911927041, 0.5335363386469372, 0.5514157842010073, 0.570858696401543, 0.2342844687788963, 0.6675067352179364, 0.3904878082538137, 0.20087301111318365, 0.4510840566185946, 0.6284579148721101, 0.4357248489211142, 0.4636609432903806, 0.36884669923653723, 0.4214525367429151, 0.551356105733679, 0.21837144792101523, 0.34837276826845026, 0.34545590691895317]
Iteration 22: [0.33631946754434044, 0.47523404713853185, 0.4092899425355766, 0.5335363386469372, 0.5514157842010073, 0.570858696401543, 0.2342844687788963, 0.6675067352179364, 0.3904878082538137, 0.20087301111318365, 0.4739479876041642, 0.6284579148721101, 0.4357248489211142, 0.4636609432903806, 0.36884669923653723, 0.4214525367429151, 0.551356105733679, 0.21837144792101523, 0.34837276826845026, 0.34545590691895317]
Iteration 23: [0.33631946754434044, 0.47523404713853185, 0.4092899425355766, 0.5335363386469372, 0.5514157842010073, 0.570858696401543, 0.2342844687788963, 0.6675067352179364, 0.3904878082538137, 0.20087301111318365, 0.4739479876041642, 0.6339538409082686, 0.4357248489211142, 0.4636609432903806, 0.36884669923653723, 0.4214525367429151, 0.551356105733679, 0.21837144792101523, 0.34837276826845026, 0.3017412529781444]
Iteration 24: [0.33631946754434044, 0.47523404713853185, 0.4092899425355766, 0.5335363386469372, 0.5514157842010073, 0.570858696401543, 0.2342844687788963, 0.6675067352179364, 0.3904878082538137, 0.20087301111318365, 0.511802262529127, 0.6339538409082686, 0.4357248489211142, 0.4636609432903806, 0.36884669923653723, 0.4816348060534668, 0.551356105733679, 0.21837144792101523, 0.34837276826845026, 0.3017412529781444]
Iteration 25: [0.33631946754434044, 0.47523404713853185, 0.4092899425355766, 0.5335363386469372, 0.5514157842010073, 0.570858696401543, 0.2797268383798601, 0.6675067352179364, 0.3904878082538137, 0.09105427273867724, 0.511802262529127, 0.6339538409082686, 0.4357248489211142, 0.4636609432903806, 0.36884669923653723, 0.4816348060534668, 0.551356105733679, 0.21837144792101523, 0.34837276826845026, 0.3017412529781444]
Iteration 26: [0.33631946754434044, 0.47523404713853185, 0.4092899425355766, 0.5335363386469372, 0.5514157842010073, 0.570858696401543, 0.2797268383798601, 0.6675067352179364, 0.3904878082538137, 0.2211180129447051, 0.511802262529127, 0.6339538409082686, 0.4357248489211142, 0.4636609432903806, 0.32263292417942313, 0.4816348060534668, 0.551356105733679, 0.21837144792101523, 0.34837276826845026, 0.3017412529781444]
Iteration 27: [0.33631946754434044, 0.47523404713853185, 0.4092899425355766, 0.5335363386469372, 0.5514157842010073, 0.570858696401543, 0.2797268383798601, 0.6675067352179364, 0.3904878082538137, 0.2211180129447051, 0.511802262529127, 0.6339538409082686, 0.599581891956825, 0.4636609432903806, 0.32263292417942313, 0.4816348060534668, 0.551356105733679, 0.21837144792101523, 0.34837276826845026, 0.35554357595183783]
Iteration 28: [0.33631946754434044, 0.47523404713853185, 0.4092899425355766, 0.5335363386469372, 0.5514157842010073, 0.570858696401543, 0.2797268383798601, 0.631987494980282, 0.3904878082538137, 0.2211180129447051, 0.511802262529127, 0.6339538409082686, 0.599581891956825, 0.4636609432903806, 0.32263292417942313, 0.4816348060534668, 0.551356105733679, 0.2548811578406314, 0.34837276826845026, 0.35554357595183783]
Iteration 29: [0.33631946754434044, 0.47523404713853185, 0.4092899425355766, 0.5335363386469372, 0.5514157842010073, 0.5387299731379743, 0.2797268383798601, 0.631987494980282, 0.3625970421232284, 0.2211180129447051, 0.511802262529127, 0.6339538409082686, 0.599581891956825, 0.4636609432903806, 0.32263292417942313, 0.4816348060534668, 0.551356105733679, 0.2548811578406314, 0.34837276826845026, 0.35554357595183783]
Iteration 30: [0.33631946754434044, 0.47523404713853185, 0.4092899425355766, 0.5335363386469372, 0.5514157842010073, 0.5387299731379743, 0.2797268383798601, 0.631987494980282, 0.33109323873999846, 0.2211180129447051, 0.511802262529127, 0.6390743451015183, 0.599581891956825, 0.4636609432903806, 0.32263292417942313, 0.4816348060534668, 0.551356105733679, 0.2548811578406314, 0.34837276826845026, 0.35554357595183783]
Iteration 31: [0.33631946754434044, 0.5254733412960797, 0.4092899425355766, 0.5335363386469372, 0.522205291042297, 0.5387299731379743, 0.2797268383798601, 0.631987494980282, 0.33109323873999846, 0.2211180129447051, 0.511802262529127, 0.6390743451015183, 0.599581891956825, 0.4636609432903806, 0.32263292417942313, 0.4816348060534668, 0.551356105733679, 0.2548811578406314, 0.34837276826845026, 0.35554357595183783]
Iteration 32: [0.33631946754434044, 0.5254733412960797, 0.4092899425355766, 0.5335363386469372, 0.522205291042297, 0.5387299731379743, 0.2797268383798601, 0.631987494980282, 0.33109323873999846, 0.2211180129447051, 0.511802262529127, 0.6390743451015183, 0.599581891956825, 0.4636609432903806, 0.32263292417942313, 0.4816348060534668, 0.551356105733679, 0.2548811578406314, 0.3039879938850216, 0.35554357595183783]
Iteration 33: [0.2725661126618866, 0.5254733412960797, 0.4092899425355766, 0.6478329470822675, 0.522205291042297, 0.5387299731379743, 0.2797268383798601, 0.631987494980282, 0.33109323873999846, 0.2211180129447051, 0.511802262529127, 0.6390743451015183, 0.599581891956825, 0.4636609432903806, 0.32263292417942313, 0.4816348060534668, 0.551356105733679, 0.2548811578406314, 0.3039879938850216, 0.35554357595183783]
Iteration 34: [0.2725661126618866, 0.5254733412960797, 0.4092899425355766, 0.6478329470822675, 0.522205291042297, 0.5387299731379743, 0.2797268383798601, 0.631987494980282, 0.33109323873999846, 0.2211180129447051, 0.511802262529127, 0.6378905387982813, 0.599581891956825, 0.4636609432903806, 0.32263292417942313, 0.47248481239547957, 0.551356105733679, 0.2548811578406314, 0.3039879938850216, 0.35554357595183783]
Iteration 35: [0.2725661126618866, 0.4283360322088404, 0.4092899425355766, 0.6478329470822675, 0.522205291042297, 0.5387299731379743, 0.2797268383798601, 0.631987494980282, 0.33109323873999846, 0.2211180129447051, 0.511802262529127, 0.6378905387982813, 0.5876133746217655, 0.4636609432903806, 0.32263292417942313, 0.47248481239547957, 0.551356105733679, 0.2548811578406314, 0.3039879938850216, 0.35554357595183783]
Iteration 36: [0.2725661126618866, 0.6681048107949337, 0.4092899425355766, 0.6478329470822675, 0.522205291042297, 0.5387299731379743, 0.2797268383798601, 0.631987494980282, 0.33109323873999846, 0.2211180129447051, 0.511802262529127, 0.6378905387982813, 0.5876133746217655, 0.4636609432903806, 0.32263292417942313, 0.47248481239547957, 0.551356105733679, 0.2548811578406314, 0.3039879938850216, 0.3132390203421124]
Iteration 37: [0.2725661126618866, 0.6681048107949337, 0.4092899425355766, 0.6478329470822675, 0.522205291042297, 0.5387299731379743, 0.29401393560605943, 0.631987494980282, 0.33109323873999846, 0.2211180129447051, 0.511802262529127, 0.6378905387982813, 0.6918586109661824, 0.4636609432903806, 0.32263292417942313, 0.47248481239547957, 0.551356105733679, 0.2548811578406314, 0.3039879938850216, 0.3132390203421124]
Iteration 38: [0.2725661126618866, 0.6681048107949337, 0.4092899425355766, 0.6478329470822675, 0.522205291042297, 0.5387299731379743, 0.29401393560605943, 0.631987494980282, 0.33109323873999846, 0.2211180129447051, 0.511802262529127, 0.6378905387982813, 0.6918586109661824, 0.4636609432903806, 0.32263292417942313, 0.5858346032034999, 0.5940075790156103, 0.2548811578406314, 0.3039879938850216, 0.3132390203421124]
Iteration 39: [0.2725661126618866, 0.6681048107949337, 0.4092899425355766, 0.6478329470822675, 0.522205291042297, 0.5387299731379743, 0.3444733877417628, 0.631987494980282, 0.33109323873999846, 0.2211180129447051, 0.511802262529127, 0.6378905387982813, 0.6918586109661824, 0.4636609432903806, 0.32263292417942313, 0.5858346032034999, 0.5940075790156103, 0.2548811578406314, 0.3039879938850216, 0.34563540188390507]
Iteration 40: [0.2725661126618866, 0.5658483982568953, 0.4092899425355766, 0.6478329470822675, 0.522205291042297, 0.5606108731225781, 0.3444733877417628, 0.631987494980282, 0.33109323873999846, 0.2211180129447051, 0.511802262529127, 0.6378905387982813, 0.6918586109661824, 0.4636609432903806, 0.32263292417942313, 0.5858346032034999, 0.5940075790156103, 0.2548811578406314, 0.3039879938850216, 0.34563540188390507]
Iteration 41: [0.2725661126618866, 0.5658483982568953, 0.4092899425355766, 0.6478329470822675, 0.522205291042297, 0.5606108731225781, 0.3444733877417628, 0.631987494980282, 0.33109323873999846, 0.2211180129447051, 0.511802262529127, 0.6378905387982813, 0.5641655385927711, 0.4636609432903806, 0.32263292417942313, 0.5858346032034999, 0.5940075790156103, 0.2548811578406314, 0.3039879938850216, 0.34563540188390507]
Iteration 42: [0.2725661126618866, 0.5658483982568953, 0.4092899425355766, 0.6478329470822675, 0.522205291042297, 0.5997747801246687, 0.3444733877417628, 0.631987494980282, 0.33109323873999846, 0.2211180129447051, 0.511802262529127, 0.6378905387982813, 0.5641655385927711, 0.4636609432903806, 0.32263292417942313, 0.5858346032034999, 0.5940075790156103, 0.2548811578406314, 0.3039879938850216, 0.7064471723293273]
Iteration 43: [0.2725661126618866, 0.5658483982568953, 0.4092899425355766, 0.6478329470822675, 0.522205291042297, 0.5997747801246687, 0.3444733877417628, 0.631987494980282, 0.33109323873999846, 0.2211180129447051, 0.511802262529127, 0.6378905387982813, 0.5641655385927711, 0.4636609432903806, 0.32263292417942313, 0.5498306466050378, 0.5940075790156103, 0.24589287498949808, 0.3039879938850216, 0.7064471723293273]
Iteration 44: [0.2725661126618866, 0.5658483982568953, 0.4092899425355766, 0.6478329470822675, 0.522205291042297, 0.5997747801246687, 0.3444733877417628, 0.631987494980282, 0.33109323873999846, 0.22829821064461187, 0.511802262529127, 0.6378905387982813, 0.5641655385927711, 0.4636609432903806, 0.32263292417942313, 0.5498306466050378, 0.5940075790156103, 0.24589287498949808, 0.3039879938850216, 0.7064471723293273]
Iteration 45: [0.2725661126618866, 0.5658483982568953, 0.4092899425355766, 0.6478329470822675, 0.5027780526032628, 0.6104657657399455, 0.3444733877417628, 0.631987494980282, 0.33109323873999846, 0.22829821064461187, 0.511802262529127, 0.6378905387982813, 0.5641655385927711, 0.4636609432903806, 0.32263292417942313, 0.5498306466050378, 0.5940075790156103, 0.24589287498949808, 0.3039879938850216, 0.7064471723293273]
Iteration 46: [0.2222719550115542, 0.5658483982568953, 0.4092899425355766, 0.6478329470822675, 0.5027780526032628, 0.6104657657399455, 0.3444733877417628, 0.631987494980282, 0.33109323873999846, 0.22829821064461187, 0.511802262529127, 0.6378905387982813, 0.5641655385927711, 0.4636609432903806, 0.32263292417942313, 0.5498306466050378, 0.5940075790156103, 0.24589287498949808, 0.3039879938850216, 0.7064471723293273]
Iteration 47: [0.2222719550115542, 0.5658483982568953, 0.4092899425355766, 0.6478329470822675, 0.5027780526032628, 0.6104657657399455, 0.49777209865265837, 0.631987494980282, 0.33109323873999846, 0.22829821064461187, 0.511802262529127, 0.6378905387982813, 0.5641655385927711, 0.4636609432903806, 0.32263292417942313, 0.5498306466050378, 0.5940075790156103, 0.24589287498949808, 0.3039879938850216, 0.7064471723293273]
Iteration 48: [0.2222719550115542, 0.5658483982568953, 0.31077683281635027, 0.6478329470822675, 0.5027780526032628, 0.6104657657399455, 0.49777209865265837, 0.631987494980282, 0.33109323873999846, 0.22829821064461187, 0.511802262529127, 0.6378905387982813, 0.5889085031688996, 0.4636609432903806, 0.32263292417942313, 0.5498306466050378, 0.5940075790156103, 0.24589287498949808, 0.3039879938850216, 0.7064471723293273]
Iteration 49: [0.2222719550115542, 0.5658483982568953, 0.31077683281635027, 0.5658357701003305, 0.4446964835813751, 0.6104657657399455, 0.49777209865265837, 0.631987494980282, 0.33109323873999846, 0.22829821064461187, 0.511802262529127, 0.6378905387982813, 0.5889085031688996, 0.4636609432903806, 0.32263292417942313, 0.5498306466050378, 0.5940075790156103, 0.24589287498949808, 0.3039879938850216, 0.7064471723293273]
Iteration 50: [0.2222719550115542, 0.5658483982568953, 0.31077683281635027, 0.5658357701003305, 0.5175978119342148, 0.6104657657399455, 0.49777209865265837, 0.631987494980282, 0.33109323873999846, 0.22829821064461187, 0.511802262529127, 0.6378905387982813, 0.5889085031688996, 0.3905983714651346, 0.32263292417942313, 0.5498306466050378, 0.5940075790156103, 0.24589287498949808, 0.3039879938850216, 0.7064471723293273]
Iteration 51: [0.2222719550115542, 0.5658483982568953, 0.31077683281635027, 0.5658357701003305, 0.5175978119342148, 0.12273632600518579, 0.49777209865265837, 0.631987494980282, 0.33109323873999846, 0.22829821064461187, 0.511802262529127, 0.6378905387982813, 0.5889085031688996, 0.3905983714651346, 0.32263292417942313, 0.5498306466050378, 0.5940075790156103, 0.23697864565355278, 0.3039879938850216, 0.7064471723293273]
Iteration 52: [0.2725661126618866, 0.5658483982568953, 0.31077683281635027, 0.5982359783629303, 0.5175978119342148, 0.12273632600518579, 0.49777209865265837, 0.631987494980282, 0.33109323873999846, 0.22829821064461187, 0.511802262529127, 0.6378905387982813, 0.5889085031688996, 0.3905983714651346, 0.32263292417942313, 0.5498306466050378, 0.5940075790156103, 0.23697864565355278, 0.3039879938850216, 0.7064471723293273]
Iteration 53: [0.2725661126618866, 0.5658483982568953, 0.2228533982084008, 0.5982359783629303, 0.5175978119342148, 0.12273632600518579, 0.49777209865265837, 0.631987494980282, 0.33109323873999846, 0.22829821064461187, 0.511802262529127, 0.6378905387982813, 0.5889085031688996, 0.3905983714651346, 0.32263292417942313, 0.5498306466050378, 0.6089873507932887, 0.23697864565355278, 0.3039879938850216, 0.7064471723293273]
Iteration 54: [0.2725661126618866, 0.5658483982568953, 0.2228533982084008, 0.5982359783629303, 0.5175978119342148, 0.12273632600518579, 0.49777209865265837, 0.631987494980282, 0.4253233118363167, 0.22829821064461187, 0.511802262529127, 0.6378905387982813, 0.5889085031688996, 0.3905983714651346, 0.32263292417942313, 0.5498306466050378, 0.6089873507932887, 0.23697864565355278, 0.3039879938850216, 0.7064471723293273]
Iteration 55: [0.2725661126618866, 0.5658483982568953, 0.2228533982084008, 0.5982359783629303, 0.5175978119342148, 0.12273632600518579, 0.49777209865265837, 0.631987494980282, 0.4253233118363167, 0.22829821064461187, 0.511802262529127, 0.6378905387982813, 0.5889085031688996, 0.3905983714651346, 0.32263292417942313, 0.5498306466050378, 0.6089873507932887, 0.2673871877212812, 0.3039879938850216, 0.7064471723293273]
Iteration 56: [0.2725661126618866, 0.5658483982568953, 0.2228533982084008, 0.5982359783629303, 0.5175978119342148, 0.12273632600518579, 0.49777209865265837, 0.631987494980282, 0.4253233118363167, 0.22829821064461187, 0.511802262529127, 0.6378905387982813, 0.5889085031688996, 0.3905983714651346, 0.32263292417942313, 0.5498306466050378, 0.6089873507932887, 0.2673871877212812, 0.3039879938850216, 0.7064471723293273]
Iteration 57: [0.2725661126618866, 0.5658483982568953, 0.4548844174530805, 0.5982359783629303, 0.5175978119342148, 0.12273632600518579, 0.49777209865265837, 0.631987494980282, 0.4253233118363167, 0.22829821064461187, 0.511802262529127, 0.6378905387982813, 0.5889085031688996, 0.3905983714651346, 0.3666621286901097, 0.5498306466050378, 0.6089873507932887, 0.2673871877212812, 0.3039879938850216, 0.7064471723293273]
Iteration 58: [0.2725661126618866, 0.5658483982568953, 0.4548844174530805, 0.5982359783629303, 0.4815276905632122, 0.12273632600518579, 0.49777209865265837, 0.631987494980282, 0.4253233118363167, 0.22829821064461187, 0.511802262529127, 0.6378905387982813, 0.5889085031688996, 0.3905983714651346, 0.4348398418321886, 0.5498306466050378, 0.6089873507932887, 0.2673871877212812, 0.3039879938850216, 0.7064471723293273]
Iteration 59: [0.2725661126618866, 0.5658483982568953, 0.4548844174530805, 0.5982359783629303, 0.4815276905632122, 0.12273632600518579, 0.49777209865265837, 0.631987494980282, 0.4253233118363167, 0.22829821064461187, 0.511802262529127, 0.6378905387982813, 0.5889085031688996, 0.3905983714651346, 0.4348398418321886, 0.5498306466050378, 0.4424689963394833, 0.2673871877212812, 0.3039879938850216, 0.7064471723293273]
Iteration 60: [0.3523668569627418, 0.5658483982568953, 0.4548844174530805, 0.5982359783629303, 0.4815276905632122, 0.12273632600518579, 0.49777209865265837, 0.631987494980282, 0.4253233118363167, 0.22829821064461187, 0.511802262529127, 0.6378905387982813, 0.5889085031688996, 0.3905983714651346, 0.4348398418321886, 0.5498306466050378, 0.4424689963394833, 0.2673871877212812, 0.3039879938850216, 0.7064471723293273]
Iteration 61: [0.3523668569627418, 0.555374495119064, 0.5235659587872625, 0.5982359783629303, 0.4815276905632122, 0.12273632600518579, 0.49777209865265837, 0.631987494980282, 0.4253233118363167, 0.22829821064461187, 0.511802262529127, 0.6378905387982813, 0.5889085031688996, 0.3905983714651346, 0.4348398418321886, 0.5498306466050378, 0.4424689963394833, 0.2673871877212812, 0.3039879938850216, 0.7064471723293273]
Iteration 62: [0.27684896021654404, 0.555374495119064, 0.5235659587872625, 0.5982359783629303, 0.4815276905632122, 0.12273632600518579, 0.49777209865265837, 0.631987494980282, 0.4253233118363167, 0.28044463815771353, 0.511802262529127, 0.6378905387982813, 0.5889085031688996, 0.3905983714651346, 0.4348398418321886, 0.5498306466050378, 0.4424689963394833, 0.2673871877212812, 0.3039879938850216, 0.7064471723293273]
Iteration 63: [0.27684896021654404, 0.555374495119064, 0.5235659587872625, 0.5982359783629303, 0.4815276905632122, 0.12273632600518579, 0.49777209865265837, 0.631987494980282, 0.4253233118363167, 0.3379193701668552, 0.511802262529127, 0.6378905387982813, 0.5889085031688996, 0.3905983714651346, 0.4348398418321886, 0.5498306466050378, 0.4424689963394833, 0.2673871877212812, 0.3039879938850216, 0.7064471723293273]
Iteration 64: [0.27684896021654404, 0.555374495119064, 0.5235659587872625, 0.5982359783629303, 0.4815276905632122, 0.12273632600518579, 0.49777209865265837, 0.631987494980282, 0.4253233118363167, 0.3379193701668552, 0.5300644712731739, 0.6378905387982813, 0.7044624961555522, 0.3905983714651346, 0.4348398418321886, 0.5498306466050378, 0.4424689963394833, 0.2673871877212812, 0.3039879938850216, 0.7064471723293273]
Iteration 65: [0.27684896021654404, 0.555374495119064, 0.5235659587872625, 0.5699683796293126, 0.4815276905632122, 0.12273632600518579, 0.49777209865265837, 0.631987494980282, 0.4253233118363167, 0.3379193701668552, 0.5300644712731739, 0.6378905387982813, 0.7044624961555522, 0.4053955094895943, 0.4348398418321886, 0.5498306466050378, 0.4424689963394833, 0.2673871877212812, 0.3039879938850216, 0.7064471723293273]
Iteration 66: [0.27684896021654404, 0.555374495119064, 0.5235659587872625, 0.5699683796293126, 0.4815276905632122, 0.12273632600518579, 0.49777209865265837, 0.631987494980282, 0.4253233118363167, 0.3379193701668552, 0.5300644712731739, 0.6378905387982813, 0.7044624961555522, 0.5136462576253201, 0.4348398418321886, 0.5498306466050378, 0.4424689963394833, 0.2673871877212812, 0.3039879938850216, 0.7064471723293273]
Iteration 67: [0.27684896021654404, 0.555374495119064, 0.5235659587872625, 0.5699683796293126, 0.4815276905632122, 0.12273632600518579, 0.49777209865265837, 0.631987494980282, 0.4763825112206224, 0.3379193701668552, 0.5300644712731739, 0.6378905387982813, 0.7044624961555522, 0.5136462576253201, 0.4348398418321886, 0.5498306466050378, 0.4424689963394833, 0.2673871877212812, 0.3039879938850216, 0.7064471723293273]
Iteration 68: [0.27684896021654404, 0.555374495119064, 0.5235659587872625, 0.5699683796293126, 0.4815276905632122, 0.6863759647603376, 0.49777209865265837, 0.631987494980282, 0.4763825112206224, 0.3379193701668552, 0.5300644712731739, 0.6378905387982813, 0.4401814791378805, 0.5136462576253201, 0.4348398418321886, 0.5498306466050378, 0.4424689963394833, 0.2673871877212812, 0.3039879938850216, 0.7064471723293273]
Iteration 69: [0.27684896021654404, 0.555374495119064, 0.5235659587872625, 0.5699683796293126, 0.4815276905632122, 0.6863759647603376, 0.49777209865265837, 0.631987494980282, 0.4763825112206224, 0.3379193701668552, 0.5300644712731739, 0.6520075568151702, 0.4401814791378805, 0.5136462576253201, 0.4348398418321886, 0.5498306466050378, 0.4424689963394833, 0.2673871877212812, 0.3039879938850216, 0.7064471723293273]
Iteration 70: [0.27684896021654404, 0.555374495119064, 0.3473261562450048, 0.5699683796293126, 0.4815276905632122, 0.6863759647603376, 0.49777209865265837, 0.631987494980282, 0.4763825112206224, 0.3379193701668552, 0.5300644712731739, 0.6520075568151702, 0.4401814791378805, 0.5136462576253201, 0.4348398418321886, 0.5498306466050378, 0.4424689963394833, 0.2673871877212812, 0.3039879938850216, 0.5737525765929911]
Iteration 71: [0.2725661126618866, 0.6531957600227081, 0.3473261562450048, 0.5699683796293126, 0.4815276905632122, 0.6863759647603376, 0.49777209865265837, 0.631987494980282, 0.4763825112206224, 0.3379193701668552, 0.5300644712731739, 0.6520075568151702, 0.4401814791378805, 0.5136462576253201, 0.4348398418321886, 0.5498306466050378, 0.4424689963394833, 0.2673871877212812, 0.3039879938850216, 0.5737525765929911]
Iteration 72: [0.2725661126618866, 0.6531957600227081, 0.3473261562450048, 0.5699683796293126, 0.4815276905632122, 0.6863759647603376, 0.4581036668153676, 0.631987494980282, 0.4763825112206224, 0.3379193701668552, 0.5300644712731739, 0.6520075568151702, 0.4401814791378805, 0.5136462576253201, 0.5091437858069388, 0.5498306466050378, 0.4424689963394833, 0.2673871877212812, 0.3039879938850216, 0.5737525765929911]
Iteration 73: [0.2725661126618866, 0.6531957600227081, 0.3473261562450048, 0.5699683796293126, 0.4815276905632122, 0.6863759647603376, 0.4581036668153676, 0.631987494980282, 0.4763825112206224, 0.3379193701668552, 0.5300644712731739, 0.6520075568151702, 0.4401814791378805, 0.5136462576253201, 0.5091437858069388, 0.5498306466050378, 0.47947027052027863, 0.2673871877212812, 0.3039879938850216, 0.5737525765929911]
Iteration 74: [0.3008972237953001, 0.6531957600227081, 0.3473261562450048, 0.5699683796293126, 0.4815276905632122, 0.6863759647603376, 0.4581036668153676, 0.5384212875651547, 0.4763825112206224, 0.3379193701668552, 0.5300644712731739, 0.6520075568151702, 0.4401814791378805, 0.5136462576253201, 0.5091437858069388, 0.5498306466050378, 0.47947027052027863, 0.2673871877212812, 0.3039879938850216, 0.5737525765929911]
Iteration 75: [0.3008972237953001, 0.6531957600227081, 0.3473261562450048, 0.5699683796293126, 0.4815276905632122, 0.6863759647603376, 0.4500634537668027, 0.5384212875651547, 0.4763825112206224, 0.3379193701668552, 0.5300644712731739, 0.6520075568151702, 0.4401814791378805, 0.5136462576253201, 0.5091437858069388, 0.5498306466050378, 0.07891616634838092, 0.2673871877212812, 0.3039879938850216, 0.5737525765929911]
Iteration 76: [0.3008972237953001, 0.6531957600227081, 0.3473261562450048, 0.5699683796293126, 0.4815276905632122, 0.6863759647603376, 0.4500634537668027, 0.567645889516378, 0.5469207417857967, 0.3379193701668552, 0.5300644712731739, 0.6520075568151702, 0.4401814791378805, 0.5136462576253201, 0.5091437858069388, 0.5498306466050378, 0.07891616634838092, 0.2673871877212812, 0.3039879938850216, 0.5737525765929911]
Iteration 77: [0.3008972237953001, 0.6531957600227081, 0.3473261562450048, 0.5343436739930595, 0.4815276905632122, 0.6863759647603376, 0.4500634537668027, 0.567645889516378, 0.5469207417857967, 0.3379193701668552, 0.5300644712731739, 0.6520075568151702, 0.4401814791378805, 0.5136462576253201, 0.5091437858069388, 0.5498306466050378, 0.07891616634838092, 0.2673871877212812, 0.3039879938850216, 0.5737525765929911]
Iteration 78: [0.3008972237953001, 0.6531957600227081, 0.3473261562450048, 0.5343436739930595, 0.4815276905632122, 0.5779785469592852, 0.4500634537668027, 0.567645889516378, 0.5469207417857967, 0.3379193701668552, 0.5300644712731739, 0.6520075568151702, 0.4401814791378805, 0.5136462576253201, 0.5091437858069388, 0.5498306466050378, 0.5061003667666975, 0.2673871877212812, 0.3039879938850216, 0.5737525765929911]
Iteration 79: [0.3008972237953001, 0.6531957600227081, 0.3473261562450048, 0.5343436739930595, 0.4815276905632122, 0.5779785469592852, 0.4500634537668027, 0.567645889516378, 0.5469207417857967, 0.3379193701668552, 0.5300644712731739, 0.6520075568151702, 0.4401814791378805, 0.5136462576253201, 0.5091437858069388, 0.5498306466050378, 0.5061003667666975, 0.2673871877212812, 0.30768443226874065, 0.5737525765929911]
Iteration 80: [0.3008972237953001, 0.6531957600227081, 0.3473261562450048, 0.5343436739930595, 0.4815276905632122, 0.5779785469592852, 0.4500634537668027, 0.567645889516378, 0.6119430350589108, 0.3379193701668552, 0.5300644712731739, 0.6520075568151702, 0.4401814791378805, 0.5136462576253201, 0.5091437858069388, 0.5498306466050378, 0.5061003667666975, 0.2673871877212812, 0.30768443226874065, 0.5737525765929911]
Iteration 81: [0.3008972237953001, 0.6531957600227081, 0.3473261562450048, 0.5343436739930595, 0.4815276905632122, 0.5779785469592852, 0.4509403555870691, 0.567645889516378, 0.6119430350589108, 0.3379193701668552, 0.5930204813529804, 0.6520075568151702, 0.4401814791378805, 0.5136462576253201, 0.5091437858069388, 0.5498306466050378, 0.5061003667666975, 0.2673871877212812, 0.30768443226874065, 0.5737525765929911]
Iteration 82: [0.3008972237953001, 0.6531957600227081, 0.3473261562450048, 0.5343436739930595, 0.4815276905632122, 0.5779785469592852, 0.4509403555870691, 0.567645889516378, 0.6119430350589108, 0.3379193701668552, 0.5930204813529804, 0.6520075568151702, 0.4401814791378805, 0.5136462576253201, 0.37367881087735255, 0.5498306466050378, 0.5061003667666975, 0.2673871877212812, 0.370104289530753, 0.5737525765929911]
Iteration 83: [0.3008972237953001, 0.6531957600227081, 0.3473261562450048, 0.5343436739930595, 0.4815276905632122, 0.5779785469592852, 0.4509403555870691, 0.567645889516378, 0.6483207644528544, 0.3379193701668552, 0.5930204813529804, 0.6520075568151702, 0.4401814791378805, 0.5136462576253201, 0.37367881087735255, 0.5498306466050378, 0.5061003667666975, 0.40320365807806446, 0.370104289530753, 0.5737525765929911]
Iteration 84: [0.3008972237953001, 0.6531957600227081, 0.3473261562450048, 0.5343436739930595, 0.4815276905632122, 0.5779785469592852, 0.34845539304845524, 0.567645889516378, 0.6483207644528544, 0.3832601679645469, 0.5930204813529804, 0.6520075568151702, 0.4401814791378805, 0.5136462576253201, 0.37367881087735255, 0.5498306466050378, 0.5061003667666975, 0.40320365807806446, 0.370104289530753, 0.5737525765929911]
Iteration 85: [0.3008972237953001, 0.6531957600227081, 0.33477553923989395, 0.5343436739930595, 0.4815276905632122, 0.5779785469592852, 0.34845539304845524, 0.567645889516378, 0.6483207644528544, 0.3832601679645469, 0.5930204813529804, 0.6520075568151702, 0.8768280052440698, 0.5136462576253201, 0.37367881087735255, 0.5498306466050378, 0.5061003667666975, 0.40320365807806446, 0.370104289530753, 0.5737525765929911]
Iteration 86: [0.3008972237953001, 0.6531957600227081, 0.33477553923989395, 0.5343436739930595, 0.4815276905632122, 0.5779785469592852, 0.34845539304845524, 0.567645889516378, 0.6483207644528544, 0.3832601679645469, 0.5930204813529804, 0.6520075568151702, 0.8768280052440698, 0.5136462576253201, 0.37367881087735255, 0.6124012478849502, 0.5061003667666975, 0.4697559101109851, 0.370104289530753, 0.5737525765929911]
Iteration 87: [0.3008972237953001, 0.6531957600227081, 0.33477553923989395, 0.5343436739930595, 0.4815276905632122, 0.5779785469592852, 0.34845539304845524, 0.567645889516378, 0.6483207644528544, 0.3832601679645469, 0.5930204813529804, 0.6520075568151702, 0.8768280052440698, 0.5136462576253201, 0.39626125747995367, 0.6124012478849502, 0.5061003667666975, 0.4697559101109851, 0.370104289530753, 0.5732837401966638]
Iteration 88: [0.3008972237953001, 0.6531957600227081, 0.33477553923989395, 0.5759767662205532, 0.4815276905632122, 0.5779785469592852, 0.34845539304845524, 0.567645889516378, 0.6483207644528544, 0.3832601679645469, 0.5930204813529804, 0.6520075568151702, 0.8768280052440698, 0.5136462576253201, 0.39626125747995367, 0.6124012478849502, 0.5061003667666975, 0.4697559101109851, 0.370104289530753, 0.5732837401966638]
Iteration 89: [0.3008972237953001, 0.6531957600227081, 0.33477553923989395, 0.5759767662205532, 0.4815276905632122, 0.5779785469592852, 0.34845539304845524, 0.567645889516378, 0.6483207644528544, 0.3832601679645469, 0.5930204813529804, 0.41287799289915933, 0.8768280052440698, 0.5136462576253201, 0.39626125747995367, 0.6124012478849502, 0.5061003667666975, 0.4697559101109851, 0.370104289530753, 0.5732837401966638]
Iteration 90: [0.3008972237953001, 0.6531957600227081, 0.33477553923989395, 0.5759767662205532, 0.4806760548159576, 0.5779785469592852, 0.5251320595678722, 0.567645889516378, 0.6483207644528544, 0.3832601679645469, 0.5930204813529804, 0.41287799289915933, 0.8768280052440698, 0.5136462576253201, 0.39626125747995367, 0.6124012478849502, 0.5061003667666975, 0.4697559101109851, 0.370104289530753, 0.5732837401966638]
Iteration 91: [0.3008972237953001, 0.6531957600227081, 0.33477553923989395, 0.5681678559413605, 0.4806760548159576, 0.5779785469592852, 0.5251320595678722, 0.567645889516378, 0.6483207644528544, 0.3832601679645469, 0.5930204813529804, 0.41287799289915933, 0.8768280052440698, 0.5136462576253201, 0.39626125747995367, 0.6124012478849502, 0.5061003667666975, 0.4697559101109851, 0.370104289530753, 0.5732837401966638]
Iteration 92: [0.3008972237953001, 0.6531957600227081, 0.33477553923989395, 0.5681678559413605, 0.4806760548159576, 0.5779785469592852, 0.5251320595678722, 0.567645889516378, 0.6483207644528544, 0.3832601679645469, 0.6468612277659506, 0.41287799289915933, 0.645497281410032, 0.5136462576253201, 0.39626125747995367, 0.6124012478849502, 0.5061003667666975, 0.4697559101109851, 0.370104289530753, 0.5732837401966638]
Iteration 93: [0.3008972237953001, 0.6531957600227081, 0.33477553923989395, 0.5734126949142072, 0.4806760548159576, 0.5779785469592852, 0.5251320595678722, 0.567645889516378, 0.6483207644528544, 0.3832601679645469, 0.6468612277659506, 0.41287799289915933, 0.645497281410032, 0.5136462576253201, 0.39626125747995367, 0.6124012478849502, 0.5217120069821504, 0.4697559101109851, 0.370104289530753, 0.5732837401966638]
Iteration 94: [0.3008972237953001, 0.6531957600227081, 0.33477553923989395, 0.5734126949142072, 0.4806760548159576, 0.5779785469592852, 0.5251320595678722, 0.567645889516378, 0.6483207644528544, 0.42696627064976966, 0.6468612277659506, 0.40605809764710094, 0.645497281410032, 0.5136462576253201, 0.39626125747995367, 0.6124012478849502, 0.5217120069821504, 0.4697559101109851, 0.370104289530753, 0.5732837401966638]
Iteration 95: [0.3008972237953001, 0.6318768027689973, 0.33477553923989395, 0.5734126949142072, 0.4806760548159576, 0.5779785469592852, 0.5251320595678722, 0.567645889516378, 0.6483207644528544, 0.42696627064976966, 0.6468612277659506, 0.40605809764710094, 0.645497281410032, 0.5136462576253201, 0.37446149184903404, 0.6124012478849502, 0.5217120069821504, 0.4697559101109851, 0.370104289530753, 0.5732837401966638]
Iteration 96: [0.3008972237953001, 0.6318768027689973, 0.33477553923989395, 0.5734126949142072, 0.4806760548159576, 0.6114302093272163, 0.5251320595678722, 0.567645889516378, 0.6483207644528544, 0.42696627064976966, 0.6468612277659506, 0.340793157839783, 0.645497281410032, 0.5136462576253201, 0.37446149184903404, 0.6124012478849502, 0.5217120069821504, 0.4697559101109851, 0.370104289530753, 0.5732837401966638]
Iteration 97: [0.3008972237953001, 0.6318768027689973, 0.33477553923989395, 0.5734126949142072, 0.4806760548159576, 0.6114302093272163, 0.5251320595678722, 0.567645889516378, 0.6483207644528544, 0.42696627064976966, 0.5949400349743145, 0.340793157839783, 0.645497281410032, 0.5136462576253201, 0.37446149184903404, 0.6124012478849502, 0.5217120069821504, 0.58151979743227, 0.370104289530753, 0.5732837401966638]
Iteration 98: [0.28784611101830926, 0.6318768027689973, 0.33477553923989395, 0.22522701839100975, 0.4806760548159576, 0.6114302093272163, 0.5251320595678722, 0.567645889516378, 0.6483207644528544, 0.42696627064976966, 0.5949400349743145, 0.340793157839783, 0.645497281410032, 0.5136462576253201, 0.37446149184903404, 0.6124012478849502, 0.5217120069821504, 0.58151979743227, 0.370104289530753, 0.5732837401966638]
Iteration 99: [0.28784611101830926, 0.6488168976010218, 0.33477553923989395, 0.22522701839100975, 0.4806760548159576, 0.6114302093272163, 0.5251320595678722, 0.567645889516378, 0.6483207644528544, 0.42696627064976966, 0.5949400349743145, 0.340793157839783, 0.645497281410032, 0.5136462576253201, 0.37446149184903404, 0.6124012478849502, 0.5217120069821504, 0.58151979743227, 0.370104289530753, 0.5732837401966638]
Iteration 100: [0.28784611101830926, 0.6488168976010218, 0.33477553923989395, 0.22522701839100975, 0.4806760548159576, 0.6114302093272163, 0.5251320595678722, 0.567645889516378, 0.6483207644528544, 0.42696627064976966, 0.5949400349743145, 0.340793157839783, 0.645497281410032, 0.5136462576253201, 0.37446149184903404, 0.6124012478849502, 0.5217120069821504, 0.58151979743227, 0.370104289530753, 0.5732837401966638]
Iteration 101: [0.5044673796161898, 0.6488168976010218, 0.33477553923989395, 0.22522701839100975, 0.4806760548159576, 0.6114302093272163, 0.5251320595678722, 0.567645889516378, 0.6483207644528544, 0.42696627064976966, 0.5949400349743145, 0.340793157839783, 0.645497281410032, 0.5136462576253201, 0.37446149184903404, 0.6124012478849502, 0.5217120069821504, 0.58151979743227, 0.370104289530753, 0.5732837401966638]
Iteration 102: [0.5044673796161898, 0.6488168976010218, 0.37356211214096113, 0.22522701839100975, 0.4806760548159576, 0.6114302093272163, 0.5251320595678722, 0.5563015563603143, 0.6483207644528544, 0.42696627064976966, 0.5949400349743145, 0.340793157839783, 0.645497281410032, 0.5136462576253201, 0.37446149184903404, 0.6124012478849502, 0.5217120069821504, 0.58151979743227, 0.370104289530753, 0.5732837401966638]
Iteration 103: [0.5044673796161898, 0.6488168976010218, 0.37356211214096113, 0.22522701839100975, 0.4806760548159576, 0.5735411536908889, 0.5251320595678722, 0.5563015563603143, 0.6483207644528544, 0.42696627064976966, 0.5949400349743145, 0.340793157839783, 0.645497281410032, 0.5136462576253201, 0.37446149184903404, 0.6124012478849502, 0.5217120069821504, 0.58151979743227, 0.370104289530753, 0.5732837401966638]
Iteration 104: [0.5044673796161898, 0.6488168976010218, 0.37356211214096113, 0.5734126949142072, 0.4806760548159576, 0.5735411536908889, 0.5251320595678722, 0.5563015563603143, 0.6483207644528544, 0.42696627064976966, 0.5949400349743145, 0.340793157839783, 0.645497281410032, 0.5136462576253201, 0.37446149184903404, 0.6124012478849502, 0.5217120069821504, 0.58151979743227, 0.370104289530753, 0.5732837401966638]
Iteration 105: [0.5044673796161898, 0.6488168976010218, 0.37356211214096113, 0.5734126949142072, 0.4806760548159576, 0.5735411536908889, 0.5251320595678722, 0.5563015563603143, 0.6483207644528544, 0.42696627064976966, 0.5949400349743145, 0.6275928126539912, 0.645497281410032, 0.5136462576253201, 0.37446149184903404, 0.6124012478849502, 0.5217120069821504, 0.58151979743227, 0.39858781844175484, 0.5732837401966638]
Iteration 106: [0.5044673796161898, 0.6488168976010218, 0.37356211214096113, 0.5734126949142072, 0.4806760548159576, 0.5735411536908889, 0.5251320595678722, 0.6162878475796688, 0.6483207644528544, 0.42696627064976966, 0.5949400349743145, 0.6113353047009952, 0.645497281410032, 0.5136462576253201, 0.37446149184903404, 0.6124012478849502, 0.5217120069821504, 0.58151979743227, 0.39858781844175484, 0.5732837401966638]
Iteration 107: [0.5044673796161898, 0.6488168976010218, 0.44906100485475514, 0.5734126949142072, 0.4806760548159576, 0.5735411536908889, 0.5251320595678722, 0.6162878475796688, 0.6483207644528544, 0.42696627064976966, 0.5949400349743145, 0.6113353047009952, 0.645497281410032, 0.5136462576253201, 0.37446149184903404, 0.6003969054772448, 0.5217120069821504, 0.58151979743227, 0.39858781844175484, 0.5732837401966638]
Iteration 108: [0.36465500709486615, 0.6488168976010218, 0.44906100485475514, 0.5734126949142072, 0.4806760548159576, 0.5735411536908889, 0.5251320595678722, 0.6162878475796688, 0.6483207644528544, 0.42696627064976966, 0.5949400349743145, 0.6113353047009952, 0.645497281410032, 0.5136462576253201, 0.37446149184903404, 0.6003969054772448, 0.5217120069821504, 0.58151979743227, 0.39858781844175484, 0.5732837401966638]
Iteration 109: [0.36465500709486615, 0.6488168976010218, 0.37356211214096113, 0.5734126949142072, 0.4806760548159576, 0.5735411536908889, 0.5251320595678722, 0.6162878475796688, 0.6483207644528544, 0.42696627064976966, 0.5949400349743145, 0.6113353047009952, 0.645497281410032, 0.5136462576253201, 0.37446149184903404, 0.6003969054772448, 0.5217120069821504, 0.58151979743227, 0.39858781844175484, 0.5732837401966638]
Iteration 110: [0.36465500709486615, 0.6488168976010218, 0.37356211214096113, 0.5734126949142072, 0.4806760548159576, 0.5735411536908889, 0.6024108398055334, 0.6636684237415152, 0.6483207644528544, 0.42696627064976966, 0.5949400349743145, 0.6113353047009952, 0.645497281410032, 0.5136462576253201, 0.37446149184903404, 0.6003969054772448, 0.5217120069821504, 0.58151979743227, 0.39858781844175484, 0.5732837401966638]
Iteration 111: [0.36465500709486615, 0.6488168976010218, 0.37356211214096113, 0.5734126949142072, 0.4806760548159576, 0.6221011184275763, 0.5621820684108456, 0.6636684237415152, 0.6483207644528544, 0.42696627064976966, 0.5949400349743145, 0.6113353047009952, 0.645497281410032, 0.5136462576253201, 0.37446149184903404, 0.6003969054772448, 0.5217120069821504, 0.58151979743227, 0.39858781844175484, 0.5732837401966638]
Iteration 112: [0.36465500709486615, 0.6488168976010218, 0.37356211214096113, 0.5734126949142072, 0.4806760548159576, 0.6221011184275763, 0.08267540314760882, 0.6636684237415152, 0.6520577547988001, 0.42696627064976966, 0.5949400349743145, 0.6113353047009952, 0.645497281410032, 0.5136462576253201, 0.37446149184903404, 0.6003969054772448, 0.5217120069821504, 0.58151979743227, 0.39858781844175484, 0.5732837401966638]
Iteration 113: [0.36465500709486615, 0.6095064474209637, 0.37356211214096113, 0.5734126949142072, 0.4806760548159576, 0.6221011184275763, 0.08267540314760882, 0.6636684237415152, 0.6520577547988001, 0.42696627064976966, 0.5949400349743145, 0.6113353047009952, 0.645497281410032, 0.5136462576253201, 0.37446149184903404, 0.6003969054772448, 0.5217120069821504, 0.58151979743227, 0.39858781844175484, 0.5732837401966638]
Iteration 114: [0.36465500709486615, 0.6095064474209637, 0.37356211214096113, 0.5734126949142072, 0.4806760548159576, 0.6221011184275763, 0.08267540314760882, 0.6636684237415152, 0.6520577547988001, 0.41181024719457987, 0.5949400349743145, 0.6113353047009952, 0.645497281410032, 0.5136462576253201, 0.5040673448737402, 0.6003969054772448, 0.5217120069821504, 0.58151979743227, 0.39858781844175484, 0.5732837401966638]
Iteration 115: [0.36465500709486615, 0.6095064474209637, 0.37356211214096113, 0.5734126949142072, 0.4806760548159576, 0.6878725057411016, 0.08267540314760882, 0.6636684237415152, 0.6520577547988001, 0.41181024719457987, 0.5949400349743145, 0.6113353047009952, 0.645497281410032, 0.5136462576253201, 0.5040673448737402, 0.6003969054772448, 0.5217120069821504, 0.58151979743227, 0.35943644985331663, 0.5732837401966638]
Iteration 116: [0.2630965899489501, 0.6095064474209637, 0.37356211214096113, 0.5734126949142072, 0.5392134452844005, 0.6878725057411016, 0.08267540314760882, 0.6636684237415152, 0.6520577547988001, 0.41181024719457987, 0.5949400349743145, 0.6113353047009952, 0.645497281410032, 0.5136462576253201, 0.5040673448737402, 0.6003969054772448, 0.5217120069821504, 0.58151979743227, 0.35943644985331663, 0.5732837401966638]
Iteration 117: [0.2630965899489501, 0.6095064474209637, 0.48069452329985196, 0.5734126949142072, 0.5392134452844005, 0.6878725057411016, 0.08267540314760882, 0.6636684237415152, 0.6520577547988001, 0.41181024719457987, 0.5949400349743145, 0.6113353047009952, 0.645497281410032, 0.5136462576253201, 0.5040673448737402, 0.6003969054772448, 0.5217120069821504, 0.58151979743227, 0.36043410914312296, 0.5732837401966638]
Iteration 118: [0.2630965899489501, 0.6095064474209637, 0.48069452329985196, 0.5734126949142072, 0.5392134452844005, 0.6878725057411016, 0.67350750907869, 0.6636684237415152, 0.6520577547988001, 0.41181024719457987, 0.5949400349743145, 0.6113353047009952, 0.645497281410032, 0.5136462576253201, 0.5040673448737402, 0.6003969054772448, 0.5217120069821504, 0.58151979743227, 0.6430510879908002, 0.5732837401966638]
Iteration 119: [0.4443716699600117, 0.6095064474209637, 0.48069452329985196, 0.5734126949142072, 0.5392134452844005, 0.6878725057411016, 0.67350750907869, 0.6636684237415152, 0.6520577547988001, 0.41181024719457987, 0.5949400349743145, 0.6472949086261593, 0.645497281410032, 0.5136462576253201, 0.5040673448737402, 0.6003969054772448, 0.5217120069821504, 0.58151979743227, 0.6430510879908002, 0.5732837401966638]
Iteration 120: [0.4443716699600117, 0.6095064474209637, 0.36883350917394, 0.5734126949142072, 0.5392134452844005, 0.6878725057411016, 0.67350750907869, 0.6636684237415152, 0.6520577547988001, 0.41181024719457987, 0.5949400349743145, 0.6472949086261593, 0.645497281410032, 0.5136462576253201, 0.5040673448737402, 0.6003969054772448, 0.5624790762775599, 0.58151979743227, 0.6430510879908002, 0.5732837401966638]
Iteration 121: [0.4443716699600117, 0.6095064474209637, 0.36883350917394, 0.5734126949142072, 0.5392134452844005, 0.6878725057411016, 0.67350750907869, 0.6636684237415152, 0.6520577547988001, 0.41181024719457987, 0.5949400349743145, 0.6472949086261593, 0.645497281410032, 0.5518103719966979, 0.5040673448737402, 0.6003969054772448, 0.5624790762775599, 0.58151979743227, 0.4300527102970751, 0.5732837401966638]
Iteration 122: [0.53004169797305, 0.6095064474209637, 0.36883350917394, 0.5734126949142072, 0.5589484262519875, 0.6878725057411016, 0.67350750907869, 0.6636684237415152, 0.6520577547988001, 0.41181024719457987, 0.5949400349743145, 0.6472949086261593, 0.645497281410032, 0.5518103719966979, 0.5040673448737402, 0.6003969054772448, 0.5624790762775599, 0.58151979743227, 0.4300527102970751, 0.5732837401966638]
Iteration 123: [0.53004169797305, 0.6095064474209637, 0.36883350917394, 0.5734126949142072, 0.586021716090547, 0.6878725057411016, 0.67350750907869, 0.6636684237415152, 0.6520577547988001, 0.41181024719457987, 0.5949400349743145, 0.6472949086261593, 0.645497281410032, 0.5518103719966979, 0.5040673448737402, 0.6003969054772448, 0.5624790762775599, 0.58151979743227, 0.47356976546477975, 0.5732837401966638]
Iteration 124: [0.53004169797305, 0.6095064474209637, 0.36883350917394, 0.5734126949142072, 0.586021716090547, 0.6878725057411016, 0.5854208675569234, 0.6636684237415152, 0.6520577547988001, 0.41181024719457987, 0.5949400349743145, 0.6472949086261593, 0.645497281410032, 0.5518103719966979, 0.3862988173581576, 0.6003969054772448, 0.5624790762775599, 0.58151979743227, 0.47356976546477975, 0.5732837401966638]
Iteration 125: [0.53004169797305, 0.6095064474209637, 0.475089557859887, 0.5734126949142072, 0.586021716090547, 0.6878725057411016, 0.5854208675569234, 0.6636684237415152, 0.6520577547988001, 0.41181024719457987, 0.5949400349743145, 0.6472949086261593, 0.645497281410032, 0.7455799361855412, 0.3862988173581576, 0.6003969054772448, 0.5624790762775599, 0.58151979743227, 0.47356976546477975, 0.5732837401966638]
Iteration 126: [0.53004169797305, 0.6095064474209637, 0.475089557859887, 0.5734126949142072, 0.5643205779984662, 0.6878725057411016, 0.5854208675569234, 0.6636684237415152, 0.6520577547988001, 0.41181024719457987, 0.5949400349743145, 0.6472949086261593, 0.645497281410032, 0.7455799361855412, 0.3862988173581576, 0.6003969054772448, 0.5624790762775599, 0.58151979743227, 0.47356976546477975, 0.5732837401966638]
Iteration 127: [0.53004169797305, 0.6095064474209637, 0.475089557859887, 0.5734126949142072, 0.6332609440058075, 0.6878725057411016, 0.5854208675569234, 0.6636684237415152, 0.6520577547988001, 0.41181024719457987, 0.5949400349743145, 0.6472949086261593, 0.645497281410032, 0.7455799361855412, 0.3862988173581576, 0.6003969054772448, 0.5624790762775599, 0.58151979743227, 0.47356976546477975, 0.5732837401966638]
Iteration 128: [0.5416292140450616, 0.6095064474209637, 0.475089557859887, 0.5734126949142072, 0.6332609440058075, 0.6878725057411016, 0.5854208675569234, 0.6636684237415152, 0.6520577547988001, 0.41181024719457987, 0.5949400349743145, 0.6472949086261593, 0.645497281410032, 0.7455799361855412, 0.3862988173581576, 0.6003969054772448, 0.5624790762775599, 0.58151979743227, 0.4891718000165379, 0.5732837401966638]
Iteration 129: [0.5416292140450616, 0.6095064474209637, 0.475089557859887, 0.5734126949142072, 0.6332609440058075, 0.6878725057411016, 0.5854208675569234, 0.6636684237415152, 0.6520577547988001, 0.41181024719457987, 0.5817806215295842, 0.6472949086261593, 0.645497281410032, 0.5752236707709593, 0.3862988173581576, 0.6003969054772448, 0.5624790762775599, 0.58151979743227, 0.4891718000165379, 0.5732837401966638]
Iteration 130: [0.5416292140450616, 0.6095064474209637, 0.6048888895181258, 0.5734126949142072, 0.6332609440058075, 0.6878725057411016, 0.5854208675569234, 0.6636684237415152, 0.6520577547988001, 0.41181024719457987, 0.5817806215295842, 0.6472949086261593, 0.20843568956617664, 0.5752236707709593, 0.3862988173581576, 0.6003969054772448, 0.5624790762775599, 0.58151979743227, 0.4891718000165379, 0.5732837401966638]
Iteration 131: [0.5416292140450616, 0.6095064474209637, 0.6048888895181258, 0.5734126949142072, 0.6332609440058075, 0.6878725057411016, 0.5854208675569234, 0.6636684237415152, 0.6520577547988001, 0.41181024719457987, 0.5817806215295842, 0.5529865402196289, 0.20843568956617664, 0.5752236707709593, 0.3862988173581576, 0.6003969054772448, 0.6358191316537938, 0.58151979743227, 0.4891718000165379, 0.5732837401966638]
Iteration 132: [0.5416292140450616, 0.6095064474209637, 0.6048888895181258, 0.5734126949142072, 0.6332609440058075, 0.6878725057411016, 0.5854208675569234, 0.6636684237415152, 0.6520577547988001, 0.41181024719457987, 0.5817806215295842, 0.5521191081047044, 0.20843568956617664, 0.5752236707709593, 0.3862988173581576, 0.6003969054772448, 0.6358191316537938, 0.58151979743227, 0.4891718000165379, 0.5732837401966638]
Iteration 133: [0.5416292140450616, 0.6095064474209637, 0.6048888895181258, 0.5734126949142072, 0.6332609440058075, 0.6878725057411016, 0.5854208675569234, 0.6636684237415152, 0.6520577547988001, 0.41181024719457987, 0.5817806215295842, 0.5521191081047044, 0.20843568956617664, 0.5752236707709593, 0.3862988173581576, 0.6003969054772448, 0.6358191316537938, 0.58151979743227, 0.5620375494631124, 0.5732837401966638]
Iteration 134: [0.5416292140450616, 0.6095064474209637, 0.6048888895181258, 0.5734126949142072, 0.6769961819831268, 0.6878725057411016, 0.5854208675569234, 0.6636684237415152, 0.6520577547988001, 0.41181024719457987, 0.5817806215295842, 0.5521191081047044, 0.20843568956617664, 0.5752236707709593, 0.3862988173581576, 0.6151390808118972, 0.6358191316537938, 0.58151979743227, 0.5620375494631124, 0.5732837401966638]
Iteration 135: [0.5416292140450616, 0.6501514640809427, 0.6086170523873972, 0.5734126949142072, 0.6769961819831268, 0.6878725057411016, 0.5854208675569234, 0.6636684237415152, 0.6520577547988001, 0.41181024719457987, 0.5817806215295842, 0.5521191081047044, 0.20843568956617664, 0.5752236707709593, 0.3862988173581576, 0.6151390808118972, 0.6358191316537938, 0.58151979743227, 0.5620375494631124, 0.5732837401966638]
Iteration 136: [0.5416292140450616, 0.5967844290357825, 0.6086170523873972, 0.5734126949142072, 0.6769961819831268, 0.6124824384356351, 0.5854208675569234, 0.6636684237415152, 0.6520577547988001, 0.41181024719457987, 0.5817806215295842, 0.5521191081047044, 0.20843568956617664, 0.5752236707709593, 0.3862988173581576, 0.6151390808118972, 0.6358191316537938, 0.58151979743227, 0.5620375494631124, 0.5732837401966638]
Iteration 137: [0.5416292140450616, 0.5967844290357825, 0.6086170523873972, 0.5734126949142072, 0.6769961819831268, 0.6124824384356351, 0.5854208675569234, 0.6636684237415152, 0.6520577547988001, 0.41181024719457987, 0.5817806215295842, 0.5521191081047044, 0.2298106690619216, 0.5658304327835622, 0.3862988173581576, 0.6151390808118972, 0.6358191316537938, 0.58151979743227, 0.5620375494631124, 0.5732837401966638]
Iteration 138: [0.5416292140450616, 0.5967844290357825, 0.6086170523873972, 0.5734126949142072, 0.6769961819831268, 0.6124824384356351, 0.5854208675569234, 0.6636684237415152, 0.6520577547988001, 0.41181024719457987, 0.5817806215295842, 0.5521191081047044, 0.2298106690619216, 0.5658304327835622, 0.3862988173581576, 0.6151390808118972, 0.6358191316537938, 0.5235498393049627, 0.5620375494631124, 0.31223786712254403]
Iteration 139: [0.5416292140450616, 0.5967844290357825, 0.6086170523873972, 0.5734126949142072, 0.6769961819831268, 0.6124824384356351, 0.5854208675569234, 0.6664242175536785, 0.6520577547988001, 0.41181024719457987, 0.5817806215295842, 0.5521191081047044, 0.2298106690619216, 0.5658304327835622, 0.3862988173581576, 0.6151390808118972, 0.6358191316537938, 0.5235498393049627, 0.5620375494631124, 0.40781363875668386]
Iteration 140: [0.5416292140450616, 0.5967844290357825, 0.6086170523873972, 0.5734126949142072, 0.6727266223443905, 0.6124824384356351, 0.5854208675569234, 0.6664242175536785, 0.6520577547988001, 0.41181024719457987, 0.5817806215295842, 0.5521191081047044, 0.2298106690619216, 0.5658304327835622, 0.3862988173581576, 0.6151390808118972, 0.6358191316537938, 0.5235498393049627, 0.5620375494631124, 0.5849141816363765]
Iteration 141: [0.5416292140450616, 0.6216127723801461, 0.6086170523873972, 0.5734126949142072, 0.6727266223443905, 0.6124824384356351, 0.5854208675569234, 0.6664242175536785, 0.6520577547988001, 0.41181024719457987, 0.5817806215295842, 0.5521191081047044, 0.2298106690619216, 0.5658304327835622, 0.3862988173581576, 0.6151390808118972, 0.6358191316537938, 0.5235498393049627, 0.6472507245001754, 0.5849141816363765]
Iteration 142: [0.5416292140450616, 0.6216127723801461, 0.6086170523873972, 0.705204734770718, 0.6846941226540904, 0.6124824384356351, 0.5854208675569234, 0.6664242175536785, 0.6520577547988001, 0.41181024719457987, 0.5817806215295842, 0.5521191081047044, 0.2298106690619216, 0.5658304327835622, 0.3862988173581576, 0.6151390808118972, 0.6358191316537938, 0.5235498393049627, 0.6472507245001754, 0.5849141816363765]
Iteration 143: [0.559265171428409, 0.6216127723801461, 0.6086170523873972, 0.705204734770718, 0.6846941226540904, 0.6124824384356351, 0.5854208675569234, 0.6664242175536785, 0.6520577547988001, 0.41181024719457987, 0.5817806215295842, 0.23120736482969756, 0.2298106690619216, 0.5658304327835622, 0.3862988173581576, 0.6151390808118972, 0.6358191316537938, 0.5235498393049627, 0.6472507245001754, 0.5849141816363765]
Iteration 144: [0.559265171428409, 0.6216127723801461, 0.6086170523873972, 0.705204734770718, 0.6846941226540904, 0.6124824384356351, 0.5854208675569234, 0.6664242175536785, 0.6520577547988001, 0.41181024719457987, 0.5817806215295842, 0.23120736482969756, 0.2298106690619216, 0.5658304327835622, 0.3862988173581576, 0.6151390808118972, 0.6358191316537938, 0.5235498393049627, 0.8656421661821213, 0.5849141816363765]
Iteration 145: [0.559265171428409, 0.6216127723801461, 0.6086170523873972, 0.705204734770718, 0.6846941226540904, 0.6124824384356351, 0.5854208675569234, 0.6664242175536785, 0.6520577547988001, 0.41181024719457987, 0.6117546065282714, 0.23120736482969756, 0.2298106690619216, 0.5658304327835622, 0.3862988173581576, 0.6151390808118972, 0.6358191316537938, 0.6106171138292442, 0.8656421661821213, 0.5849141816363765]
Iteration 146: [0.559265171428409, 0.6216127723801461, 0.8337750355183116, 0.705204734770718, 0.6846941226540904, 0.6124824384356351, 0.5854208675569234, 0.6664242175536785, 0.6520577547988001, 0.41181024719457987, 0.6117546065282714, 0.23120736482969756, 0.2298106690619216, 0.5658304327835622, 0.3862988173581576, 0.6151390808118972, 0.6358191316537938, 0.6106171138292442, 0.5954163986290204, 0.5849141816363765]
Iteration 147: [0.559265171428409, 0.6216127723801461, 0.8337750355183116, 0.705204734770718, 0.6846941226540904, 0.6124824384356351, 0.5854208675569234, 0.6664242175536785, 0.6520577547988001, 0.7494481249684591, 0.6117546065282714, 0.23120736482969756, 0.2298106690619216, 0.5658304327835622, 0.3862988173581576, 0.6151390808118972, 0.6358191316537938, 0.6106171138292442, 0.5954163986290204, 0.5849141816363765]
Iteration 148: [0.5380167146019152, 0.6216127723801461, 0.8337750355183116, 0.705204734770718, 0.6846941226540904, 0.6124824384356351, 0.5854208675569234, 0.6664242175536785, 0.6520577547988001, 0.7494481249684591, 0.650951811657684, 0.23120736482969756, 0.2298106690619216, 0.5658304327835622, 0.3862988173581576, 0.6151390808118972, 0.6358191316537938, 0.6106171138292442, 0.5954163986290204, 0.5849141816363765]
Iteration 149: [0.5380167146019152, 0.6216127723801461, 0.8337750355183116, 0.705204734770718, 0.6846941226540904, 0.6124824384356351, 0.5854208675569234, 0.6664242175536785, 0.6520577547988001, 0.7494481249684591, 0.650951811657684, 0.23120736482969756, 0.2298106690619216, 0.5658304327835622, 0.5630476618101021, 0.6151390808118972, 0.6358191316537938, 0.6106171138292442, 0.36199345670097627, 0.5849141816363765]
Iteration 150: [0.5380167146019152, 0.6216127723801461, 0.8337750355183116, 0.705204734770718, 0.6846941226540904, 0.6124824384356351, 0.5854208675569234, 0.6664242175536785, 0.6520577547988001, 0.5820309671335336, 0.650951811657684, 0.23120736482969756, 0.2298106690619216, 0.5658304327835622, 0.5630476618101021, 0.6012717824692732, 0.6358191316537938, 0.6106171138292442, 0.36199345670097627, 0.5849141816363765]
