There are 15 agents who believe in con
There are 5 agents who believe in pro
There are 0 agents who are neutral 

Iteration 1: [0.37898335495355123, 0.5665041761266713, 0.4483167124721777, 0.3183010013364673, 0.11284983919504858, 0.5068619834765581, 0.41728869352353326, 0.5439398814246134, 0.5809470648994758, 0.31258677817886005, 0.4736041170422943, 0.40371190905942445, 0.30402971277528734, 0.4753631639434171, 0.5458704830114868, 0.5561276485447036, 0.6298103586534767, 0.1587775196451652, 0.3163851341883082, 0.5399969353940425]
Iteration 2: [0.37898335495355123, 0.5665041761266713, 0.4483167124721777, 0.3183010013364673, 0.11284983919504858, 0.5068619834765581, 0.3952211485039191, 0.5853974705964367, 0.5809470648994758, 0.31258677817886005, 0.4736041170422943, 0.40371190905942445, 0.30402971277528734, 0.4753631639434171, 0.5458704830114868, 0.5561276485447036, 0.6298103586534767, 0.1587775196451652, 0.3163851341883082, 0.5399969353940425]
Iteration 3: [0.37898335495355123, 0.5665041761266713, 0.4483167124721777, 0.3183010013364673, 0.11284983919504858, 0.5068619834765581, 0.3952211485039191, 0.5853974705964367, 0.5809470648994758, 0.31258677817886005, 0.4736041170422943, 0.40371190905942445, 0.30402971277528734, 0.3538045346512131, 0.5458704830114868, 0.5561276485447036, 0.6298103586534767, 0.1587775196451652, 0.3163851341883082, 0.5399969353940425]
Iteration 4: [0.37898335495355123, 0.5665041761266713, 0.4483167124721777, 0.3183010013364673, 0.11284983919504858, 0.5715243841163552, 0.3952211485039191, 0.5853974705964367, 0.5809470648994758, 0.31258677817886005, 0.4736041170422943, 0.40371190905942445, 0.17314384351735934, 0.3538045346512131, 0.5458704830114868, 0.5561276485447036, 0.6298103586534767, 0.1587775196451652, 0.3163851341883082, 0.5399969353940425]
Iteration 5: [0.37898335495355123, 0.5665041761266713, 0.4483167124721777, 0.3183010013364673, 0.11284983919504858, 0.5715243841163552, 0.3952211485039191, 0.2541119417389809, 0.5809470648994758, 0.31258677817886005, 0.4736041170422943, 0.40371190905942445, 0.17314384351735934, 0.3538045346512131, 0.5458704830114868, 0.1756959865353195, 0.6298103586534767, 0.1587775196451652, 0.3163851341883082, 0.5399969353940425]
Iteration 6: [0.37898335495355123, 0.5665041761266713, 0.4483167124721777, 0.3183010013364673, 0.11284983919504858, 0.5715243841163552, 0.3952211485039191, 0.2541119417389809, 0.5809470648994758, 0.6267183186089506, 0.4736041170422943, 0.40371190905942445, 0.17314384351735934, 0.3538045346512131, 0.5458704830114868, 0.1756959865353195, 0.6298103586534767, 0.1587775196451652, 0.3163851341883082, 0.5399969353940425]
Iteration 7: [0.37898335495355123, 0.5665041761266713, 0.4483167124721777, 0.3183010013364673, 0.11284983919504858, 0.5715243841163552, 0.3952211485039191, 0.2541119417389809, 0.5809470648994758, 0.5326104511936599, 0.467747666491635, 0.40371190905942445, 0.17314384351735934, 0.3538045346512131, 0.5458704830114868, 0.1756959865353195, 0.6298103586534767, 0.1587775196451652, 0.3163851341883082, 0.5399969353940425]
Iteration 8: [0.37898335495355123, 0.5665041761266713, 0.4483167124721777, 0.22629122543252114, 0.11284983919504858, 0.5715243841163552, 0.3952211485039191, 0.2541119417389809, 0.5809470648994758, 0.5326104511936599, 0.467747666491635, 0.40371190905942445, 0.2486418285986038, 0.3538045346512131, 0.5458704830114868, 0.1756959865353195, 0.6298103586534767, 0.1587775196451652, 0.3163851341883082, 0.5399969353940425]
Iteration 9: [0.37898335495355123, 0.5665041761266713, 0.4483167124721777, 0.22629122543252114, 0.11284983919504858, 0.5715243841163552, 0.3952211485039191, 0.2541119417389809, 0.5809470648994758, 0.5326104511936599, 0.467747666491635, 0.40371190905942445, 0.2486418285986038, 0.3538045346512131, 0.2487358092937383, 0.1756959865353195, 0.6048244876942657, 0.1587775196451652, 0.3163851341883082, 0.5399969353940425]
Iteration 10: [0.37898335495355123, 0.5414723376890591, 0.4483167124721777, 0.22629122543252114, 0.11284983919504858, 0.5715243841163552, 0.3952211485039191, 0.2541119417389809, 0.5809470648994758, 0.5326104511936599, 0.467747666491635, 0.40371190905942445, 0.2486418285986038, 0.3538045346512131, 0.2487358092937383, 0.1756959865353195, 0.6048244876942657, 0.1587775196451652, 0.3163851341883082, 0.5399969353940425]
Iteration 11: [0.37898335495355123, 0.5414723376890591, 0.4483167124721777, 0.22629122543252114, 0.11284983919504858, 0.5715243841163552, 0.3952211485039191, 0.2541119417389809, 0.5809470648994758, 0.5326104511936599, 0.467747666491635, 0.40371190905942445, 0.2486418285986038, 0.3538045346512131, 0.2126712721753525, 0.13560148483798043, 0.6048244876942657, 0.1587775196451652, 0.3163851341883082, 0.5399969353940425]
Iteration 12: [0.37898335495355123, 0.5414723376890591, 0.4483167124721777, 0.22629122543252114, 0.11284983919504858, 0.5715243841163552, 0.3952211485039191, 0.2541119417389809, 0.5809470648994758, 0.5326104511936599, 0.467747666491635, 0.3857222192461639, 0.2486418285986038, 0.391000182908088, 0.2126712721753525, 0.13560148483798043, 0.6048244876942657, 0.1587775196451652, 0.3163851341883082, 0.5399969353940425]
Iteration 13: [0.37898335495355123, 0.5414723376890591, 0.4483167124721777, 0.22629122543252114, 0.11284983919504858, 0.5715243841163552, 0.3952211485039191, 0.2541119417389809, 0.5809470648994758, 0.5326104511936599, 0.467747666491635, 0.3857222192461639, 0.6795212878020832, 0.391000182908088, 0.2126712721753525, 0.13560148483798043, 0.6048244876942657, 0.1587775196451652, 0.3163851341883082, 0.5399969353940425]
Iteration 14: [0.37898335495355123, 0.5414723376890591, 0.4483167124721777, 0.22629122543252114, 0.5195910791541501, 0.5715243841163552, 0.3952211485039191, 0.2541119417389809, 0.5809470648994758, 0.5326104511936599, 0.467747666491635, 0.3857222192461639, 0.6795212878020832, 0.391000182908088, 0.2126712721753525, 0.13560148483798043, 0.6048244876942657, 0.1587775196451652, 0.4276562289971614, 0.5399969353940425]
Iteration 15: [0.37898335495355123, 0.5414723376890591, 0.4483167124721777, 0.10226393032359138, 0.5195910791541501, 0.5715243841163552, 0.3952211485039191, 0.2541119417389809, 0.5809470648994758, 0.6595020553072175, 0.467747666491635, 0.3857222192461639, 0.6795212878020832, 0.391000182908088, 0.2126712721753525, 0.13560148483798043, 0.6048244876942657, 0.1587775196451652, 0.4276562289971614, 0.5399969353940425]
Iteration 16: [0.37898335495355123, 0.5414723376890591, 0.4483167124721777, 0.10226393032359138, 0.5195910791541501, 0.5715243841163552, 0.3952211485039191, 0.2541119417389809, 0.4769940103616194, 0.6595020553072175, 0.467747666491635, 0.3857222192461639, 0.6795212878020832, 0.391000182908088, 0.2126712721753525, 0.13560148483798043, 0.6048244876942657, 0.1587775196451652, 0.4276562289971614, 0.6060074906910358]
Iteration 17: [0.37898335495355123, 0.5414723376890591, 0.4483167124721777, 0.10226393032359138, 0.5195910791541501, 0.5715243841163552, 0.3952211485039191, 0.2541119417389809, 0.4769940103616194, 0.6595020553072175, 0.467747666491635, 0.3857222192461639, 0.6795212878020832, 0.391000182908088, 0.1907745017168353, 0.13560148483798043, 0.6048244876942657, 0.1587775196451652, 0.4276562289971614, 0.5834924129736805]
Iteration 18: [0.37898335495355123, 0.5414723376890591, 0.4483167124721777, 0.10226393032359138, 0.5195910791541501, 0.5715243841163552, 0.3952211485039191, 0.2541119417389809, 0.4769940103616194, 0.6595020553072175, 0.467747666491635, 0.3857222192461639, 0.6795212878020832, 0.391000182908088, 0.1907745017168353, 0.13560148483798043, 0.6048244876942657, 0.1587775196451652, 0.4276562289971614, 0.5923317124325291]
Iteration 19: [0.37898335495355123, 0.5414723376890591, 0.4483167124721777, 0.22101218881292908, 0.5195910791541501, 0.5715243841163552, 0.3952211485039191, 0.2541119417389809, 0.4769940103616194, 0.6595020553072175, 0.467747666491635, 0.3857222192461639, 0.6795212878020832, 0.391000182908088, 0.1907745017168353, 0.13560148483798043, 0.6048244876942657, 0.42353223016276653, 0.4276562289971614, 0.5923317124325291]
Iteration 20: [0.37898335495355123, 0.5414723376890591, 0.4483167124721777, 0.22101218881292908, 0.5195910791541501, 0.5715243841163552, 0.3952211485039191, 0.24166848276991737, 0.4769940103616194, 0.6595020553072175, 0.467747666491635, 0.3857222192461639, 0.6795212878020832, 0.391000182908088, 0.1907745017168353, 0.13560148483798043, 0.6048244876942657, 0.5163128777752609, 0.4276562289971614, 0.5923317124325291]
Iteration 21: [0.37898335495355123, 0.5414723376890591, 0.4483167124721777, 0.22101218881292908, 0.5195910791541501, 0.5715243841163552, 0.3952211485039191, 0.24166848276991737, 0.4769940103616194, 0.6595020553072175, 0.467747666491635, 0.3857222192461639, 0.1935250701209917, 0.391000182908088, 0.1907745017168353, 0.13560148483798043, 0.6048244876942657, 0.5163128777752609, 0.4276562289971614, 0.5923317124325291]
Iteration 22: [0.37898335495355123, 0.5623060379694146, 0.4483167124721777, 0.22101218881292908, 0.5195910791541501, 0.5715243841163552, 0.3952211485039191, 0.24166848276991737, 0.4769940103616194, 0.6595020553072175, 0.467747666491635, 0.3857222192461639, 0.17079913349934067, 0.391000182908088, 0.1907745017168353, 0.13560148483798043, 0.6048244876942657, 0.5163128777752609, 0.4276562289971614, 0.5923317124325291]
Iteration 23: [0.37898335495355123, 0.5623060379694146, 0.4483167124721777, 0.22101218881292908, 0.5195910791541501, 0.2794459180309072, 0.3952211485039191, 0.24166848276991737, 0.4769940103616194, 0.6623480437422193, 0.467747666491635, 0.3857222192461639, 0.17079913349934067, 0.391000182908088, 0.1907745017168353, 0.13560148483798043, 0.6048244876942657, 0.5163128777752609, 0.4276562289971614, 0.5923317124325291]
Iteration 24: [0.37898335495355123, 0.5623060379694146, 0.4483167124721777, 0.23477751151480877, 0.5195910791541501, 0.2794459180309072, 0.3952211485039191, 0.26015027903579685, 0.4769940103616194, 0.6623480437422193, 0.467747666491635, 0.3857222192461639, 0.17079913349934067, 0.391000182908088, 0.1907745017168353, 0.13560148483798043, 0.6048244876942657, 0.5163128777752609, 0.4276562289971614, 0.5923317124325291]
Iteration 25: [0.37898335495355123, 0.5623060379694146, 0.4483167124721777, 0.23477751151480877, 0.5195910791541501, 0.2794459180309072, 0.3952211485039191, 0.26015027903579685, 0.4769940103616194, 0.6623480437422193, 0.5963118601812462, 0.11031631101057335, 0.17079913349934067, 0.391000182908088, 0.1907745017168353, 0.13560148483798043, 0.6048244876942657, 0.5163128777752609, 0.4276562289971614, 0.5923317124325291]
Iteration 26: [0.37898335495355123, 0.5623060379694146, 0.4483167124721777, 0.23477751151480877, 0.5195910791541501, 0.2794459180309072, 0.3952211485039191, 0.26015027903579685, 0.4769940103616194, 0.6623480437422193, 0.5855044642802321, 0.11031631101057335, 0.17079913349934067, 0.391000182908088, 0.1907745017168353, 0.13560148483798043, 0.6048244876942657, 0.5163128777752609, 0.4276562289971614, 0.25516651293045073]
Iteration 27: [0.37898335495355123, 0.5623060379694146, 0.4483167124721777, 0.23477751151480877, 0.5195910791541501, 0.2794459180309072, 0.3952211485039191, 0.26015027903579685, 0.5889680725087136, 0.6277781571380893, 0.5855044642802321, 0.11031631101057335, 0.17079913349934067, 0.391000182908088, 0.1907745017168353, 0.13560148483798043, 0.6048244876942657, 0.5163128777752609, 0.4276562289971614, 0.25516651293045073]
Iteration 28: [0.37898335495355123, 0.5623060379694146, 0.4483167124721777, 0.23477751151480877, 0.5195910791541501, 0.2794459180309072, 0.3952211485039191, 0.26015027903579685, 0.5889680725087136, 0.6277781571380893, 0.5855044642802321, 0.11031631101057335, 0.17079913349934067, 0.028148233548033568, 0.1907745017168353, 0.13560148483798043, 0.6048244876942657, 0.5163128777752609, 0.4276562289971614, 0.5749489496888027]
Iteration 29: [0.37898335495355123, 0.5623060379694146, 0.4483167124721777, 0.23477751151480877, 0.5195910791541501, 0.2794459180309072, 0.10989402143661899, 0.26015027903579685, 0.5889680725087136, 0.6277781571380893, 0.5855044642802321, 0.11031631101057335, 0.17079913349934067, 0.028148233548033568, 0.1907745017168353, 0.17843065691430315, 0.6048244876942657, 0.5163128777752609, 0.4276562289971614, 0.5749489496888027]
Iteration 30: [0.37898335495355123, 0.5623060379694146, 0.36312589310997057, 0.23477751151480877, 0.5195910791541501, 0.2794459180309072, 0.10989402143661899, 0.26015027903579685, 0.5889680725087136, 0.6277781571380893, 0.5855044642802321, 0.11031631101057335, 0.17079913349934067, 0.028148233548033568, 0.1907745017168353, 0.17843065691430315, 0.6156498940881739, 0.5163128777752609, 0.4276562289971614, 0.5749489496888027]
Iteration 31: [0.37898335495355123, 0.5623060379694146, 0.5601439430091478, 0.23477751151480877, 0.5195910791541501, 0.2794459180309072, 0.10989402143661899, 0.23846888426493767, 0.5889680725087136, 0.6277781571380893, 0.5855044642802321, 0.11031631101057335, 0.17079913349934067, 0.028148233548033568, 0.1907745017168353, 0.17843065691430315, 0.6156498940881739, 0.5163128777752609, 0.4276562289971614, 0.5749489496888027]
Iteration 32: [0.37898335495355123, 0.5623060379694146, 0.5601439430091478, 0.23477751151480877, 0.15969666857037637, 0.2794459180309072, 0.10989402143661899, 0.23846888426493767, 0.5889680725087136, 0.6277781571380893, 0.5855044642802321, 0.11736532460331392, 0.17079913349934067, 0.028148233548033568, 0.1907745017168353, 0.17843065691430315, 0.6156498940881739, 0.5163128777752609, 0.4276562289971614, 0.5749489496888027]
Iteration 33: [0.37898335495355123, 0.5623060379694146, 0.5601439430091478, 0.23477751151480877, 0.15969666857037637, 0.2794459180309072, 0.10989402143661899, 0.23846888426493767, 0.5889680725087136, 0.6277781571380893, 0.5855044642802321, 0.11736532460331392, 0.17079913349934067, 0.028148233548033568, 0.1907745017168353, 0.17843065691430315, 0.6156498940881739, 0.4641669338119195, 0.4276562289971614, 0.5749489496888027]
Iteration 34: [0.37898335495355123, 0.5623060379694146, 0.5601439430091478, 0.23477751151480877, 0.15969666857037637, 0.2794459180309072, 0.10989402143661899, 0.23846888426493767, 0.5889680725087136, 0.6277781571380893, 0.5837893066578383, 0.11736532460331392, 0.17079913349934067, 0.028148233548033568, 0.1907745017168353, 0.17843065691430315, 0.6156498940881739, 0.4641669338119195, 0.4276562289971614, 0.5749489496888027]
Iteration 35: [0.37898335495355123, 0.5623060379694146, 0.5601439430091478, 0.23477751151480877, 0.15969666857037637, 0.2794459180309072, 0.10989402143661899, 0.23846888426493767, 0.5889680725087136, 0.6277781571380893, 0.5837893066578383, 0.1112419172751174, 0.17079913349934067, 0.028148233548033568, 0.1907745017168353, 0.17843065691430315, 0.6156498940881739, 0.4641669338119195, 0.4276562289971614, 0.5627827760511376]
Iteration 36: [0.37898335495355123, 0.5623060379694146, 0.5601439430091478, 0.23477751151480877, 0.15969666857037637, 0.2794459180309072, 0.10989402143661899, 0.23846888426493767, 0.5889680725087136, 0.6277781571380893, 0.5837893066578383, 0.1112419172751174, 0.17079913349934067, 0.028148233548033568, 0.1907745017168353, 0.17843065691430315, 0.6156498940881739, 0.4641669338119195, 0.4276562289971614, 0.19687521018306356]
Iteration 37: [0.37898335495355123, 0.6961165627785855, 0.5601439430091478, 0.23477751151480877, 0.15969666857037637, 0.2794459180309072, 0.12928788292974228, 0.23846888426493767, 0.5889680725087136, 0.6277781571380893, 0.5837893066578383, 0.1112419172751174, 0.17079913349934067, 0.028148233548033568, 0.1907745017168353, 0.17843065691430315, 0.6156498940881739, 0.4641669338119195, 0.4276562289971614, 0.19687521018306356]
Iteration 38: [0.37898335495355123, 0.7045888939049876, 0.5601439430091478, 0.23477751151480877, 0.15969666857037637, 0.2794459180309072, 0.12928788292974228, 0.23846888426493767, 0.5889680725087136, 0.6277781571380893, 0.5837893066578383, 0.1112419172751174, 0.1922844501576917, 0.028148233548033568, 0.1907745017168353, 0.17843065691430315, 0.6156498940881739, 0.4641669338119195, 0.4276562289971614, 0.19687521018306356]
Iteration 39: [0.5197814017469589, 0.7045888939049876, 0.5601439430091478, 0.25433837967486295, 0.15969666857037637, 0.2794459180309072, 0.12928788292974228, 0.23846888426493767, 0.5889680725087136, 0.6277781571380893, 0.5837893066578383, 0.1112419172751174, 0.1922844501576917, 0.028148233548033568, 0.1907745017168353, 0.17843065691430315, 0.6156498940881739, 0.4641669338119195, 0.4276562289971614, 0.19687521018306356]
Iteration 40: [0.5197814017469589, 0.7045888939049876, 0.5601439430091478, 0.25433837967486295, 0.15969666857037637, 0.30536044236651166, 0.12928788292974228, 0.23846888426493767, 0.5889680725087136, 0.6277781571380893, 0.5837893066578383, 0.1112419172751174, 0.1922844501576917, 0.028148233548033568, 0.1907745017168353, 0.17843065691430315, 0.6156498940881739, 0.4641669338119195, 0.4276562289971614, 0.1934849818155914]
Iteration 41: [0.5197814017469589, 0.7045888939049876, 0.5601439430091478, 0.25433837967486295, 0.15969666857037637, 0.29659194452425064, 0.12928788292974228, 0.23846888426493767, 0.5889680725087136, 0.6277781571380893, 0.5837893066578383, 0.1112419172751174, 0.16449822358053665, 0.028148233548033568, 0.1907745017168353, 0.17843065691430315, 0.6156498940881739, 0.4641669338119195, 0.4276562289971614, 0.1934849818155914]
Iteration 42: [0.5197814017469589, 0.7045888939049876, 0.5601439430091478, 0.25433837967486295, 0.15969666857037637, 0.29659194452425064, 0.12928788292974228, 0.23846888426493767, 0.1574422698818337, 0.6277781571380893, 0.5837893066578383, 0.1112419172751174, 0.1636193106300535, 0.028148233548033568, 0.1907745017168353, 0.17843065691430315, 0.6156498940881739, 0.4641669338119195, 0.4276562289971614, 0.1934849818155914]
Iteration 43: [0.5197814017469589, 0.7045888939049876, 0.5601439430091478, 0.23366946843936345, 0.15969666857037637, 0.29659194452425064, 0.12928788292974228, 0.23846888426493767, 0.1574422698818337, 0.6277781571380893, 0.5837893066578383, 0.1112419172751174, 0.1636193106300535, 0.028148233548033568, 0.1907745017168353, 0.17843065691430315, 0.7075971338962734, 0.4641669338119195, 0.4276562289971614, 0.1934849818155914]
Iteration 44: [0.5197814017469589, 0.7045888939049876, 0.5601439430091478, 0.23366946843936345, 0.15969666857037637, 0.29659194452425064, 0.12928788292974228, 0.23846888426493767, 0.1574422698818337, 0.6277781571380893, 0.5837893066578383, 0.1112419172751174, 0.1636193106300535, 0.028148233548033568, 0.1907745017168353, 0.17843065691430315, 0.7075971338962734, 0.5167850018572915, 0.4276562289971614, 0.19711990244163005]
Iteration 45: [0.5197814017469589, 0.7045888939049876, 0.5601439430091478, 0.23366946843936345, 0.15969666857037637, 0.29659194452425064, 0.12928788292974228, 0.23846888426493767, 0.1574422698818337, 0.6277781571380893, 0.5793102955527729, 0.1112419172751174, 0.1636193106300535, 0.028148233548033568, 0.1907745017168353, 0.2579114162227592, 0.7075971338962734, 0.5167850018572915, 0.4276562289971614, 0.19711990244163005]
Iteration 46: [0.6779639709597931, 0.7045888939049876, 0.5601439430091478, 0.23366946843936345, 0.15969666857037637, 0.29659194452425064, 0.12928788292974228, 0.23846888426493767, 0.1574422698818337, 0.6277781571380893, 0.5793102955527729, 0.1112419172751174, 0.1636193106300535, 0.028148233548033568, 0.1907745017168353, 0.22447303500193716, 0.7075971338962734, 0.5167850018572915, 0.4276562289971614, 0.19711990244163005]
Iteration 47: [0.6779639709597931, 0.7045888939049876, 0.5589179432203886, 0.23366946843936345, 0.15969666857037637, 0.29659194452425064, 0.12928788292974228, 0.23146485788027965, 0.1574422698818337, 0.6277781571380893, 0.5793102955527729, 0.1112419172751174, 0.1636193106300535, 0.028148233548033568, 0.1907745017168353, 0.22447303500193716, 0.7075971338962734, 0.5167850018572915, 0.4276562289971614, 0.19711990244163005]
Iteration 48: [0.6779639709597931, 0.7045888939049876, 0.5589179432203886, 0.23366946843936345, 0.15969666857037637, 0.29659194452425064, 0.12928788292974228, 0.23146485788027965, 0.1574422698818337, 0.6277781571380893, 0.5793102955527729, 0.1112419172751174, 0.1636193106300535, 0.028148233548033568, 0.1907745017168353, 0.2763087831245913, 0.7075971338962734, 0.4945294183845608, 0.4276562289971614, 0.19711990244163005]
Iteration 49: [0.6779639709597931, 0.7045888939049876, 0.5589179432203886, 0.23366946843936345, 0.15969666857037637, 0.29659194452425064, 0.12928788292974228, 0.23146485788027965, 0.1574422698818337, 0.6277781571380893, 0.5793102955527729, 0.08566123404977533, 0.1636193106300535, 0.028148233548033568, 0.1907745017168353, 0.2763087831245913, 0.7075971338962734, 0.5463061316010762, 0.4276562289971614, 0.19711990244163005]
Iteration 50: [0.6779639709597931, 0.7045888939049876, 0.5589179432203886, 0.23366946843936345, 0.16021103380015947, 0.29659194452425064, 0.12928788292974228, 0.23146485788027965, 0.1574422698818337, 0.6277781571380893, 0.5793102955527729, 0.08566123404977533, 0.1636193106300535, 0.028148233548033568, 0.1907745017168353, 0.14962967301065735, 0.7075971338962734, 0.5463061316010762, 0.4276562289971614, 0.19711990244163005]
Iteration 51: [0.6779639709597931, 0.7045888939049876, 0.5589179432203886, 0.23366946843936345, 0.16021103380015947, 0.33393912390919944, 0.12928788292974228, 0.23146485788027965, 0.1574422698818337, 0.6277781571380893, 0.5793102955527729, 0.08566123404977533, 0.1636193106300535, 0.028148233548033568, 0.1907745017168353, 0.14962967301065735, 0.7075971338962734, 0.5463061316010762, 0.02722925914985371, 0.19711990244163005]
Iteration 52: [0.6779639709597931, 0.7045888939049876, 0.5589179432203886, 0.23366946843936345, 0.1607197117720736, 0.33393912390919944, 0.12928788292974228, 0.23146485788027965, 0.1574422698818337, 0.6277781571380893, 0.5793102955527729, 0.08566123404977533, 0.1636193106300535, 0.028148233548033568, 0.2596727323978828, 0.14962967301065735, 0.7075971338962734, 0.5463061316010762, 0.02722925914985371, 0.19711990244163005]
Iteration 53: [0.6779639709597931, 0.7045888939049876, 0.5589179432203886, 0.15878948515380137, 0.1607197117720736, 0.33393912390919944, 0.12928788292974228, 0.23146485788027965, 0.12028333258047913, 0.6277781571380893, 0.5793102955527729, 0.08566123404977533, 0.1636193106300535, 0.028148233548033568, 0.2596727323978828, 0.14962967301065735, 0.7075971338962734, 0.5463061316010762, 0.02722925914985371, 0.19711990244163005]
Iteration 54: [0.6779639709597931, 0.7045888939049876, 0.5589179432203886, 0.15878948515380137, 0.1607197117720736, 0.33393912390919944, 0.12928788292974228, 0.23146485788027965, 0.12028333258047913, 0.6277781571380893, 0.5793102955527729, 0.08566123404977533, 0.1636193106300535, 0.028148233548033568, 0.2596727323978828, 0.1659529361203773, 0.7075971338962734, 0.18838451971670464, 0.02722925914985371, 0.19711990244163005]
Iteration 55: [0.6779639709597931, 0.7045888939049876, 0.6339319647434125, 0.15878948515380137, 0.1607197117720736, 0.33393912390919944, 0.12928788292974228, 0.23146485788027965, 0.12028333258047913, 0.6277781571380893, 0.5793102955527729, 0.27864313430984416, 0.1636193106300535, 0.028148233548033568, 0.2596727323978828, 0.1659529361203773, 0.7075971338962734, 0.18838451971670464, 0.02722925914985371, 0.19711990244163005]
Iteration 56: [0.6779639709597931, 0.7045888939049876, 0.6339319647434125, 0.15878948515380137, 0.1607197117720736, 0.33393912390919944, 0.12928788292974228, 0.23146485788027965, 0.12028333258047913, 0.6277781571380893, 0.5793102955527729, 0.27864313430984416, 0.1636193106300535, 0.028148233548033568, 0.2596727323978828, 0.1659529361203773, 0.582885664913096, 0.22299120798120653, 0.02722925914985371, 0.19711990244163005]
Iteration 57: [0.6779639709597931, 0.7045888939049876, 0.6339319647434125, 0.15878948515380137, 0.1607197117720736, 0.2966077787052765, 0.12928788292974228, 0.23146485788027965, 0.12028333258047913, 0.6277781571380893, 0.5793102955527729, 0.27864313430984416, 0.1636193106300535, 0.028148233548033568, 0.2596727323978828, 0.1659529361203773, 0.582885664913096, 0.2537311080644309, 0.02722925914985371, 0.19711990244163005]
Iteration 58: [0.6779639709597931, 0.7045888939049876, 0.6339319647434125, 0.15878948515380137, 0.1607197117720736, 0.3005080361936893, 0.12928788292974228, 0.23146485788027965, 0.12028333258047913, 0.6277781571380893, 0.5793102955527729, 0.27864313430984416, 0.1636193106300535, 0.028148233548033568, 0.2596727323978828, 0.1659529361203773, 0.688130433545555, 0.2537311080644309, 0.02722925914985371, 0.19711990244163005]
Iteration 59: [0.6779639709597931, 0.7045888939049876, 0.6339319647434125, 0.2214633636723116, 0.1607197117720736, 0.3005080361936893, 0.12928788292974228, 0.23146485788027965, 0.12028333258047913, 0.6698650523875335, 0.5793102955527729, 0.27864313430984416, 0.1636193106300535, 0.028148233548033568, 0.2596727323978828, 0.1659529361203773, 0.688130433545555, 0.2537311080644309, 0.02722925914985371, 0.19711990244163005]
Iteration 60: [0.6779639709597931, 0.7045888939049876, 0.6339319647434125, 0.2214633636723116, 0.1607197117720736, 0.3005080361936893, 0.12928788292974228, 0.23146485788027965, 0.12028333258047913, 0.6698650523875335, 0.5793102955527729, 0.27864313430984416, 0.16174834860865422, 0.028148233548033568, 0.2596727323978828, 0.1659529361203773, 0.688130433545555, 0.2537311080644309, 0.02446144813938859, 0.19711990244163005]
Iteration 61: [0.6779639709597931, 0.7045888939049876, 0.6339319647434125, 0.2214633636723116, 0.1607197117720736, 0.3005080361936893, 0.13204319174377785, 0.23146485788027965, 0.002345716212044192, 0.6698650523875335, 0.5793102955527729, 0.27864313430984416, 0.16174834860865422, 0.028148233548033568, 0.2596727323978828, 0.1659529361203773, 0.688130433545555, 0.2537311080644309, 0.02446144813938859, 0.19711990244163005]
Iteration 62: [0.6779639709597931, 0.7045888939049876, 0.6339319647434125, 0.2214633636723116, 0.1607197117720736, 0.2042343046772612, 0.13204319174377785, 0.23146485788027965, 0.03402876220133016, 0.6698650523875335, 0.5793102955527729, 0.27864313430984416, 0.16174834860865422, 0.028148233548033568, 0.2596727323978828, 0.1659529361203773, 0.688130433545555, 0.2537311080644309, 0.02446144813938859, 0.19711990244163005]
Iteration 63: [0.46939189835454476, 0.7045888939049876, 0.6339319647434125, 0.2214633636723116, 0.1607197117720736, 0.2042343046772612, 0.13204319174377785, 0.23146485788027965, 0.03402876220133016, 0.6698650523875335, 0.5793102955527729, 0.27864313430984416, 0.16174834860865422, 0.028148233548033568, 0.2596727323978828, 0.2067568327417356, 0.688130433545555, 0.2537311080644309, 0.02446144813938859, 0.19711990244163005]
Iteration 64: [0.46939189835454476, 0.7045888939049876, 0.6339319647434125, 0.2214633636723116, 0.1607197117720736, 0.2042343046772612, 0.13204319174377785, 0.23146485788027965, 0.03402876220133016, 0.6333608777662142, 0.5793102955527729, 0.27864313430984416, 0.16174834860865422, 0.028148233548033568, 0.2596727323978828, 0.2067568327417356, 0.688130433545555, 0.2537311080644309, 0.02446144813938859, 0.19711990244163005]
Iteration 65: [0.46939189835454476, 0.7045888939049876, 0.6339319647434125, 0.2214633636723116, 0.1607197117720736, 0.2042343046772612, 0.13204319174377785, 0.5833954403545427, 0.03402876220133016, 0.6333608777662142, 0.5793102955527729, 0.27864313430984416, 0.16174834860865422, 0.028148233548033568, 0.2596727323978828, 0.2067568327417356, 0.688130433545555, 0.2537311080644309, 0.029282907436596093, 0.19711990244163005]
Iteration 66: [0.46939189835454476, 0.7045888939049876, 0.6339319647434125, 0.0004415256104098461, 0.1607197117720736, 0.18674020521199097, 0.13204319174377785, 0.5833954403545427, 0.03402876220133016, 0.6333608777662142, 0.5793102955527729, 0.27864313430984416, 0.16174834860865422, 0.028148233548033568, 0.2596727323978828, 0.2067568327417356, 0.688130433545555, 0.2537311080644309, 0.029282907436596093, 0.19711990244163005]
Iteration 67: [0.46939189835454476, 0.7045888939049876, 0.6339319647434125, 0.0004415256104098461, 0.1607197117720736, 0.18674020521199097, 0.13204319174377785, 0.5833954403545427, 0.03402876220133016, 0.6333608777662142, 0.5793102955527729, 0.27864313430984416, 0.16174834860865422, 0.028148233548033568, 0.2596727323978828, 0.2067568327417356, 0.688130433545555, 0.2888196496468091, 0.00041113657576945483, 0.19711990244163005]
Iteration 68: [0.46939189835454476, 0.7045888939049876, 0.6339319647434125, 0.0004415256104098461, 0.1607197117720736, 0.18674020521199097, 0.13204319174377785, 0.5833954403545427, 0.03402876220133016, 0.5775419560582443, 0.5793102955527729, 0.0901758839600823, 0.16174834860865422, 0.028148233548033568, 0.2596727323978828, 0.2067568327417356, 0.688130433545555, 0.2888196496468091, 0.00041113657576945483, 0.19711990244163005]
Iteration 69: [0.4774962218208369, 0.7045888939049876, 0.6339319647434125, 0.0004415256104098461, 0.1607197117720736, 0.18674020521199097, 0.13204319174377785, 0.25855987595724655, 0.03402876220133016, 0.5775419560582443, 0.5793102955527729, 0.0901758839600823, 0.16174834860865422, 0.028148233548033568, 0.2596727323978828, 0.2067568327417356, 0.688130433545555, 0.2888196496468091, 0.00041113657576945483, 0.19711990244163005]
Iteration 70: [0.4774962218208369, 0.7045888939049876, 0.6339319647434125, 0.0004415256104098461, 0.1607197117720736, 0.10108524478674771, 0.13204319174377785, 0.25855987595724655, 0.028474499201676235, 0.5775419560582443, 0.5793102955527729, 0.0901758839600823, 0.16174834860865422, 0.028148233548033568, 0.2596727323978828, 0.2067568327417356, 0.688130433545555, 0.2888196496468091, 0.00041113657576945483, 0.19711990244163005]
Iteration 71: [0.4774962218208369, 0.7045888939049876, 0.6887153005756346, 0.0004415256104098461, 0.1607197117720736, 0.10108524478674771, 0.13204319174377785, 0.25855987595724655, 0.028474499201676235, 0.5775419560582443, 0.5793102955527729, 0.0901758839600823, 0.16174834860865422, 0.028148233548033568, 0.2596727323978828, 0.2067568327417356, 0.688130433545555, 0.2888196496468091, 0.00041113657576945483, 0.19711990244163005]
Iteration 72: [0.4774962218208369, 0.9931181879179429, 0.6887153005756346, 0.0004415256104098461, 0.1607197117720736, 0.10108524478674771, 0.13204319174377785, 0.25855987595724655, 0.028474499201676235, 0.5775419560582443, 0.5793102955527729, 0.0901758839600823, 0.14550581496285236, 0.028148233548033568, 0.2596727323978828, 0.2067568327417356, 0.688130433545555, 0.2888196496468091, 0.00041113657576945483, 0.19711990244163005]
Iteration 73: [0.4774962218208369, 0.9931181879179429, 0.6887153005756346, 0.0004415256104098461, 0.1607197117720736, 0.09456271028653107, 0.13204319174377785, 0.25855987595724655, 0.028474499201676235, 0.5775419560582443, 0.5793102955527729, 0.0901758839600823, 0.14550581496285236, 0.028148233548033568, 0.2596727323978828, 0.2067568327417356, 0.2855537610779153, 0.2888196496468091, 0.00041113657576945483, 0.19711990244163005]
Iteration 74: [0.4774962218208369, 0.9931181879179429, 0.6887153005756346, 0.0004415256104098461, 0.1607197117720736, 0.09456271028653107, 0.13204319174377785, 0.25855987595724655, 0.028474499201676235, 0.6685575920089999, 0.5793102955527729, 0.0901758839600823, 0.14550581496285236, 0.028148233548033568, 0.2596727323978828, 0.2067568327417356, 0.2855537610779153, 0.28011394001489837, 0.00041113657576945483, 0.19711990244163005]
Iteration 75: [0.4774962218208369, 0.9931181879179429, 0.5976627320151474, 0.0004415256104098461, 0.1607197117720736, 0.09456271028653107, 0.13204319174377785, 0.25855987595724655, 0.028474499201676235, 0.6685575920089999, 0.5793102955527729, 0.0901758839600823, 0.14550581496285236, 0.028148233548033568, 0.2596727323978828, 0.2067568327417356, 0.2855537610779153, 0.28011394001489837, 0.0003652939435218155, 0.19711990244163005]
Iteration 76: [0.4774962218208369, 0.9931181879179429, 0.5976627320151474, 0.0004415256104098461, 0.1607197117720736, 0.09456271028653107, 0.13204319174377785, 0.25855987595724655, 0.20648903129245727, 0.6322978862663543, 0.5793102955527729, 0.0901758839600823, 0.14550581496285236, 0.028148233548033568, 0.2596727323978828, 0.2067568327417356, 0.2855537610779153, 0.28011394001489837, 0.0003652939435218155, 0.19711990244163005]
Iteration 77: [0.612545647797269, 0.9931181879179429, 0.5976627320151474, 0.0004415256104098461, 0.14891887198638457, 0.09456271028653107, 0.13204319174377785, 0.25855987595724655, 0.20648903129245727, 0.6322978862663543, 0.5793102955527729, 0.0901758839600823, 0.14550581496285236, 0.028148233548033568, 0.2596727323978828, 0.2067568327417356, 0.2855537610779153, 0.28011394001489837, 0.0003652939435218155, 0.19711990244163005]
Iteration 78: [0.612545647797269, 0.9931181879179429, 0.6703520164359138, 0.0004415256104098461, 0.14891887198638457, 0.09456271028653107, 0.13204319174377785, 0.25855987595724655, 0.20648903129245727, 0.6322978862663543, 0.5793102955527729, 0.0901758839600823, 0.14550581496285236, 0.028148233548033568, 0.2596727323978828, 0.2067568327417356, 0.2855537610779153, 0.28011394001489837, 0.0003652939435218155, 0.19711990244163005]
Iteration 79: [0.612545647797269, 0.9931181879179429, 0.6703520164359138, 0.0004415256104098461, 0.14891887198638457, 0.09456271028653107, 0.13204319174377785, 0.25855987595724655, 0.20648903129245727, 0.6322978862663543, 0.5793102955527729, 0.0901758839600823, 0.14550581496285236, 0.028148233548033568, 0.2596727323978828, 0.20686698544163398, 0.2855537610779153, 0.28011394001489837, 0.0003652939435218155, 0.19711990244163005]
Iteration 80: [0.612545647797269, 0.9931181879179429, 0.6703520164359138, 0.0004415256104098461, 0.14891887198638457, 0.09456271028653107, 0.13204319174377785, 0.5973420784435192, 0.20648903129245727, 0.6322978862663543, 0.5793102955527729, 0.10809314033848212, 0.14550581496285236, 0.028148233548033568, 0.2596727323978828, 0.20686698544163398, 0.2855537610779153, 0.28011394001489837, 0.0003652939435218155, 0.19711990244163005]
Iteration 81: [0.612545647797269, 0.9931181879179429, 0.6703520164359138, 0.0004415256104098461, 0.14891887198638457, 0.09456271028653107, 0.13204319174377785, 0.5973420784435192, 0.20648903129245727, 0.6322978862663543, 0.5793102955527729, 0.10809314033848212, 0.14550581496285236, 0.42851481143524983, 0.2596727323978828, 0.20686698544163398, 0.297263704203143, 0.28011394001489837, 0.0003652939435218155, 0.19711990244163005]
Iteration 82: [0.612545647797269, 0.6192777053870427, 0.6703520164359138, 0.0004415256104098461, 0.14891887198638457, 0.09456271028653107, 0.13204319174377785, 0.5973420784435192, 0.20648903129245727, 0.6322978862663543, 0.5793102955527729, 0.10809314033848212, 0.14550581496285236, 0.42851481143524983, 0.2596727323978828, 0.20686698544163398, 0.297263704203143, 0.28011394001489837, 0.0003652939435218155, 0.251563111717703]
Iteration 83: [0.612545647797269, 0.6192777053870427, 0.6703520164359138, 0.0004415256104098461, 0.14891887198638457, 0.09456271028653107, 0.13204319174377785, 0.5973420784435192, 0.20648903129245727, 0.6568204430973182, 0.5793102955527729, 0.10809314033848212, 0.14550581496285236, 0.42851481143524983, 0.2596727323978828, 0.18972183666461243, 0.297263704203143, 0.28011394001489837, 0.0003652939435218155, 0.251563111717703]
Iteration 84: [0.612545647797269, 0.6192777053870427, 0.6703520164359138, 0.13036809485161757, 0.14891887198638457, 0.09456271028653107, 0.13204319174377785, 0.23471405539736945, 0.20648903129245727, 0.6568204430973182, 0.5793102955527729, 0.10809314033848212, 0.14550581496285236, 0.42851481143524983, 0.2596727323978828, 0.18972183666461243, 0.297263704203143, 0.28011394001489837, 0.0003652939435218155, 0.251563111717703]
Iteration 85: [0.612545647797269, 0.6192777053870427, 0.6703520164359138, 0.13036809485161757, 0.14891887198638457, 0.09456271028653107, 0.13204319174377785, 0.23471405539736945, 0.12957101403351254, 0.6568204430973182, 0.5793102955527729, 0.10809314033848212, 0.14550581496285236, 0.2616065220645647, 0.2596727323978828, 0.18972183666461243, 0.297263704203143, 0.28011394001489837, 0.0003652939435218155, 0.251563111717703]
Iteration 86: [0.6280313211420597, 0.6192777053870427, 0.6703520164359138, 0.13036809485161757, 0.14891887198638457, 0.09456271028653107, 0.13204319174377785, 0.23471405539736945, 0.12957101403351254, 0.6568204430973182, 0.5793102955527729, 0.10809314033848212, 0.14550581496285236, 0.2616065220645647, 0.2596727323978828, 0.18972183666461243, 0.297263704203143, 0.28011394001489837, 0.5696024268605474, 0.251563111717703]
Iteration 87: [0.6280313211420597, 0.6192777053870427, 0.6703520164359138, 0.1300098264628482, 0.14891887198638457, 0.09456271028653107, 0.13204319174377785, 0.23471405539736945, 0.12957101403351254, 0.6568204430973182, 0.5793102955527729, 0.10809314033848212, 0.14550581496285236, 0.2616065220645647, 0.21334697177131437, 0.18972183666461243, 0.297263704203143, 0.28011394001489837, 0.5696024268605474, 0.251563111717703]
Iteration 88: [0.6280313211420597, 0.6192777053870427, 0.6703520164359138, 0.1300098264628482, 0.9348141346641143, 0.09456271028653107, 0.13204319174377785, 0.23471405539736945, 0.12957101403351254, 0.6568204430973182, 0.5793102955527729, 0.10809314033848212, 0.2044396317257865, 0.2616065220645647, 0.21334697177131437, 0.18972183666461243, 0.297263704203143, 0.28011394001489837, 0.5696024268605474, 0.251563111717703]
Iteration 89: [0.6280313211420597, 0.6192777053870427, 0.6703520164359138, 0.1300098264628482, 0.9348141346641143, 0.09456271028653107, 0.13204319174377785, 0.23471405539736945, 0.12957101403351254, 0.643964214198224, 0.5793102955527729, 0.10809314033848212, 0.2044396317257865, 0.26300500130943477, 0.21334697177131437, 0.18972183666461243, 0.297263704203143, 0.28011394001489837, 0.5696024268605474, 0.251563111717703]
Iteration 90: [0.6280313211420597, 0.6192777053870427, 0.6703520164359138, 0.1300098264628482, 0.9348141346641143, 0.09456271028653107, 0.13204319174377785, 0.23471405539736945, 0.12957101403351254, 0.643964214198224, 0.2531590851662157, 0.10809314033848212, 0.2044396317257865, 0.26300500130943477, 0.21334697177131437, 0.18972183666461243, 0.3247843322638841, 0.28011394001489837, 0.5696024268605474, 0.251563111717703]
Iteration 91: [0.6280313211420597, 0.6192777053870427, 0.6703520164359138, 0.1300098264628482, 0.9348141346641143, 0.09456271028653107, 0.13204319174377785, 0.23471405539736945, 0.12957101403351254, 0.643964214198224, 0.2531590851662157, 0.1457799485215717, 0.2044396317257865, 0.26300500130943477, 0.21334697177131437, 0.21792677064686256, 0.3247843322638841, 0.28011394001489837, 0.5696024268605474, 0.251563111717703]
Iteration 92: [0.6280313211420597, 0.6192777053870427, 0.6703520164359138, 0.15873889160547894, 0.9348141346641143, 0.09456271028653107, 0.13204319174377785, 0.23471405539736945, 0.12957101403351254, 0.643964214198224, 0.2531590851662157, 0.1457799485215717, 0.1988233811227151, 0.26300500130943477, 0.21334697177131437, 0.21792677064686256, 0.3247843322638841, 0.28011394001489837, 0.5696024268605474, 0.251563111717703]
Iteration 93: [0.6280313211420597, 0.6192777053870427, 0.6703520164359138, 0.15873889160547894, 0.9348141346641143, 0.09456271028653107, 0.13204319174377785, 0.23471405539736945, 0.12957101403351254, 0.643964214198224, 0.2531590851662157, 0.1457799485215717, 0.1988233811227151, 0.26300500130943477, 0.21334697177131437, 0.17246955948323503, 0.3247843322638841, 0.28011394001489837, 0.5696024268605474, 0.21016861391732594]
Iteration 94: [0.5882040820125963, 0.6192777053870427, 0.6703520164359138, 0.15197169626462123, 0.9348141346641143, 0.09456271028653107, 0.13204319174377785, 0.23471405539736945, 0.12957101403351254, 0.643964214198224, 0.2531590851662157, 0.1457799485215717, 0.1988233811227151, 0.26300500130943477, 0.21334697177131437, 0.17246955948323503, 0.3247843322638841, 0.28011394001489837, 0.5696024268605474, 0.21016861391732594]
Iteration 95: [0.5882040820125963, 0.6192777053870427, 0.6703520164359138, 0.15197169626462123, 0.9348141346641143, 0.09456271028653107, 0.13204319174377785, 0.23471405539736945, 0.12957101403351254, 0.643964214198224, 0.2531590851662157, 0.1457799485215717, 0.1988233811227151, 0.26300500130943477, 0.21334697177131437, 0.17246955948323503, 0.22497072286803185, 0.28011394001489837, 0.6714228221540997, 0.21016861391732594]
Iteration 96: [0.5882040820125963, 0.6192777053870427, 0.6703520164359138, 0.15197169626462123, 0.9348141346641143, 0.09456271028653107, 0.13204319174377785, 0.23471405539736945, 0.12957101403351254, 0.643964214198224, 0.2531590851662157, 0.1457799485215717, 0.1988233811227151, 0.26300500130943477, 0.09494099622168724, 0.17246955948323503, 0.22497072286803185, 0.28011394001489837, 0.6289607106460084, 0.21016861391732594]
Iteration 97: [0.7060266855200987, 0.6192777053870427, 0.6703520164359138, 0.15197169626462123, 0.9348141346641143, 0.09456271028653107, 0.13204319174377785, 0.23471405539736945, 0.12957101403351254, 0.643964214198224, 0.2531590851662157, 0.1457799485215717, 0.1988233811227151, 0.26300500130943477, 0.09494099622168724, 0.17246955948323503, 0.22497072286803185, 0.28011394001489837, 0.6289607106460084, 0.21740222863145547]
Iteration 98: [0.7060266855200987, 0.6192777053870427, 0.6703520164359138, 0.15197169626462123, 0.17872051976136027, 0.09456271028653107, 0.13204319174377785, 0.23471405539736945, 0.12957101403351254, 0.643964214198224, 0.2531590851662157, 0.1457799485215717, 0.1988233811227151, 0.26300500130943477, 0.09494099622168724, 0.17246955948323503, 0.22497072286803185, 0.28011394001489837, 0.6289607106460084, 0.2439623030027782]
Iteration 99: [0.7060266855200987, 0.6192777053870427, 0.6703520164359138, 0.18210005131659723, 0.1883535789788461, 0.09456271028653107, 0.13204319174377785, 0.23471405539736945, 0.12957101403351254, 0.643964214198224, 0.2531590851662157, 0.1457799485215717, 0.1988233811227151, 0.26300500130943477, 0.09494099622168724, 0.17246955948323503, 0.22497072286803185, 0.28011394001489837, 0.6289607106460084, 0.2439623030027782]
Iteration 100: [0.7060266855200987, 0.6192777053870427, 0.6703520164359138, 0.18210005131659723, 0.1883535789788461, 0.09456271028653107, 0.13204319174377785, 0.23471405539736945, 0.12957101403351254, 0.643964214198224, 0.2531590851662157, 0.1457799485215717, 0.1988233811227151, 0.26300500130943477, 0.0008813427967847903, 0.17246955948323503, 0.22497072286803185, 0.23417490585336018, 0.6289607106460084, 0.2439623030027782]
Iteration 101: [0.7060266855200987, 0.6192777053870427, 0.6703520164359138, 0.18210005131659723, 0.1883535789788461, 0.09456271028653107, 0.13204319174377785, 0.23471405539736945, 0.12957101403351254, 0.643964214198224, 0.2531590851662157, 0.14172785931989537, 0.1988233811227151, 0.26300500130943477, 0.0008813427967847903, 0.17435786901139055, 0.22497072286803185, 0.23417490585336018, 0.6289607106460084, 0.2439623030027782]
Iteration 102: [0.7060266855200987, 0.6192777053870427, 0.6703520164359138, 0.18210005131659723, 0.22133270828264665, 0.09456271028653107, 0.13204319174377785, 0.23471405539736945, 0.12957101403351254, 0.643964214198224, 0.2531590851662157, 0.14172785931989537, 0.1988233811227151, 0.26300500130943477, 0.0008813427967847903, 0.17435786901139055, 0.22497072286803185, 0.20623885929821772, 0.6289607106460084, 0.2439623030027782]
Iteration 103: [0.7060266855200987, 0.6192777053870427, 0.671925189365358, 0.18210005131659723, 0.22133270828264665, 0.09456271028653107, 0.13204319174377785, 0.23471405539736945, 0.13701733220488466, 0.643964214198224, 0.2531590851662157, 0.14172785931989537, 0.1988233811227151, 0.26300500130943477, 0.0008813427967847903, 0.17435786901139055, 0.22497072286803185, 0.20623885929821772, 0.6289607106460084, 0.2439623030027782]
Iteration 104: [0.7060266855200987, 0.6192777053870427, 0.671925189365358, 0.18210005131659723, 0.22133270828264665, 0.09456271028653107, 0.13204319174377785, 0.23471405539736945, 0.13701733220488466, 0.643964214198224, 0.2531590851662157, 0.14172785931989537, 0.1988233811227151, 0.26300500130943477, 0.0008813427967847903, 0.17435786901139055, 0.22497072286803185, 0.20623885929821772, 0.5435365721976064, 0.2999463174429484]
Iteration 105: [0.7060266855200987, 0.6192777053870427, 0.671925189365358, 0.18210005131659723, 0.22133270828264665, 0.09456271028653107, 0.13204319174377785, 0.2542578697346201, 0.13701733220488466, 0.6878132850569236, 0.2531590851662157, 0.14172785931989537, 0.1988233811227151, 0.26300500130943477, 0.0008813427967847903, 0.17435786901139055, 0.22497072286803185, 0.20623885929821772, 0.5435365721976064, 0.2999463174429484]
Iteration 106: [0.7060266855200987, 0.6192777053870427, 0.671925189365358, 0.18210005131659723, 0.2150180063247472, 0.09456271028653107, 0.13204319174377785, 0.2542578697346201, 0.13701733220488466, 0.6878132850569236, 0.24342386710640537, 0.14172785931989537, 0.1988233811227151, 0.26300500130943477, 0.0008813427967847903, 0.17435786901139055, 0.22497072286803185, 0.20623885929821772, 0.5435365721976064, 0.2999463174429484]
Iteration 107: [0.7060266855200987, 0.6192777053870427, 0.671925189365358, 0.18210005131659723, 0.2150180063247472, 0.09456271028653107, 0.14432306487238697, 0.2542578697346201, 0.13701733220488466, 0.6878132850569236, 0.24342386710640537, 0.14172785931989537, 0.1988233811227151, 0.26300500130943477, 0.0008813427967847903, 0.17435786901139055, 0.22497072286803185, 0.20623885929821772, 0.5435365721976064, 0.2999463174429484]
Iteration 108: [0.7060266855200987, 0.6192777053870427, 0.671925189365358, 0.18210005131659723, 0.2150180063247472, 0.09456271028653107, 0.14432306487238697, 0.2542578697346201, 0.13701733220488466, 0.6878132850569236, 0.24342386710640537, 0.14172785931989537, 0.1988233811227151, 0.26300500130943477, 0.0008813427967847903, 0.1813446220211456, 0.22497072286803185, 0.20623885929821772, 0.5541729284532255, 0.2999463174429484]
Iteration 109: [0.7060266855200987, 0.6192777053870427, 0.671925189365358, 0.18210005131659723, 0.2150180063247472, 0.09456271028653107, 0.14432306487238697, 0.2542578697346201, 0.13701733220488466, 0.6878132850569236, 0.24999893398310055, 0.14172785931989537, 0.1988233811227151, 0.3059924325708941, 0.0008813427967847903, 0.1813446220211456, 0.22497072286803185, 0.20623885929821772, 0.5541729284532255, 0.2999463174429484]
Iteration 110: [0.7060266855200987, 0.6192777053870427, 0.671925189365358, 0.18210005131659723, 0.2150180063247472, 0.09456271028653107, 0.14432306487238697, 0.2529773224600592, 0.13701733220488466, 0.6961163537031151, 0.24999893398310055, 0.14172785931989537, 0.1988233811227151, 0.3059924325708941, 0.0008813427967847903, 0.1813446220211456, 0.22497072286803185, 0.20623885929821772, 0.5541729284532255, 0.2999463174429484]
Iteration 111: [0.7060266855200987, 0.6192777053870427, 0.6608281215579253, 0.18210005131659723, 0.2150180063247472, 0.09456271028653107, 0.14432306487238697, 0.2529773224600592, 0.13701733220488466, 0.6961163537031151, 0.24999893398310055, 0.14172785931989537, 0.1988233811227151, 0.3059924325708941, 0.0008813427967847903, 0.1813446220211456, 0.22497072286803185, 0.20623885929821772, 0.5541729284532255, 0.2999463174429484]
Iteration 112: [0.7060266855200987, 0.6192777053870427, 0.7905793702733674, 0.18210005131659723, 0.2150180063247472, 0.09456271028653107, 0.14432306487238697, 0.2563749651993461, 0.13701733220488466, 0.6961163537031151, 0.24999893398310055, 0.14172785931989537, 0.1988233811227151, 0.3059924325708941, 0.0008813427967847903, 0.1813446220211456, 0.22497072286803185, 0.20623885929821772, 0.5541729284532255, 0.2999463174429484]
Iteration 113: [0.7060266855200987, 0.6192777053870427, 0.7905793702733674, 0.18210005131659723, 0.2150180063247472, 0.09456271028653107, 0.14432306487238697, 0.2563749651993461, 0.13701733220488466, 0.6961163537031151, 0.24999893398310055, 0.14172785931989537, 0.1988233811227151, 0.3059924325708941, 0.0008813427967847903, 0.1604909981579036, 0.22497072286803185, 0.20623885929821772, 0.6430334147879964, 0.2999463174429484]
Iteration 114: [0.7060266855200987, 0.6192777053870427, 0.7905793702733674, 0.18210005131659723, 0.19719204687836717, 0.09456271028653107, 0.14432306487238697, 0.2563749651993461, 0.18431887576309172, 0.6961163537031151, 0.24999893398310055, 0.14172785931989537, 0.1988233811227151, 0.3059924325708941, 0.0008813427967847903, 0.1604909981579036, 0.22497072286803185, 0.20623885929821772, 0.6430334147879964, 0.2999463174429484]
Iteration 115: [0.7060266855200987, 0.6192777053870427, 0.6650901166086199, 0.18210005131659723, 0.19719204687836717, 0.09456271028653107, 0.14432306487238697, 0.2563749651993461, 0.18431887576309172, 0.6961163537031151, 0.24999893398310055, 0.14172785931989537, 0.2784079665088688, 0.3059924325708941, 0.0008813427967847903, 0.1604909981579036, 0.22497072286803185, 0.20623885929821772, 0.6430334147879964, 0.2999463174429484]
Iteration 116: [0.7060266855200987, 0.6192777053870427, 0.6650901166086199, 0.18210005131659723, 0.19719204687836717, 0.09456271028653107, 0.14432306487238697, 0.2563749651993461, 0.16302935959002207, 0.6961163537031151, 0.24999893398310055, 0.14172785931989537, 0.2784079665088688, 0.3059924325708941, 0.0697861979452374, 0.1604909981579036, 0.22497072286803185, 0.20623885929821772, 0.6430334147879964, 0.2999463174429484]
Iteration 117: [0.7060266855200987, 0.6192777053870427, 0.6650901166086199, 0.18210005131659723, 0.19719204687836717, 0.09456271028653107, 0.14432306487238697, 0.2563749651993461, 0.16302935959002207, 0.6961163537031151, 0.24999893398310055, 0.14172785931989537, 0.2784079665088688, 0.3059924325708941, 0.0697861979452374, 0.1604909981579036, 0.22497072286803185, 0.20623885929821772, 0.9946706424900532, 0.2999463174429484]
Iteration 118: [0.7060266855200987, 0.6192777053870427, 0.6650901166086199, 0.18210005131659723, 0.19719204687836717, 0.09456271028653107, 0.14432306487238697, 0.2563749651993461, 0.16302935959002207, 0.6961163537031151, 0.24999893398310055, 0.14172785931989537, 0.2784079665088688, 0.3059924325708941, 0.0697861979452374, 0.15768415230813154, 0.220375480310122, 0.20623885929821772, 0.9946706424900532, 0.2999463174429484]
Iteration 119: [0.7060266855200987, 0.6192777053870427, 0.6650901166086199, 0.14404545025535997, 0.19719204687836717, 0.09456271028653107, 0.14432306487238697, 0.2563749651993461, 0.16302935959002207, 0.6961163537031151, 0.2975687981643439, 0.14172785931989537, 0.2784079665088688, 0.3059924325708941, 0.0697861979452374, 0.15768415230813154, 0.220375480310122, 0.20623885929821772, 0.9946706424900532, 0.2999463174429484]
Iteration 120: [0.7060266855200987, 0.6192777053870427, 0.9968177050111271, 0.14404545025535997, 0.19719204687836717, 0.09456271028653107, 0.14432306487238697, 0.2563749651993461, 0.20206501231934282, 0.6961163537031151, 0.2975687981643439, 0.14172785931989537, 0.2784079665088688, 0.3059924325708941, 0.0697861979452374, 0.15768415230813154, 0.220375480310122, 0.20623885929821772, 0.9946706424900532, 0.2999463174429484]
Iteration 121: [0.7060266855200987, 0.6192777053870427, 0.9927375184498972, 0.14404545025535997, 0.19719204687836717, 0.09456271028653107, 0.14432306487238697, 0.2563749651993461, 0.20206501231934282, 0.6961163537031151, 0.2975687981643439, 0.14172785931989537, 0.2784079665088688, 0.3059924325708941, 0.0697861979452374, 0.15768415230813154, 0.220375480310122, 0.19001558442904012, 0.9946706424900532, 0.2999463174429484]
Iteration 122: [0.7060266855200987, 0.6192777053870427, 0.9927375184498972, 0.14404545025535997, 0.19719204687836717, 0.09456271028653107, 0.14432306487238697, 0.2563749651993461, 0.20206501231934282, 0.6961163537031151, 0.2975687981643439, 0.14172785931989537, 0.26342700532512525, 0.24056945137091815, 0.0697861979452374, 0.15768415230813154, 0.220375480310122, 0.19001558442904012, 0.9946706424900532, 0.2999463174429484]
Iteration 123: [0.7060266855200987, 0.6192777053870427, 0.9927375184498972, 0.15676124488524054, 0.19719204687836717, 0.09456271028653107, 0.14432306487238697, 0.2563749651993461, 0.20206501231934282, 0.6961163537031151, 0.2975687981643439, 0.14172785931989537, 0.26342700532512525, 0.24056945137091815, 0.0697861979452374, 0.15768415230813154, 0.220375480310122, 0.19001558442904012, 0.9946706424900532, 0.2999463174429484]
Iteration 124: [0.7060266855200987, 0.6192777053870427, 0.9927375184498972, 0.15676124488524054, 0.19719204687836717, 0.09456271028653107, 0.1568994534807879, 0.2563749651993461, 0.20206501231934282, 0.6961163537031151, 0.2975687981643439, 0.14172785931989537, 0.26342700532512525, 0.24056945137091815, 0.0697861979452374, 0.15768415230813154, 0.220375480310122, 0.19001558442904012, 0.9946706424900532, 0.2999463174429484]
Iteration 125: [0.7060266855200987, 0.6192777053870427, 0.9927375184498972, 0.15676124488524054, 0.19719204687836717, 0.09456271028653107, 0.1944911947194664, 0.2563749651993461, 0.20206501231934282, 0.6961163537031151, 0.2975687981643439, 0.14172785931989537, 0.26342700532512525, 0.24056945137091815, 0.0697861979452374, 0.15768415230813154, 0.220375480310122, 0.19001558442904012, 0.9946706424900532, 0.21614289210293441]
Iteration 126: [0.7060266855200987, 0.6192777053870427, 0.32052282207068084, 0.15676124488524054, 0.19719204687836717, 0.09456271028653107, 0.1944911947194664, 0.2563749651993461, 0.20206501231934282, 0.6961163537031151, 0.2975687981643439, 0.14172785931989537, 0.26342700532512525, 0.24056945137091815, 0.0697861979452374, 0.15768415230813154, 0.220375480310122, 0.19001558442904012, 0.9946706424900532, 0.21614289210293441]
Iteration 127: [0.7060266855200987, 0.6192777053870427, 0.32052282207068084, 0.15676124488524054, 0.19719204687836717, 0.07974918128400565, 0.1944911947194664, 0.2563749651993461, 0.20206501231934282, 0.6961163537031151, 0.2975687981643439, 0.14172785931989537, 0.26342700532512525, 0.24056945137091815, 0.0697861979452374, 0.15768415230813154, 0.220375480310122, 0.19001558442904012, 0.9946706424900532, 0.21614289210293441]
Iteration 128: [0.7060266855200987, 0.6192777053870427, 0.32052282207068084, 0.15676124488524054, 0.19719204687836717, 0.07974918128400565, 0.1944911947194664, 0.2655212322074375, 0.20206501231934282, 0.612172625006959, 0.2975687981643439, 0.14172785931989537, 0.26342700532512525, 0.24056945137091815, 0.0697861979452374, 0.15768415230813154, 0.220375480310122, 0.19001558442904012, 0.9946706424900532, 0.21614289210293441]
Iteration 129: [0.7060266855200987, 0.6192777053870427, 0.2327618640200884, 0.15676124488524054, 0.19719204687836717, 0.07974918128400565, 0.1944911947194664, 0.2655212322074375, 0.20206501231934282, 0.612172625006959, 0.2975687981643439, 0.14172785931989537, 0.26342700532512525, 0.24056945137091815, 0.0697861979452374, 0.1652966702356574, 0.220375480310122, 0.19001558442904012, 0.9946706424900532, 0.21614289210293441]
Iteration 130: [0.7060266855200987, 0.6192777053870427, 0.2327618640200884, 0.15676124488524054, 0.19719204687836717, 0.07974918128400565, 0.1944911947194664, 0.2655212322074375, 0.20206501231934282, 0.612172625006959, 0.2975687981643439, 0.14172785931989537, 0.32623651427401296, 0.24056945137091815, 0.0697861979452374, 0.1652966702356574, 0.220375480310122, 0.19001558442904012, 0.9946706424900532, 0.2666266314900492]
Iteration 131: [0.7060266855200987, 0.6247068181411761, 0.2327618640200884, 0.15676124488524054, 0.18146075646965718, 0.07974918128400565, 0.1944911947194664, 0.2655212322074375, 0.20206501231934282, 0.612172625006959, 0.2975687981643439, 0.14172785931989537, 0.32623651427401296, 0.24056945137091815, 0.0697861979452374, 0.1652966702356574, 0.220375480310122, 0.19001558442904012, 0.9946706424900532, 0.2666266314900492]
Iteration 132: [0.7060266855200987, 0.6247068181411761, 0.2327618640200884, 0.15676124488524054, 0.18146075646965718, 0.07974918128400565, 0.1944911947194664, 0.2655212322074375, 0.20206501231934282, 0.612172625006959, 0.2975687981643439, 0.14172785931989537, 0.32623651427401296, 0.24056945137091815, 0.0697861979452374, 0.1652966702356574, 0.24485114372362635, 0.19001558442904012, 0.9946706424900532, 0.2666266314900492]
Iteration 133: [0.7060266855200987, 0.6247068181411761, 0.2327618640200884, 0.12894829395900884, 0.18146075646965718, 0.07974918128400565, 0.1944911947194664, 0.2655212322074375, 0.20206501231934282, 0.612172625006959, 0.2975687981643439, 0.14172785931989537, 0.32623651427401296, 0.24056945137091815, 0.0697861979452374, 0.1652966702356574, 0.24485114372362635, 0.19001558442904012, 0.9946706424900532, 0.2666266314900492]
Iteration 134: [0.7060266855200987, 0.6247068181411761, 0.2327618640200884, 0.12894829395900884, 0.18146075646965718, 0.07974918128400565, 0.1944911947194664, 0.2655212322074375, 0.20206501231934282, 0.612172625006959, 0.2975687981643439, 0.12344793771945119, 0.32623651427401296, 0.24056945137091815, 0.0697861979452374, 0.1652966702356574, 0.24485114372362635, 0.22628220588805115, 0.9946706424900532, 0.2666266314900492]
Iteration 135: [0.7060266855200987, 0.6247068181411761, 0.2327618640200884, 0.19850660870342374, 0.18146075646965718, 0.07974918128400565, 0.1944911947194664, 0.2655212322074375, 0.20206501231934282, 0.612172625006959, 0.2975687981643439, 0.12344793771945119, 0.32623651427401296, 0.24056945137091815, 0.0697861979452374, 0.1652966702356574, 0.24485114372362635, 0.22628220588805115, 0.9946706424900532, 0.6823554589886931]
Iteration 136: [0.7060266855200987, 0.6247068181411761, 0.2327618640200884, 0.19850660870342374, 0.18146075646965718, 0.07974918128400565, 0.1944911947194664, 0.2655212322074375, 0.20206501231934282, 0.612172625006959, 0.2975687981643439, 0.12344793771945119, 0.32623651427401296, 0.24056945137091815, 0.0697861979452374, 0.1652966702356574, 0.19391447231062003, 0.22628220588805115, 0.9946706424900532, 0.6823554589886931]
Iteration 137: [0.7060266855200987, 0.6247068181411761, 0.2327618640200884, 0.19850660870342374, 0.18146075646965718, 0.07974918128400565, 0.1944911947194664, 0.2655212322074375, 0.20206501231934282, 0.612172625006959, 0.2975687981643439, 0.12344793771945119, 0.32623651427401296, 0.24056945137091815, 0.0697861979452374, 0.14653300041437733, 0.19391447231062003, 0.22628220588805115, 0.9946706424900532, 0.6823554589886931]
Iteration 138: [0.7060266855200987, 0.6247068181411761, 0.2327618640200884, 0.19850660870342374, 0.18146075646965718, 0.07974918128400565, 0.1944911947194664, 0.19594918834629718, 0.20206501231934282, 0.612172625006959, 0.2975687981643439, 0.12344793771945119, 0.32623651427401296, 0.24056945137091815, 0.0697861979452374, 0.14653300041437733, 0.19391447231062003, 0.22628220588805115, 0.6786774232485803, 0.6823554589886931]
Iteration 139: [0.7060266855200987, 0.6247068181411761, 0.2327618640200884, 0.19850660870342374, 0.18146075646965718, 0.07974918128400565, 0.21616039167741555, 0.19594918834629718, 0.20206501231934282, 0.612172625006959, 0.2975687981643439, 0.12344793771945119, 0.32623651427401296, 0.24056945137091815, 0.0697861979452374, 0.14653300041437733, 0.19391447231062003, 0.22628220588805115, 0.6786774232485803, 0.6823554589886931]
Iteration 140: [0.7060266855200987, 0.6247068181411761, 0.2327618640200884, 0.19850660870342374, 0.18146075646965718, 0.08235292283268576, 0.21616039167741555, 0.19594918834629718, 0.20206501231934282, 0.612172625006959, 0.2975687981643439, 0.12344793771945119, 0.32623651427401296, 0.24056945137091815, 0.0697861979452374, 0.14653300041437733, 0.19391447231062003, 0.22628220588805115, 0.6786774232485803, 0.6823554589886931]
Iteration 141: [0.7060266855200987, 0.6247068181411761, 0.2327618640200884, 0.1517936322466037, 0.18146075646965718, 0.08235292283268576, 0.21616039167741555, 0.19594918834629718, 0.20206501231934282, 0.612172625006959, 0.978350620918777, 0.12344793771945119, 0.32623651427401296, 0.24056945137091815, 0.0697861979452374, 0.14653300041437733, 0.19391447231062003, 0.22628220588805115, 0.6786774232485803, 0.6823554589886931]
Iteration 142: [0.7060266855200987, 0.6029173920668456, 0.2327618640200884, 0.1517936322466037, 0.18146075646965718, 0.08235292283268576, 0.21616039167741555, 0.19594918834629718, 0.20206501231934282, 0.612172625006959, 0.978350620918777, 0.12344793771945119, 0.32623651427401296, 0.24056945137091815, 0.0697861979452374, 0.14653300041437733, 0.20961453277179745, 0.22628220588805115, 0.6786774232485803, 0.6823554589886931]
Iteration 143: [0.7060266855200987, 0.9939041568831313, 0.2327618640200884, 0.1517936322466037, 0.20053010489111467, 0.08235292283268576, 0.21616039167741555, 0.19594918834629718, 0.20206501231934282, 0.612172625006959, 0.978350620918777, 0.12344793771945119, 0.32623651427401296, 0.24056945137091815, 0.0697861979452374, 0.14653300041437733, 0.20961453277179745, 0.22628220588805115, 0.6786774232485803, 0.6823554589886931]
Iteration 144: [0.7060266855200987, 0.9939041568831313, 0.2327618640200884, 0.1517936322466037, 0.20053010489111467, 0.08235292283268576, 0.21616039167741555, 0.18661952458950837, 0.20206501231934282, 0.612172625006959, 0.978350620918777, 0.12344793771945119, 0.32623651427401296, 0.24056945137091815, 0.28015594095076285, 0.14653300041437733, 0.20961453277179745, 0.22628220588805115, 0.6786774232485803, 0.6823554589886931]
Iteration 145: [0.7060266855200987, 0.9939041568831313, 0.2327618640200884, 0.1517936322466037, 0.18548488550898073, 0.08235292283268576, 0.21616039167741555, 0.18661952458950837, 0.1952931480446016, 0.612172625006959, 0.978350620918777, 0.12344793771945119, 0.32623651427401296, 0.24056945137091815, 0.28015594095076285, 0.14653300041437733, 0.20961453277179745, 0.22628220588805115, 0.6786774232485803, 0.6823554589886931]
Iteration 146: [0.7060266855200987, 0.9939041568831313, 0.2327618640200884, 0.1517936322466037, 0.1037501331723131, 0.08235292283268576, 0.21616039167741555, 0.18661952458950837, 0.1952931480446016, 0.612172625006959, 0.978350620918777, 0.12344793771945119, 0.32623651427401296, 0.24056945137091815, 0.28015594095076285, 0.166950205868122, 0.20961453277179745, 0.22628220588805115, 0.6786774232485803, 0.6823554589886931]
Iteration 147: [0.7060266855200987, 0.9939041568831313, 0.2327618640200884, 0.1517936322466037, 0.1037501331723131, 0.08235292283268576, 0.21616039167741555, 0.18661952458950837, 0.1952931480446016, 0.612172625006959, 0.16645018487096483, 0.12344793771945119, 0.32623651427401296, 0.24056945137091815, 0.28015594095076285, 0.166950205868122, 0.20961453277179745, 0.22628220588805115, 0.6727881154049546, 0.6823554589886931]
Iteration 148: [0.7060266855200987, 0.9939041568831313, 0.2327618640200884, 0.1517936322466037, 0.1258199619657265, 0.15747386212775977, 0.21616039167741555, 0.18661952458950837, 0.1952931480446016, 0.612172625006959, 0.16645018487096483, 0.12344793771945119, 0.32623651427401296, 0.24056945137091815, 0.28015594095076285, 0.166950205868122, 0.20961453277179745, 0.22628220588805115, 0.6727881154049546, 0.6823554589886931]
Iteration 149: [0.7060266855200987, 0.9939041568831313, 0.2327618640200884, 0.17284758078963455, 0.1258199619657265, 0.15747386212775977, 0.21616039167741555, 0.18661952458950837, 0.1952931480446016, 0.612172625006959, 0.16645018487096483, 0.12344793771945119, 0.32623651427401296, 0.2674244469737069, 0.28015594095076285, 0.166950205868122, 0.20961453277179745, 0.22628220588805115, 0.6727881154049546, 0.6823554589886931]
Iteration 150: [0.7060266855200987, 0.9939041568831313, 0.2327618640200884, 0.18306077887756766, 0.1258199619657265, 0.15747386212775977, 0.300403176206862, 0.18661952458950837, 0.1952931480446016, 0.612172625006959, 0.16645018487096483, 0.12344793771945119, 0.32623651427401296, 0.2674244469737069, 0.28015594095076285, 0.166950205868122, 0.20961453277179745, 0.22628220588805115, 0.6727881154049546, 0.6823554589886931]
