There are 6 agents who believe in con
There are 8 agents who believe in pro
There are 6 agents who are neutral 

Iteration 1: [0.444929440117609, 0.5198842462794183, 0.4919051709160576, 0.5702775412009692, 0.485971218945957, 0.4191611426141909, 0.39345847880155266, 0.9278811363603902, 0.5509688843575339, 0.38361585511151, 0.5108635133478701, 0.5012208387124071, 0.06303291046256705, 0.6430346308982936, 0.4786464789056946, 0.5108555363581476, 0.5481656813575042, 0.4203744516623461, 0.43430291989193515, 0.5570127664986857]
Iteration 2: [0.9339448943402499, 0.5198842462794183, 0.4919051709160576, 0.5702775412009692, 0.485971218945957, 0.4191611426141909, 0.39345847880155266, 0.9278811363603902, 0.5509688843575339, 0.38361585511151, 0.5108635133478701, 0.5012208387124071, 0.06303291046256705, 0.6430346308982936, 0.4786464789056946, 0.5108555363581476, 0.5481656813575042, 0.062408237693101956, 0.43430291989193515, 0.5570127664986857]
Iteration 3: [0.9339448943402499, 0.5198842462794183, 0.4919051709160576, 0.5702775412009692, 0.485971218945957, 0.4191611426141909, 0.39345847880155266, 0.9278811363603902, 0.5509688843575339, 0.38361585511151, 0.5108635133478701, 0.073512418298798, 0.06303291046256705, 0.6430346308982936, 0.45724413906275574, 0.5108555363581476, 0.5481656813575042, 0.062408237693101956, 0.43430291989193515, 0.5570127664986857]
Iteration 4: [0.9339448943402499, 0.5198842462794183, 0.4919051709160576, 0.5702775412009692, 0.485971218945957, 0.4191611426141909, 0.39345847880155266, 0.9278811363603902, 0.5509688843575339, 0.38361585511151, 0.5108635133478701, 0.073512418298798, 0.06303291046256705, 0.6430346308982936, 0.5940659060913498, 0.5108555363581476, 0.5481656813575042, 0.062408237693101956, 0.43430291989193515, 0.3387469744610675]
Iteration 5: [0.9339448943402499, 0.5198842462794183, 0.8155374143163658, 0.5702775412009692, 0.485971218945957, 0.4191611426141909, 0.39345847880155266, 0.9278811363603902, 0.5509688843575339, 0.38361585511151, 0.5108635133478701, 0.073512418298798, 0.06303291046256705, 0.6430346308982936, 0.5940659060913498, 0.5108555363581476, 0.5481656813575042, 0.062408237693101956, 0.43430291989193515, 0.3387469744610675]
Iteration 6: [0.9339448943402499, 0.07451301418602167, 0.8155374143163658, 0.5702775412009692, 0.485971218945957, 0.4191611426141909, 0.39345847880155266, 0.9278811363603902, 0.5509688843575339, 0.38361585511151, 0.9430427980518175, 0.073512418298798, 0.06303291046256705, 0.6430346308982936, 0.5940659060913498, 0.5108555363581476, 0.5481656813575042, 0.062408237693101956, 0.43430291989193515, 0.3387469744610675]
Iteration 7: [0.9351487213957622, 0.07451301418602167, 0.8155374143163658, 0.5702775412009692, 0.485971218945957, 0.4191611426141909, 0.39345847880155266, 0.9278811363603902, 0.5509688843575339, 0.6494369840469774, 0.9430427980518175, 0.073512418298798, 0.06303291046256705, 0.6430346308982936, 0.5940659060913498, 0.5108555363581476, 0.5481656813575042, 0.062408237693101956, 0.43430291989193515, 0.3387469744610675]
Iteration 8: [0.9351487213957622, 0.07451301418602167, 0.8155374143163658, 0.5702775412009692, 0.485971218945957, 0.4191611426141909, 0.39345847880155266, 0.9278811363603902, 0.5509688843575339, 0.9224496292822312, 0.9430427980518175, 0.49794385938978264, 0.06303291046256705, 0.6430346308982936, 0.5940659060913498, 0.5108555363581476, 0.5481656813575042, 0.062408237693101956, 0.43430291989193515, 0.3387469744610675]
Iteration 9: [0.9351487213957622, 0.07451301418602167, 0.8155374143163658, 0.5702775412009692, 0.5313392329471488, 0.4191611426141909, 0.39345847880155266, 0.9278811363603902, 0.5509688843575339, 0.9224496292822312, 0.9436529555656209, 0.49794385938978264, 0.06303291046256705, 0.6430346308982936, 0.5940659060913498, 0.5108555363581476, 0.5481656813575042, 0.062408237693101956, 0.43430291989193515, 0.3387469744610675]
Iteration 10: [0.9351487213957622, 0.07597405366613195, 0.8155374143163658, 0.603193499478087, 0.5313392329471488, 0.4191611426141909, 0.39345847880155266, 0.9278811363603902, 0.5509688843575339, 0.9224496292822312, 0.9436529555656209, 0.49794385938978264, 0.06303291046256705, 0.6430346308982936, 0.5940659060913498, 0.5108555363581476, 0.5481656813575042, 0.062408237693101956, 0.43430291989193515, 0.3387469744610675]
Iteration 11: [0.9351487213957622, 0.07597405366613195, 0.8155374143163658, 0.603193499478087, 0.5313392329471488, 0.5757757787461031, 0.39345847880155266, 0.9278811363603902, 0.5509688843575339, 0.9224496292822312, 0.9436529555656209, 0.49794385938978264, 0.06303291046256705, 0.6430346308982936, 0.5940659060913498, 0.5108555363581476, 0.5481656813575042, 0.062408237693101956, 0.43430291989193515, 0.3387469744610675]
Iteration 12: [0.9351487213957622, 0.07597405366613195, 0.8155374143163658, 0.603193499478087, 0.5313392329471488, 0.5757757787461031, 0.39345847880155266, 0.9278811363603902, 0.5509688843575339, 0.9224496292822312, 0.9436529555656209, 0.49794385938978264, 0.06303291046256705, 0.9247348573179188, 0.5940659060913498, 0.5108555363581476, 0.5444066099884921, 0.062408237693101956, 0.43430291989193515, 0.3387469744610675]
Iteration 13: [0.9351487213957622, 0.07597405366613195, 0.8300341451228529, 0.603193499478087, 0.5313392329471488, 0.5757757787461031, 0.39345847880155266, 0.9278811363603902, 0.5509688843575339, 0.9224496292822312, 0.9436529555656209, 0.49794385938978264, 0.06303291046256705, 0.9247348573179188, 0.5940659060913498, 0.5108555363581476, 0.5444066099884921, 0.062408237693101956, 0.43430291989193515, 0.3387469744610675]
Iteration 14: [0.9351487213957622, 0.07597405366613195, 0.8300341451228529, 0.603193499478087, 0.5313392329471488, 0.5757757787461031, 0.39345847880155266, 0.9278811363603902, 0.9298369986953142, 0.9224496292822312, 0.9436529555656209, 0.49794385938978264, 0.06303291046256705, 0.9247348573179188, 0.5940659060913498, 0.5108555363581476, 0.5444066099884921, 0.062408237693101956, 0.43430291989193515, 0.3387469744610675]
Iteration 15: [0.9351487213957622, 0.07597405366613195, 0.8300341451228529, 0.603193499478087, 0.5313392329471488, 0.5757757787461031, 0.3961582338349209, 0.9278811363603902, 0.9298369986953142, 0.9224496292822312, 0.9436529555656209, 0.49794385938978264, 0.06303291046256705, 0.9247348573179188, 0.5940659060913498, 0.5108555363581476, 0.5444066099884921, 0.062408237693101956, 0.43430291989193515, 0.3387469744610675]
Iteration 16: [0.9351487213957622, 0.07597405366613195, 0.8300341451228529, 0.603193499478087, 0.5313392329471488, 0.5757757787461031, 0.3961582338349209, 0.9278811363603902, 0.9298369986953142, 0.9224496292822312, 0.9436529555656209, 0.49794385938978264, 0.06303291046256705, 0.9247348573179188, 0.5940659060913498, 0.5108555363581476, 0.9314946892123427, 0.062408237693101956, 0.43430291989193515, 0.3387469744610675]
Iteration 17: [0.9351487213957622, 0.07690935833769505, 0.8300341451228529, 0.603193499478087, 0.5313392329471488, 0.5757757787461031, 0.3961582338349209, 0.9278811363603902, 0.9298369986953142, 0.9224496292822312, 0.9436529555656209, 0.49794385938978264, 0.06303291046256705, 0.9247348573179188, 0.5940659060913498, 0.5108555363581476, 0.8180164428016851, 0.062408237693101956, 0.43430291989193515, 0.3387469744610675]
Iteration 18: [0.9351487213957622, 0.07690935833769505, 0.8276488575912462, 0.603193499478087, 0.5313392329471488, 0.5757757787461031, 0.3961582338349209, 0.9278811363603902, 0.9298369986953142, 0.9224496292822312, 0.9436529555656209, 0.49794385938978264, 0.06303291046256705, 0.9247348573179188, 0.5940659060913498, 0.5108555363581476, 0.8180164428016851, 0.062408237693101956, 0.43430291989193515, 0.3387469744610675]
Iteration 19: [0.9351487213957622, 0.07690935833769505, 0.8276488575912462, 0.6201372134097637, 0.5313392329471488, 0.5757757787461031, 0.3961582338349209, 0.9278811363603902, 0.9298369986953142, 0.9224496292822312, 0.9436529555656209, 0.49794385938978264, 0.06303291046256705, 0.9247348573179188, 0.5940659060913498, 0.5108555363581476, 0.8180164428016851, 0.062408237693101956, 0.43430291989193515, 0.3387469744610675]
Iteration 20: [0.9351487213957622, 0.07690935833769505, 0.8276488575912462, 0.6201372134097637, 0.5313392329471488, 0.5757757787461031, 0.3961582338349209, 0.9278811363603902, 0.9298369986953142, 0.9224496292822312, 0.9436529555656209, 0.49794385938978264, 0.06303291046256705, 0.9247348573179188, 0.5940659060913498, 0.5108555363581476, 0.8180164428016851, 0.062408237693101956, 0.43430291989193515, 0.3387469744610675]
Iteration 21: [0.9351487213957622, 0.07690935833769505, 0.8276488575912462, 0.6201372134097637, 0.9224893652053385, 0.5757757787461031, 0.3961582338349209, 0.9278811363603902, 0.9298369986953142, 0.9224496292822312, 0.9436529555656209, 0.49794385938978264, 0.06303291046256705, 0.9247348573179188, 0.5940659060913498, 0.5108555363581476, 0.8196473094722357, 0.062408237693101956, 0.43430291989193515, 0.3387469744610675]
Iteration 22: [0.9351487213957622, 0.07690935833769505, 0.8276488575912462, 0.6201372134097637, 0.9224893652053385, 0.5757757787461031, 0.3961582338349209, 0.9115523593661133, 0.9298369986953142, 0.9224496292822312, 0.9436529555656209, 0.49794385938978264, 0.06303291046256705, 0.9247348573179188, 0.5940659060913498, 0.5108555363581476, 0.8196473094722357, 0.062408237693101956, 0.43430291989193515, 0.3387469744610675]
Iteration 23: [0.9351487213957622, 0.07690935833769505, 0.8276488575912462, 0.6201372134097637, 0.9224893652053385, 0.5757757787461031, 0.3961582338349209, 0.9115523593661133, 0.9298369986953142, 0.9224496292822312, 0.9436529555656209, 0.49794385938978264, 0.06303291046256705, 0.9247348573179188, 0.5940659060913498, 0.5108555363581476, 0.8196473094722357, 0.062408237693101956, 0.43430291989193515, 0.3387469744610675]
Iteration 24: [0.9351487213957622, 0.3109199863346221, 0.8276488575912462, 0.6201372134097637, 0.9224893652053385, 0.5757757787461031, 0.3961582338349209, 0.9115523593661133, 0.9298369986953142, 0.9224496292822312, 0.9436529555656209, 0.49794385938978264, 0.06303291046256705, 0.9247348573179188, 0.5940659060913498, 0.9193470792017563, 0.8196473094722357, 0.062408237693101956, 0.43430291989193515, 0.3387469744610675]
Iteration 25: [0.9351487213957622, 0.3109199863346221, 0.8276488575912462, 0.6201372134097637, 0.9224893652053385, 0.5757757787461031, 0.3961582338349209, 0.9115523593661133, 0.9298369986953142, 0.9224496292822312, 0.9436529555656209, 0.49794385938978264, 0.06303291046256705, 0.9247348573179188, 0.5940659060913498, 0.9193470792017563, 0.8196473094722357, 0.062408237693101956, 0.04854312873920888, 0.3387469744610675]
Iteration 26: [0.9351487213957622, 0.3109199863346221, 0.8276488575912462, 0.6201372134097637, 0.9224893652053385, 0.43305888648105806, 0.3961582338349209, 0.9115523593661133, 0.9298369986953142, 0.9224496292822312, 0.9436529555656209, 0.4987954100342545, 0.06303291046256705, 0.9247348573179188, 0.5940659060913498, 0.9193470792017563, 0.8196473094722357, 0.062408237693101956, 0.04854312873920888, 0.3387469744610675]
Iteration 27: [0.9351487213957622, 0.3109199863346221, 0.5598352800096495, 0.6201372134097637, 0.9224893652053385, 0.43305888648105806, 0.3961582338349209, 0.9115523593661133, 0.9291694086161014, 0.9224496292822312, 0.9436529555656209, 0.4987954100342545, 0.06303291046256705, 0.9247348573179188, 0.5940659060913498, 0.9193470792017563, 0.8196473094722357, 0.062408237693101956, 0.04854312873920888, 0.3387469744610675]
Iteration 28: [0.9351487213957622, 0.3109199863346221, 0.5598352800096495, 0.6201372134097637, 0.9224893652053385, 0.43305888648105806, 0.3961582338349209, 0.9115523593661133, 0.9291694086161014, 0.9224496292822312, 0.9436529555656209, 0.4987954100342545, 0.06303291046256705, 0.9247348573179188, 0.5940659060913498, 0.9193470792017563, 0.8196473094722357, 0.062408237693101956, 0.04854312873920888, 0.3387469744610675]
Iteration 29: [0.9263860728835381, 0.3109199863346221, 0.5598352800096495, 0.6201372134097637, 0.9224893652053385, 0.43305888648105806, 0.3961582338349209, 0.9115523593661133, 0.9291694086161014, 0.9224496292822312, 0.9436529555656209, 0.4987954100342545, 0.06303291046256705, 0.9247348573179188, 0.5940659060913498, 0.9193470792017563, 0.8196473094722357, 0.062408237693101956, 0.04854312873920888, 0.3387469744610675]
Iteration 30: [0.9263860728835381, 0.3109199863346221, 0.5598352800096495, 0.6201372134097637, 0.9224893652053385, 0.43305888648105806, 0.3961582338349209, 0.9115523593661133, 0.9291694086161014, 0.9224496292822312, 0.9436529555656209, 0.4987954100342545, 0.06303291046256705, 0.9247348573179188, 0.5940659060913498, 0.9193470792017563, 0.8196473094722357, 0.062408237693101956, 0.04854312873920888, 0.07741740145598443]
Iteration 31: [0.9263860728835381, 0.3109199863346221, 0.5598352800096495, 0.6201372134097637, 0.9224893652053385, 0.43305888648105806, 0.3961582338349209, 0.9115523593661133, 0.9291694086161014, 0.9224496292822312, 0.9436529555656209, 0.4987954100342545, 0.06303291046256705, 0.9247348573179188, 0.5940659060913498, 0.9193470792017563, 0.8196473094722357, 0.062408237693101956, 0.04854312873920888, 0.07741740145598443]
Iteration 32: [0.924198570904291, 0.3109199863346221, 0.5598352800096495, 0.6201372134097637, 0.9224893652053385, 0.43305888648105806, 0.3961582338349209, 0.9115523593661133, 0.9291694086161014, 0.9224496292822312, 0.9436529555656209, 0.4987954100342545, 0.06303291046256705, 0.9247348573179188, 0.5940659060913498, 0.9193470792017563, 0.8196473094722357, 0.062408237693101956, 0.04854312873920888, 0.07741740145598443]
Iteration 33: [0.924198570904291, 0.3109199863346221, 0.5598352800096495, 0.6201372134097637, 0.9268125114296235, 0.43305888648105806, 0.3961582338349209, 0.8837414919748421, 0.9291694086161014, 0.9224496292822312, 0.9436529555656209, 0.4987954100342545, 0.06303291046256705, 0.9247348573179188, 0.5940659060913498, 0.9193470792017563, 0.8196473094722357, 0.062408237693101956, 0.04854312873920888, 0.07741740145598443]
Iteration 34: [0.924198570904291, 0.3109199863346221, 0.9192647947319748, 0.6201372134097637, 0.9268125114296235, 0.43305888648105806, 0.3961582338349209, 0.8837414919748421, 0.9291694086161014, 0.9224496292822312, 0.9436529555656209, 0.4987954100342545, 0.06303291046256705, 0.9247348573179188, 0.5940659060913498, 0.9193470792017563, 0.8196473094722357, 0.062408237693101956, 0.04854312873920888, 0.07741740145598443]
Iteration 35: [0.924198570904291, 0.3109199863346221, 0.9192647947319748, 0.6201372134097637, 0.9268125114296235, 0.43305888648105806, 0.3961582338349209, 0.8837414919748421, 0.9291694086161014, 0.9224496292822312, 0.9436529555656209, 0.4987954100342545, 0.06303291046256705, 0.923735062606735, 0.5940659060913498, 0.9193470792017563, 0.8196473094722357, 0.062408237693101956, 0.04854312873920888, 0.07741740145598443]
Iteration 36: [0.924198570904291, 0.3109199863346221, 0.9192647947319748, 0.6201372134097637, 0.9268125114296235, 0.43305888648105806, 0.3961582338349209, 0.8837414919748421, 0.9291694086161014, 0.9224496292822312, 0.9436529555656209, 0.4987954100342545, 0.06303291046256705, 0.923735062606735, 0.5940659060913498, 0.9193470792017563, 0.8196473094722357, 0.062408237693101956, 0.04854312873920888, 0.07741740145598443]
Iteration 37: [0.924198570904291, 0.3109199863346221, 0.9192647947319748, 0.6201372134097637, 0.9268125114296235, 0.43305888648105806, 0.3961582338349209, 0.9101651980695689, 0.9291694086161014, 0.9224496292822312, 0.9436529555656209, 0.4987954100342545, 0.06303291046256705, 0.923735062606735, 0.5940659060913498, 0.9193470792017563, 0.8196473094722357, 0.062408237693101956, 0.04854312873920888, 0.07741740145598443]
Iteration 38: [0.924198570904291, 0.3109199863346221, 0.9192647947319748, 0.6201372134097637, 0.9268125114296235, 0.43305888648105806, 0.3961582338349209, 0.9101651980695689, 0.9291694086161014, 0.9224496292822312, 0.9436529555656209, 0.4987954100342545, 0.06303291046256705, 0.923735062606735, 0.36319138275826435, 0.9193470792017563, 0.8196473094722357, 0.062408237693101956, 0.04854312873920888, 0.07741740145598443]
Iteration 39: [0.924198570904291, 0.3109199863346221, 0.9192647947319748, 0.6201372134097637, 0.9268125114296235, 0.43305888648105806, 0.3961582338349209, 0.9058887849636916, 0.9291694086161014, 0.9224496292822312, 0.9436529555656209, 0.4987954100342545, 0.06303291046256705, 0.923735062606735, 0.36319138275826435, 0.9193470792017563, 0.8196473094722357, 0.062408237693101956, 0.04854312873920888, 0.07741740145598443]
Iteration 40: [0.924198570904291, 0.07239862592109303, 0.9192647947319748, 0.6201372134097637, 0.9268125114296235, 0.43305888648105806, 0.3961582338349209, 0.9058887849636916, 0.9291694086161014, 0.9224496292822312, 0.9436529555656209, 0.4987954100342545, 0.06303291046256705, 0.923735062606735, 0.36319138275826435, 0.9193470792017563, 0.8196473094722357, 0.062408237693101956, 0.04854312873920888, 0.07741740145598443]
Iteration 41: [0.924198570904291, 0.07239862592109303, 0.9192647947319748, 0.6201372134097637, 0.9268125114296235, 0.43305888648105806, 0.3961582338349209, 0.9058887849636916, 0.9291694086161014, 0.9224496292822312, 0.9436529555656209, 0.4987954100342545, 0.06303291046256705, 0.923735062606735, 0.36319138275826435, 0.9193470792017563, 0.8196473094722357, 0.062408237693101956, 0.04854312873920888, 0.07741740145598443]
Iteration 42: [0.924198570904291, 0.07239862592109303, 0.9192647947319748, 0.6201372134097637, 0.9268125114296235, 0.43305888648105806, 0.3961582338349209, 0.9058887849636916, 0.9291694086161014, 0.9224496292822312, 0.9436529555656209, 0.4987954100342545, 0.06303291046256705, 0.923735062606735, 0.36319138275826435, 0.9193470792017563, 0.8196473094722357, 0.062408237693101956, 0.04854312873920888, 0.07741740145598443]
Iteration 43: [0.924198570904291, 0.07239862592109303, 0.9192647947319748, 0.6201372134097637, 0.5014536054824467, 0.43305888648105806, 0.3961582338349209, 0.9058887849636916, 0.9291694086161014, 0.9224496292822312, 0.9436529555656209, 0.4987954100342545, 0.06303291046256705, 0.923735062606735, 0.36319138275826435, 0.9193470792017563, 0.8196473094722357, 0.062408237693101956, 0.04854312873920888, 0.07741740145598443]
Iteration 44: [0.924198570904291, 0.07239862592109303, 0.9192647947319748, 0.6201372134097637, 0.49790773605357413, 0.43305888648105806, 0.3961582338349209, 0.9058887849636916, 0.9291694086161014, 0.9224496292822312, 0.9436529555656209, 0.4987954100342545, 0.06303291046256705, 0.923735062606735, 0.36319138275826435, 0.9193470792017563, 0.8196473094722357, 0.062408237693101956, 0.04854312873920888, 0.07741740145598443]
Iteration 45: [0.924198570904291, 0.07239862592109303, 0.9192647947319748, 0.6201372134097637, 0.49790773605357413, 0.43305888648105806, 0.3961582338349209, 0.9058887849636916, 0.9291694086161014, 0.9224496292822312, 0.9436529555656209, 0.4987954100342545, 0.06303291046256705, 0.923735062606735, 0.36319138275826435, 0.9193470792017563, 0.8196473094722357, 0.062408237693101956, 0.04854312873920888, 0.07741740145598443]
Iteration 46: [0.924198570904291, 0.07239862592109303, 0.9192647947319748, 0.9281293977805608, 0.49790773605357413, 0.43305888648105806, 0.3961582338349209, 0.9058887849636916, 0.9291694086161014, 0.9224496292822312, 0.9436529555656209, 0.4987954100342545, 0.06303291046256705, 0.923735062606735, 0.36319138275826435, 0.9193470792017563, 0.8196473094722357, 0.062408237693101956, 0.04854312873920888, 0.07741740145598443]
Iteration 47: [0.924198570904291, 0.07239862592109303, 0.9192647947319748, 0.9281293977805608, 0.49790773605357413, 0.43305888648105806, 0.3961582338349209, 0.9058887849636916, 0.9291694086161014, 0.9224496292822312, 0.9436529555656209, 0.4987954100342545, 0.06303291046256705, 0.923735062606735, 0.36319138275826435, 0.9193470792017563, 0.8196473094722357, 0.062408237693101956, 0.04854312873920888, 0.07741740145598443]
Iteration 48: [0.924198570904291, 0.07239862592109303, 0.9192647947319748, 0.9281293977805608, 0.49790773605357413, 0.43305888648105806, 0.3961582338349209, 0.9058887849636916, 0.9291694086161014, 0.9224496292822312, 0.9436529555656209, 0.4987954100342545, 0.06303291046256705, 0.923735062606735, 0.36319138275826435, 0.9193470792017563, 0.8196473094722357, 0.062408237693101956, 0.04854312873920888, 0.07741740145598443]
Iteration 49: [0.924198570904291, 0.07239862592109303, 0.9192647947319748, 0.9281293977805608, 0.49790773605357413, 0.43305888648105806, 0.3961582338349209, 0.9058887849636916, 0.9291694086161014, 0.9224496292822312, 0.9436529555656209, 0.4987954100342545, 0.06303291046256705, 0.923735062606735, 0.36319138275826435, 0.9193470792017563, 0.8196473094722357, 0.062408237693101956, 0.04854312873920888, 0.07741740145598443]
Iteration 50: [0.924198570904291, 0.07239862592109303, 0.9192647947319748, 0.9281293977805608, 0.49790773605357413, 0.43305888648105806, 0.3961582338349209, 0.9058887849636916, 0.9291694086161014, 0.9224496292822312, 0.9436529555656209, 0.4987954100342545, 0.06303291046256705, 0.923735062606735, 0.36319138275826435, 0.9193470792017563, 0.8196473094722357, 0.062408237693101956, 0.04854312873920888, 0.07741740145598443]
Iteration 51: [0.924198570904291, 0.07239862592109303, 0.9192647947319748, 0.9281293977805608, 0.49790773605357413, 0.43305888648105806, 0.3961582338349209, 0.9058887849636916, 0.9291694086161014, 0.9224496292822312, 0.9436529555656209, 0.4987954100342545, 0.06303291046256705, 0.923735062606735, 0.36319138275826435, 0.9193470792017563, 0.8196473094722357, 0.062408237693101956, 0.04854312873920888, 0.07741740145598443]
Iteration 52: [0.924198570904291, 0.07239862592109303, 0.9192647947319748, 0.9281293977805608, 0.49790773605357413, 0.43305888648105806, 0.3961582338349209, 0.9058887849636916, 0.5832441847443597, 0.9224496292822312, 0.9436529555656209, 0.4987954100342545, 0.06303291046256705, 0.923735062606735, 0.36319138275826435, 0.9193470792017563, 0.8196473094722357, 0.062408237693101956, 0.04854312873920888, 0.07741740145598443]
Iteration 53: [0.924198570904291, 0.07239862592109303, 0.9192647947319748, 0.9281293977805608, 0.49790773605357413, 0.43305888648105806, 0.3961582338349209, 0.9058887849636916, 0.5832441847443597, 0.9224496292822312, 0.9436529555656209, 0.4987954100342545, 0.06303291046256705, 0.923735062606735, 0.36319138275826435, 0.9193470792017563, 0.8196473094722357, 0.062408237693101956, 0.04854312873920888, 0.07741740145598443]
Iteration 54: [0.924198570904291, 0.07239862592109303, 0.9192647947319748, 0.9014408010398635, 0.49790773605357413, 0.43305888648105806, 0.3961582338349209, 0.9058887849636916, 0.5832441847443597, 0.9224496292822312, 0.9436529555656209, 0.4987954100342545, 0.06303291046256705, 0.923735062606735, 0.36319138275826435, 0.9193470792017563, 0.8196473094722357, 0.062408237693101956, 0.04854312873920888, 0.07741740145598443]
Iteration 55: [0.924198570904291, 0.07239862592109303, 0.9192647947319748, 0.9014408010398635, 0.49790773605357413, 0.43305888648105806, 0.3961582338349209, 0.9058887849636916, 0.5832441847443597, 0.9224496292822312, 0.9436529555656209, 0.4987954100342545, 0.06303291046256705, 0.923735062606735, 0.36319138275826435, 0.9193470792017563, 0.8196473094722357, 0.062408237693101956, 0.04854312873920888, 0.07741740145598443]
Iteration 56: [0.924198570904291, 0.07239862592109303, 0.9192647947319748, 0.9014408010398635, 0.49790773605357413, 0.43305888648105806, 0.3961582338349209, 0.9058887849636916, 0.5832441847443597, 0.8738568981966761, 0.9436529555656209, 0.4987954100342545, 0.06303291046256705, 0.923735062606735, 0.36319138275826435, 0.9193470792017563, 0.8196473094722357, 0.062408237693101956, 0.04854312873920888, 0.07741740145598443]
Iteration 57: [0.924198570904291, 0.07239862592109303, 0.9192647947319748, 0.9014408010398635, 0.49790773605357413, 0.43305888648105806, 0.3961582338349209, 0.9058887849636916, 0.5832441847443597, 0.8738568981966761, 0.9436529555656209, 0.4987954100342545, 0.06303291046256705, 0.923735062606735, 0.36319138275826435, 0.9193470792017563, 0.8196473094722357, 0.062408237693101956, 0.04854312873920888, 0.07741740145598443]
Iteration 58: [0.924198570904291, 0.07239862592109303, 0.9192647947319748, 0.9014408010398635, 0.49790773605357413, 0.43305888648105806, 0.3961582338349209, 0.9058887849636916, 0.5832441847443597, 0.8738568981966761, 0.9436529555656209, 0.4987954100342545, 0.06303291046256705, 0.923735062606735, 0.36319138275826435, 0.9193470792017563, 0.8196473094722357, 0.062408237693101956, 0.04854312873920888, 0.07741740145598443]
Iteration 59: [0.924198570904291, 0.07239862592109303, 0.9192647947319748, 0.9014408010398635, 0.49790773605357413, 0.43305888648105806, 0.3961582338349209, 0.9058887849636916, 0.5832441847443597, 0.8738568981966761, 0.9436529555656209, 0.4987954100342545, 0.06303291046256705, 0.923735062606735, 0.36319138275826435, 0.9193470792017563, 0.8196473094722357, 0.062408237693101956, 0.04854312873920888, 0.07741740145598443]
Iteration 60: [0.924198570904291, 0.07239862592109303, 0.9192647947319748, 0.9014408010398635, 0.49790773605357413, 0.43305888648105806, 0.3961582338349209, 0.9058887849636916, 0.5832441847443597, 0.8738568981966761, 0.9436529555656209, 0.4987954100342545, 0.06303291046256705, 0.923735062606735, 0.36319138275826435, 0.9193470792017563, 0.8196473094722357, 0.062408237693101956, 0.04854312873920888, 0.07741740145598443]
Iteration 61: [0.924198570904291, 0.07239862592109303, 0.9192647947319748, 0.9014408010398635, 0.49790773605357413, 0.43305888648105806, 0.3961582338349209, 0.9058887849636916, 0.5832441847443597, 0.8738568981966761, 0.9436529555656209, 0.4987954100342545, 0.06303291046256705, 0.48585275891049773, 0.36319138275826435, 0.9193470792017563, 0.8196473094722357, 0.062408237693101956, 0.04854312873920888, 0.07741740145598443]
Iteration 62: [0.924198570904291, 0.07239862592109303, 0.9192647947319748, 0.9014408010398635, 0.49790773605357413, 0.43305888648105806, 0.3961582338349209, 0.9058887849636916, 0.5832441847443597, 0.8738568981966761, 0.9436529555656209, 0.4987954100342545, 0.06303291046256705, 0.48585275891049773, 0.36319138275826435, 0.4918878339082191, 0.8196473094722357, 0.062408237693101956, 0.04854312873920888, 0.07741740145598443]
Iteration 63: [0.9378271959422535, 0.07239862592109303, 0.7770147585334636, 0.9014408010398635, 0.49790773605357413, 0.43305888648105806, 0.3961582338349209, 0.9058887849636916, 0.5832441847443597, 0.8738568981966761, 0.9436529555656209, 0.4987954100342545, 0.06303291046256705, 0.48585275891049773, 0.36319138275826435, 0.4918878339082191, 0.8196473094722357, 0.062408237693101956, 0.04854312873920888, 0.07741740145598443]
Iteration 64: [0.9378271959422535, 0.07239862592109303, 0.7770147585334636, 0.9014408010398635, 0.49790773605357413, 0.43305888648105806, 0.3961582338349209, 0.9058887849636916, 0.5832441847443597, 0.8738568981966761, 0.9436529555656209, 0.4987954100342545, 0.06303291046256705, 0.48585275891049773, 0.9167553110634602, 0.4918878339082191, 0.8196473094722357, 0.062408237693101956, 0.04854312873920888, 0.07741740145598443]
Iteration 65: [0.9378271959422535, 0.07239862592109303, 0.7770147585334636, 0.9014408010398635, 0.49790773605357413, 0.43305888648105806, 0.3961582338349209, 0.9058887849636916, 0.5832441847443597, 0.8738568981966761, 0.9436529555656209, 0.4987954100342545, 0.06303291046256705, 0.48585275891049773, 0.9167553110634602, 0.4918878339082191, 0.8196473094722357, 0.062408237693101956, 0.04854312873920888, 0.07741740145598443]
Iteration 66: [0.9378271959422535, 0.07239862592109303, 0.7770147585334636, 0.9014408010398635, 0.49790773605357413, 0.43305888648105806, 0.3961582338349209, 0.9058887849636916, 0.5832441847443597, 0.8738568981966761, 0.9436529555656209, 0.4987954100342545, 0.06303291046256705, 0.48585275891049773, 0.9167553110634602, 0.4918878339082191, 0.8196473094722357, 0.062408237693101956, 0.04854312873920888, 0.07741740145598443]
Iteration 67: [0.9378271959422535, 0.07239862592109303, 0.7770147585334636, 0.9014408010398635, 0.49790773605357413, 0.43305888648105806, 0.3961582338349209, 0.9058887849636916, 0.5832441847443597, 0.8738568981966761, 0.9436529555656209, 0.4987954100342545, 0.06303291046256705, 0.48585275891049773, 0.9167553110634602, 0.4918878339082191, 0.8196473094722357, 0.062408237693101956, 0.04854312873920888, 0.07741740145598443]
Iteration 68: [0.9378271959422535, 0.07239862592109303, 0.7770147585334636, 0.9014408010398635, 0.49790773605357413, 0.43305888648105806, 0.3961582338349209, 0.9058887849636916, 0.5832441847443597, 0.8738568981966761, 0.9436529555656209, 0.4987954100342545, 0.06303291046256705, 0.48585275891049773, 0.9167553110634602, 0.4918878339082191, 0.8196473094722357, 0.062408237693101956, 0.04854312873920888, 0.07741740145598443]
Iteration 69: [0.9378271959422535, 0.07239862592109303, 0.7770147585334636, 0.9014408010398635, 0.49790773605357413, 0.43305888648105806, 0.3961582338349209, 0.9058887849636916, 0.5832441847443597, 0.8738568981966761, 0.9436529555656209, 0.4990576534163872, 0.06303291046256705, 0.48585275891049773, 0.9167553110634602, 0.4918878339082191, 0.8196473094722357, 0.062408237693101956, 0.04854312873920888, 0.07741740145598443]
Iteration 70: [0.9378271959422535, 0.07239862592109303, 0.7770147585334636, 0.9014408010398635, 0.49790773605357413, 0.43305888648105806, 0.3961582338349209, 0.9058887849636916, 0.5832441847443597, 0.8738568981966761, 0.9436529555656209, 0.4990576534163872, 0.06303291046256705, 0.48585275891049773, 0.9167553110634602, 0.4918878339082191, 0.8196473094722357, 0.062408237693101956, 0.04854312873920888, 0.07741740145598443]
Iteration 71: [0.9378271959422535, 0.07239862592109303, 0.7770147585334636, 0.9014408010398635, 0.49790773605357413, 0.43305888648105806, 0.3961582338349209, 0.9058887849636916, 0.5832441847443597, 0.8738568981966761, 0.9436529555656209, 0.4990576534163872, 0.06303291046256705, 0.48585275891049773, 0.9167553110634602, 0.4918878339082191, 0.8196473094722357, 0.062408237693101956, 0.04854312873920888, 0.07741740145598443]
Iteration 72: [0.9378271959422535, 0.07239862592109303, 0.7770147585334636, 0.9014408010398635, 0.49790773605357413, 0.43305888648105806, 0.3961582338349209, 0.9058887849636916, 0.5832441847443597, 0.8738568981966761, 0.9436529555656209, 0.4990576534163872, 0.06303291046256705, 0.48585275891049773, 0.9167553110634602, 0.4918878339082191, 0.8196473094722357, 0.062408237693101956, 0.04854312873920888, 0.07095729651653364]
Iteration 73: [0.9378271959422535, 0.07239862592109303, 0.7770147585334636, 0.9014408010398635, 0.49790773605357413, 0.43305888648105806, 0.3961582338349209, 0.9058887849636916, 0.5832441847443597, 0.8738568981966761, 0.9436529555656209, 0.4990576534163872, 0.06303291046256705, 0.48585275891049773, 0.9167553110634602, 0.4918878339082191, 0.8196473094722357, 0.062408237693101956, 0.04854312873920888, 0.07095729651653364]
Iteration 74: [0.9378271959422535, 0.07239862592109303, 0.7770147585334636, 0.9014408010398635, 0.49790773605357413, 0.43305888648105806, 0.3961582338349209, 0.9058887849636916, 0.5832441847443597, 0.8738568981966761, 0.9436529555656209, 0.4990576534163872, 0.06303291046256705, 0.48585275891049773, 0.9167553110634602, 0.4918878339082191, 0.8196473094722357, 0.062408237693101956, 0.04854312873920888, 0.07095729651653364]
Iteration 75: [0.9378271959422535, 0.07239862592109303, 0.7770147585334636, 0.9014408010398635, 0.49790773605357413, 0.43305888648105806, 0.3961582338349209, 0.9058887849636916, 0.5832441847443597, 0.8738568981966761, 0.9436529555656209, 0.4990576534163872, 0.06303291046256705, 0.48585275891049773, 0.9167553110634602, 0.4918878339082191, 0.8196473094722357, 0.062408237693101956, 0.04854312873920888, 0.07095729651653364]
Iteration 76: [0.9378271959422535, 0.07239862592109303, 0.7770147585334636, 0.9014408010398635, 0.49790773605357413, 0.43305888648105806, 0.3961582338349209, 0.9058887849636916, 0.5832441847443597, 0.8738568981966761, 0.9436529555656209, 0.4990576534163872, 0.06303291046256705, 0.48585275891049773, 0.9167553110634602, 0.48967493735494877, 0.8196473094722357, 0.062408237693101956, 0.04854312873920888, 0.07095729651653364]
Iteration 77: [0.9378271959422535, 0.07239862592109303, 0.7770147585334636, 0.9014408010398635, 0.49790773605357413, 0.43305888648105806, 0.3961582338349209, 0.9058887849636916, 0.5832441847443597, 0.8738568981966761, 0.9436529555656209, 0.4990576534163872, 0.06303291046256705, 0.48585275891049773, 0.9167553110634602, 0.48967493735494877, 0.8196473094722357, 0.062408237693101956, 0.04854312873920888, 0.07095729651653364]
Iteration 78: [0.9378271959422535, 0.07239862592109303, 0.7770147585334636, 0.9014408010398635, 0.49790773605357413, 0.43305888648105806, 0.3961582338349209, 0.9058887849636916, 0.5832441847443597, 0.8738568981966761, 0.9436529555656209, 0.4990576534163872, 0.06303291046256705, 0.48585275891049773, 0.9167553110634602, 0.48967493735494877, 0.8196473094722357, 0.062408237693101956, 0.04854312873920888, 0.07095729651653364]
Iteration 79: [0.9378271959422535, 0.07239862592109303, 0.7770147585334636, 0.9014408010398635, 0.49790773605357413, 0.43305888648105806, 0.3961582338349209, 0.9058887849636916, 0.5832441847443597, 0.8738568981966761, 0.9436529555656209, 0.4990576534163872, 0.06303291046256705, 0.48585275891049773, 0.9167553110634602, 0.48967493735494877, 0.8196473094722357, 0.062408237693101956, 0.04854312873920888, 0.07095729651653364]
Iteration 80: [0.9378271959422535, 0.07239862592109303, 0.7770147585334636, 0.9014408010398635, 0.49790773605357413, 0.43305888648105806, 0.3961582338349209, 0.9058887849636916, 0.5832441847443597, 0.8738568981966761, 0.9436529555656209, 0.4990576534163872, 0.06333072079244546, 0.48585275891049773, 0.9167553110634602, 0.48967493735494877, 0.8196473094722357, 0.062408237693101956, 0.04854312873920888, 0.08259483818088334]
Iteration 81: [0.9378271959422535, 0.07239862592109303, 0.7770147585334636, 0.9014408010398635, 0.49790773605357413, 0.43305888648105806, 0.3961582338349209, 0.9058887849636916, 0.5832441847443597, 0.8738568981966761, 0.9436529555656209, 0.4990576534163872, 0.06333072079244546, 0.48585275891049773, 0.9167553110634602, 0.48967493735494877, 0.8196473094722357, 0.062408237693101956, 0.04854312873920888, 0.08259483818088334]
Iteration 82: [0.9378271959422535, 0.07239862592109303, 0.7770147585334636, 0.9014408010398635, 0.49790773605357413, 0.43305888648105806, 0.3961582338349209, 0.9058887849636916, 0.5832441847443597, 0.8738568981966761, 0.9436529555656209, 0.4990576534163872, 0.06333072079244546, 0.48585275891049773, 0.9167553110634602, 0.48967493735494877, 0.8196473094722357, 0.062408237693101956, 0.04854312873920888, 0.08259483818088334]
Iteration 83: [0.9378271959422535, 0.07239862592109303, 0.7770147585334636, 0.9014408010398635, 0.49790773605357413, 0.43305888648105806, 0.3961582338349209, 0.9058887849636916, 0.5832441847443597, 0.8738568981966761, 0.9436529555656209, 0.4990576534163872, 0.06333072079244546, 0.48585275891049773, 0.9167553110634602, 0.48967493735494877, 0.8196473094722357, 0.062408237693101956, 0.04854312873920888, 0.08259483818088334]
Iteration 84: [0.9378271959422535, 0.07239862592109303, 0.7770147585334636, 0.9014408010398635, 0.49790773605357413, 0.43305888648105806, 0.3961582338349209, 0.9058887849636916, 0.5832441847443597, 0.9153097756443329, 0.9436529555656209, 0.4990576534163872, 0.06333072079244546, 0.48585275891049773, 0.9167553110634602, 0.48967493735494877, 0.8196473094722357, 0.062408237693101956, 0.04854312873920888, 0.08259483818088334]
Iteration 85: [0.9378271959422535, 0.07239862592109303, 0.7770147585334636, 0.9014408010398635, 0.49790773605357413, 0.43305888648105806, 0.3961582338349209, 0.9058887849636916, 0.5832441847443597, 0.9153097756443329, 0.9436529555656209, 0.4990576534163872, 0.06333072079244546, 0.48585275891049773, 0.9167553110634602, 0.48967493735494877, 0.8196473094722357, 0.062408237693101956, 0.04854312873920888, 0.08259483818088334]
Iteration 86: [0.9378271959422535, 0.07239862592109303, 0.7770147585334636, 0.9014408010398635, 0.49790773605357413, 0.43305888648105806, 0.3961582338349209, 0.9058887849636916, 0.5832441847443597, 0.9153097756443329, 0.9436529555656209, 0.4990576534163872, 0.06333072079244546, 0.48585275891049773, 0.9167553110634602, 0.48967493735494877, 0.8196473094722357, 0.062408237693101956, 0.04854312873920888, 0.08259483818088334]
Iteration 87: [0.9378271959422535, 0.07239862592109303, 0.7770147585334636, 0.9014408010398635, 0.49790773605357413, 0.43305888648105806, 0.3961582338349209, 0.9058887849636916, 0.5832441847443597, 0.9153097756443329, 0.9436529555656209, 0.4990576534163872, 0.06333072079244546, 0.48585275891049773, 0.9167553110634602, 0.4957808889760537, 0.8196473094722357, 0.062408237693101956, 0.04854312873920888, 0.08259483818088334]
Iteration 88: [0.9378271959422535, 0.07239862592109303, 0.7770147585334636, 0.9014408010398635, 0.49790773605357413, 0.43305888648105806, 0.3961582338349209, 0.9058887849636916, 0.5832441847443597, 0.9153097756443329, 0.9436529555656209, 0.4990576534163872, 0.06333072079244546, 0.48585275891049773, 0.9167553110634602, 0.4957808889760537, 0.8196473094722357, 0.062408237693101956, 0.04854312873920888, 0.08259483818088334]
Iteration 89: [0.9378271959422535, 0.07239862592109303, 0.7770147585334636, 0.9014408010398635, 0.49790773605357413, 0.43305888648105806, 0.3961582338349209, 0.9058887849636916, 0.5832441847443597, 0.9153097756443329, 0.9436529555656209, 0.4990576534163872, 0.06333072079244546, 0.48585275891049773, 0.9167553110634602, 0.4957808889760537, 0.8196473094722357, 0.062408237693101956, 0.04854312873920888, 0.08259483818088334]
Iteration 90: [0.9378271959422535, 0.07239862592109303, 0.7770147585334636, 0.9014408010398635, 0.49790773605357413, 0.43305888648105806, 0.3961582338349209, 0.9058887849636916, 0.5832441847443597, 0.9153097756443329, 0.9436529555656209, 0.4934298500873528, 0.06333072079244546, 0.48585275891049773, 0.9167553110634602, 0.4957808889760537, 0.8196473094722357, 0.062408237693101956, 0.04854312873920888, 0.08259483818088334]
Iteration 91: [0.9378271959422535, 0.07239862592109303, 0.7770147585334636, 0.9014408010398635, 0.49790773605357413, 0.43305888648105806, 0.3961582338349209, 0.9058887849636916, 0.5832441847443597, 0.9153097756443329, 0.9436529555656209, 0.4934298500873528, 0.06333072079244546, 0.48585275891049773, 0.9167553110634602, 0.4957808889760537, 0.8196473094722357, 0.062408237693101956, 0.04854312873920888, 0.08259483818088334]
Iteration 92: [0.9378271959422535, 0.07239862592109303, 0.7770147585334636, 0.9014408010398635, 0.49790773605357413, 0.43305888648105806, 0.3961582338349209, 0.9058887849636916, 0.5832441847443597, 0.9153097756443329, 0.9436529555656209, 0.4934298500873528, 0.06333072079244546, 0.48585275891049773, 0.9167553110634602, 0.4957808889760537, 0.8196473094722357, 0.062408237693101956, 0.04854312873920888, 0.08259483818088334]
Iteration 93: [0.9378271959422535, 0.07239862592109303, 0.7770147585334636, 0.9014408010398635, 0.5009750321158591, 0.43305888648105806, 0.3961582338349209, 0.9058887849636916, 0.5832441847443597, 0.9153097756443329, 0.9436529555656209, 0.4934298500873528, 0.06333072079244546, 0.48585275891049773, 0.9167553110634602, 0.4957808889760537, 0.8196473094722357, 0.062408237693101956, 0.04854312873920888, 0.08259483818088334]
Iteration 94: [0.9378271959422535, 0.07239862592109303, 0.7770147585334636, 0.9014408010398635, 0.5009750321158591, 0.43305888648105806, 0.3961582338349209, 0.9058887849636916, 0.5832441847443597, 0.9153097756443329, 0.9436529555656209, 0.4934298500873528, 0.06333072079244546, 0.48585275891049773, 0.9167553110634602, 0.4957808889760537, 0.8196473094722357, 0.062408237693101956, 0.049275955976029434, 0.08259483818088334]
Iteration 95: [0.9378271959422535, 0.07239862592109303, 0.7770147585334636, 0.9014408010398635, 0.5009750321158591, 0.43305888648105806, 0.3961582338349209, 0.9058887849636916, 0.5832441847443597, 0.9153097756443329, 0.9436529555656209, 0.4934298500873528, 0.06333072079244546, 0.48585275891049773, 0.9167553110634602, 0.4957808889760537, 0.8196473094722357, 0.062408237693101956, 0.049275955976029434, 0.08259483818088334]
Iteration 96: [0.9378271959422535, 0.07239862592109303, 0.7770147585334636, 0.9014408010398635, 0.5009750321158591, 0.43305888648105806, 0.3961582338349209, 0.9058887849636916, 0.5832441847443597, 0.9153097756443329, 0.9436529555656209, 0.4934298500873528, 0.06333072079244546, 0.48585275891049773, 0.9167553110634602, 0.4957808889760537, 0.8196473094722357, 0.062408237693101956, 0.049275955976029434, 0.08259483818088334]
Iteration 97: [0.9378271959422535, 0.07239862592109303, 0.7770147585334636, 0.9014408010398635, 0.5009750321158591, 0.43305888648105806, 0.3961582338349209, 0.9058887849636916, 0.5832441847443597, 0.9153097756443329, 0.9436529555656209, 0.4934298500873528, 0.06333072079244546, 0.48585275891049773, 0.9167553110634602, 0.4957808889760537, 0.8196473094722357, 0.062408237693101956, 0.049275955976029434, 0.08293738376455757]
Iteration 98: [0.937780770260323, 0.07239862592109303, 0.7770147585334636, 0.9014408010398635, 0.5009750321158591, 0.43305888648105806, 0.3961582338349209, 0.9058887849636916, 0.5832441847443597, 0.9153097756443329, 0.9436529555656209, 0.4934298500873528, 0.06333072079244546, 0.48585275891049773, 0.9167553110634602, 0.4957808889760537, 0.8196473094722357, 0.062408237693101956, 0.049275955976029434, 0.08293738376455757]
Iteration 99: [0.937780770260323, 0.07239862592109303, 0.7770147585334636, 0.9014408010398635, 0.5009750321158591, 0.43305888648105806, 0.3961582338349209, 0.9058887849636916, 0.5832441847443597, 0.9153097756443329, 0.9436529555656209, 0.4934298500873528, 0.06333072079244546, 0.48585275891049773, 0.9167553110634602, 0.4957808889760537, 0.8196473094722357, 0.062408237693101956, 0.049275955976029434, 0.08293738376455757]
Iteration 100: [0.937780770260323, 0.07239862592109303, 0.7770147585334636, 0.49979874526572976, 0.5009750321158591, 0.43305888648105806, 0.3961582338349209, 0.9058887849636916, 0.5832441847443597, 0.9153097756443329, 0.9436529555656209, 0.4934298500873528, 0.06333072079244546, 0.48585275891049773, 0.9167553110634602, 0.4957808889760537, 0.8196473094722357, 0.062408237693101956, 0.049275955976029434, 0.08293738376455757]
Iteration 101: [0.937780770260323, 0.07239862592109303, 0.7770147585334636, 0.49979874526572976, 0.5009750321158591, 0.43305888648105806, 0.3961582338349209, 0.9058887849636916, 0.5832441847443597, 0.9153097756443329, 0.9436529555656209, 0.4934298500873528, 0.06333072079244546, 0.48585275891049773, 0.9167553110634602, 0.4957808889760537, 0.8196473094722357, 0.062408237693101956, 0.049275955976029434, 0.08293738376455757]
Iteration 102: [0.937780770260323, 0.07239862592109303, 0.7770147585334636, 0.49979874526572976, 0.5009750321158591, 0.43305888648105806, 0.3961582338349209, 0.9058887849636916, 0.5832441847443597, 0.9153097756443329, 0.9436529555656209, 0.4934298500873528, 0.06333072079244546, 0.48585275891049773, 0.9167553110634602, 0.4390790270871978, 0.8196473094722357, 0.062408237693101956, 0.049275955976029434, 0.08293738376455757]
Iteration 103: [0.937780770260323, 0.07239862592109303, 0.7770147585334636, 0.49979874526572976, 0.5009750321158591, 0.43305888648105806, 0.3961582338349209, 0.9058887849636916, 0.5832441847443597, 0.9153097756443329, 0.9436529555656209, 0.4934298500873528, 0.06333072079244546, 0.48585275891049773, 0.9167553110634602, 0.4390790270871978, 0.8196473094722357, 0.062408237693101956, 0.049275955976029434, 0.08293738376455757]
Iteration 104: [0.937780770260323, 0.07239862592109303, 0.7770147585334636, 0.49979874526572976, 0.5009750321158591, 0.43305888648105806, 0.3961582338349209, 0.9058887849636916, 0.5832441847443597, 0.9153097756443329, 0.9436529555656209, 0.4934298500873528, 0.06333072079244546, 0.48585275891049773, 0.9167553110634602, 0.4390790270871978, 0.8196473094722357, 0.062408237693101956, 0.049275955976029434, 0.08293738376455757]
Iteration 105: [0.937780770260323, 0.07239862592109303, 0.7770147585334636, 0.49979874526572976, 0.5009750321158591, 0.43305888648105806, 0.3961582338349209, 0.9058887849636916, 0.5832441847443597, 0.9153097756443329, 0.9436529555656209, 0.4934298500873528, 0.06333072079244546, 0.48585275891049773, 0.9167553110634602, 0.4390790270871978, 0.8196473094722357, 0.062408237693101956, 0.049275955976029434, 0.08293738376455757]
Iteration 106: [0.937780770260323, 0.07239862592109303, 0.7770147585334636, 0.49979874526572976, 0.5009750321158591, 0.43305888648105806, 0.3961582338349209, 0.9058887849636916, 0.5832441847443597, 0.9153097756443329, 0.9436529555656209, 0.4934298500873528, 0.06333072079244546, 0.48585275891049773, 0.9167553110634602, 0.4390790270871978, 0.8196473094722357, 0.062408237693101956, 0.049275955976029434, 0.08293738376455757]
Iteration 107: [0.937780770260323, 0.07239862592109303, 0.7770147585334636, 0.49979874526572976, 0.5009750321158591, 0.43305888648105806, 0.3961582338349209, 0.9058887849636916, 0.5832441847443597, 0.9153097756443329, 0.9436529555656209, 0.4934298500873528, 0.06333072079244546, 0.48585275891049773, 0.9167553110634602, 0.4390790270871978, 0.8196473094722357, 0.062408237693101956, 0.049275955976029434, 0.08293738376455757]
Iteration 108: [0.937780770260323, 0.07239862592109303, 0.7770147585334636, 0.49979874526572976, 0.5009750321158591, 0.43305888648105806, 0.3961582338349209, 0.9058887849636916, 0.5832441847443597, 0.9153097756443329, 0.9436529555656209, 0.4934298500873528, 0.06333072079244546, 0.48585275891049773, 0.9167553110634602, 0.4390790270871978, 0.8196473094722357, 0.062408237693101956, 0.049275955976029434, 0.08293738376455757]
Iteration 109: [0.937780770260323, 0.07239862592109303, 0.7770147585334636, 0.49979874526572976, 0.5009750321158591, 0.43305888648105806, 0.3961582338349209, 0.9058887849636916, 0.5832441847443597, 0.9153097756443329, 0.9436529555656209, 0.4934298500873528, 0.06333072079244546, 0.48585275891049773, 0.9167553110634602, 0.4390790270871978, 0.8196473094722357, 0.062408237693101956, 0.049275955976029434, 0.08293738376455757]
Iteration 110: [0.937780770260323, 0.07239862592109303, 0.7770147585334636, 0.49979874526572976, 0.5009750321158591, 0.43305888648105806, 0.3961582338349209, 0.9058887849636916, 0.5832441847443597, 0.9153097756443329, 0.9436529555656209, 0.4934298500873528, 0.06333072079244546, 0.48585275891049773, 0.9167553110634602, 0.4390790270871978, 0.8196473094722357, 0.062408237693101956, 0.049275955976029434, 0.08293738376455757]
Iteration 111: [0.937780770260323, 0.07239862592109303, 0.7770147585334636, 0.49979874526572976, 0.5009750321158591, 0.43305888648105806, 0.3961582338349209, 0.9058887849636916, 0.5832441847443597, 0.9153097756443329, 0.9436529555656209, 0.4934298500873528, 0.06333072079244546, 0.48585275891049773, 0.9167553110634602, 0.4390790270871978, 0.8196473094722357, 0.062408237693101956, 0.049275955976029434, 0.08293738376455757]
Iteration 112: [0.937780770260323, 0.07239862592109303, 0.7770147585334636, 0.49979874526572976, 0.5009750321158591, 0.43305888648105806, 0.3961582338349209, 0.9058887849636916, 0.5832441847443597, 0.9153097756443329, 0.9436529555656209, 0.4934298500873528, 0.06333072079244546, 0.48585275891049773, 0.9167553110634602, 0.4390790270871978, 0.8196473094722357, 0.062408237693101956, 0.049275955976029434, 0.08293738376455757]
Iteration 113: [0.937780770260323, 0.07239862592109303, 0.7770147585334636, 0.49979874526572976, 0.5009750321158591, 0.43305888648105806, 0.3961582338349209, 0.9058887849636916, 0.5832441847443597, 0.9153097756443329, 0.9436529555656209, 0.4934298500873528, 0.06333072079244546, 0.48585275891049773, 0.9167553110634602, 0.4390790270871978, 0.8196473094722357, 0.062408237693101956, 0.049275955976029434, 0.08293738376455757]
Iteration 114: [0.937780770260323, 0.07239862592109303, 0.7770147585334636, 0.49979874526572976, 0.5009750321158591, 0.43305888648105806, 0.3961582338349209, 0.9058887849636916, 0.5832441847443597, 0.9153097756443329, 0.9436529555656209, 0.4934298500873528, 0.06333072079244546, 0.48585275891049773, 0.9167553110634602, 0.4390790270871978, 0.8196473094722357, 0.062408237693101956, 0.049275955976029434, 0.08293738376455757]
Iteration 115: [0.937780770260323, 0.07239862592109303, 0.7770147585334636, 0.49979874526572976, 0.5009750321158591, 0.43305888648105806, 0.3961582338349209, 0.9058887849636916, 0.5832441847443597, 0.9153097756443329, 0.9436529555656209, 0.4934298500873528, 0.06333072079244546, 0.48585275891049773, 0.9167553110634602, 0.4390790270871978, 0.8196473094722357, 0.062408237693101956, 0.049275955976029434, 0.08293738376455757]
Iteration 116: [0.937780770260323, 0.07239862592109303, 0.7770147585334636, 0.49979874526572976, 0.5009750321158591, 0.43305888648105806, 0.3961582338349209, 0.9058887849636916, 0.5832441847443597, 0.9153097756443329, 0.9436529555656209, 0.4934298500873528, 0.06333072079244546, 0.48585275891049773, 0.9167553110634602, 0.4390790270871978, 0.8196473094722357, 0.062408237693101956, 0.049275955976029434, 0.08293738376455757]
Iteration 117: [0.937780770260323, 0.07239862592109303, 0.7770147585334636, 0.49979874526572976, 0.5009750321158591, 0.43305888648105806, 0.3961582338349209, 0.9058887849636916, 0.5832441847443597, 0.9153097756443329, 0.9436529555656209, 0.4934298500873528, 0.06333072079244546, 0.48585275891049773, 0.9167553110634602, 0.4390790270871978, 0.8196473094722357, 0.062408237693101956, 0.049275955976029434, 0.08293738376455757]
Iteration 118: [0.937780770260323, 0.07239862592109303, 0.7770147585334636, 0.49979874526572976, 0.5009750321158591, 0.43305888648105806, 0.3961582338349209, 0.9058887849636916, 0.5832441847443597, 0.9153097756443329, 0.9436529555656209, 0.4934298500873528, 0.06333072079244546, 0.48585275891049773, 0.9167553110634602, 0.4390790270871978, 0.8196473094722357, 0.062408237693101956, 0.049275955976029434, 0.08293738376455757]
Iteration 119: [0.937780770260323, 0.07239862592109303, 0.7770147585334636, 0.49979874526572976, 0.5009750321158591, 0.43305888648105806, 0.3961582338349209, 0.9058887849636916, 0.5832441847443597, 0.9153097756443329, 0.9436529555656209, 0.4934298500873528, 0.06333072079244546, 0.48585275891049773, 0.9167553110634602, 0.4390790270871978, 0.8196473094722357, 0.062408237693101956, 0.049275955976029434, 0.08293738376455757]
Iteration 120: [0.937780770260323, 0.07239862592109303, 0.7770147585334636, 0.49979874526572976, 0.5009750321158591, 0.43305888648105806, 0.3961582338349209, 0.9058887849636916, 0.5832441847443597, 0.9153097756443329, 0.9436529555656209, 0.4934298500873528, 0.06333072079244546, 0.48585275891049773, 0.9167553110634602, 0.4390790270871978, 0.8196473094722357, 0.062408237693101956, 0.049275955976029434, 0.08293738376455757]
Iteration 121: [0.937780770260323, 0.07239862592109303, 0.7770147585334636, 0.49979874526572976, 0.5009750321158591, 0.43305888648105806, 0.3961582338349209, 0.9058887849636916, 0.5832441847443597, 0.9153097756443329, 0.9436529555656209, 0.4934298500873528, 0.06333072079244546, 0.48585275891049773, 0.9167553110634602, 0.4390790270871978, 0.8196473094722357, 0.062408237693101956, 0.049275955976029434, 0.08293738376455757]
Iteration 122: [0.937780770260323, 0.07239862592109303, 0.7770147585334636, 0.5007878982240601, 0.5009750321158591, 0.43305888648105806, 0.3961582338349209, 0.9058887849636916, 0.5832441847443597, 0.9153097756443329, 0.9436529555656209, 0.4934298500873528, 0.06333072079244546, 0.48585275891049773, 0.9167553110634602, 0.4390790270871978, 0.8196473094722357, 0.062408237693101956, 0.049275955976029434, 0.08293738376455757]
Iteration 123: [0.937780770260323, 0.07239862592109303, 0.773795614756094, 0.5007878982240601, 0.5009750321158591, 0.43305888648105806, 0.3961582338349209, 0.9058887849636916, 0.5832441847443597, 0.9153097756443329, 0.9436529555656209, 0.4934298500873528, 0.06333072079244546, 0.48585275891049773, 0.9167553110634602, 0.4390790270871978, 0.8196473094722357, 0.062408237693101956, 0.049275955976029434, 0.08293738376455757]
Iteration 124: [0.937780770260323, 0.07239862592109303, 0.773795614756094, 0.5007878982240601, 0.5009750321158591, 0.43305888648105806, 0.3961582338349209, 0.9058887849636916, 0.5832441847443597, 0.9153097756443329, 0.9436529555656209, 0.4934298500873528, 0.06333072079244546, 0.48585275891049773, 0.9167553110634602, 0.4390790270871978, 0.8196473094722357, 0.062408237693101956, 0.049275955976029434, 0.08293738376455757]
Iteration 125: [0.937780770260323, 0.07239862592109303, 0.773795614756094, 0.5007878982240601, 0.5009750321158591, 0.43305888648105806, 0.3961582338349209, 0.9058887849636916, 0.5832441847443597, 0.9153097756443329, 0.9436529555656209, 0.4934298500873528, 0.06333072079244546, 0.48585275891049773, 0.9167553110634602, 0.4390790270871978, 0.8196473094722357, 0.062408237693101956, 0.049275955976029434, 0.08293738376455757]
Iteration 126: [0.937780770260323, 0.07239862592109303, 0.773795614756094, 0.5007878982240601, 0.5009750321158591, 0.43305888648105806, 0.3961582338349209, 0.9058887849636916, 0.5832441847443597, 0.9153097756443329, 0.9436529555656209, 0.4934298500873528, 0.06333072079244546, 0.48585275891049773, 0.9167553110634602, 0.4390790270871978, 0.8196473094722357, 0.062408237693101956, 0.049275955976029434, 0.08293738376455757]
Iteration 127: [0.937780770260323, 0.07239862592109303, 0.773795614756094, 0.5007878982240601, 0.5009750321158591, 0.43305888648105806, 0.3961582338349209, 0.9058887849636916, 0.5832441847443597, 0.9153097756443329, 0.9436529555656209, 0.4934298500873528, 0.06333072079244546, 0.48585275891049773, 0.9167553110634602, 0.4390790270871978, 0.8196473094722357, 0.062408237693101956, 0.049275955976029434, 0.08293738376455757]
Iteration 128: [0.937780770260323, 0.07239862592109303, 0.773795614756094, 0.5007878982240601, 0.5009750321158591, 0.43305888648105806, 0.3961582338349209, 0.9058887849636916, 0.5832441847443597, 0.9153097756443329, 0.9436529555656209, 0.4934298500873528, 0.06333072079244546, 0.48585275891049773, 0.9126525427515786, 0.4390790270871978, 0.8196473094722357, 0.062408237693101956, 0.049275955976029434, 0.08293738376455757]
Iteration 129: [0.937780770260323, 0.07239862592109303, 0.773795614756094, 0.5007878982240601, 0.5009750321158591, 0.43305888648105806, 0.3961582338349209, 0.9058887849636916, 0.5832441847443597, 0.9153097756443329, 0.9436529555656209, 0.4934298500873528, 0.06333072079244546, 0.48585275891049773, 0.9126525427515786, 0.4390790270871978, 0.8196473094722357, 0.062408237693101956, 0.049275955976029434, 0.08293738376455757]
Iteration 130: [0.937780770260323, 0.07239862592109303, 0.773795614756094, 0.5007878982240601, 0.5009750321158591, 0.43305888648105806, 0.3961582338349209, 0.9058887849636916, 0.5832441847443597, 0.9153097756443329, 0.9436529555656209, 0.4934298500873528, 0.06333072079244546, 0.48585275891049773, 0.9126525427515786, 0.4390790270871978, 0.8196473094722357, 0.062408237693101956, 0.049275955976029434, 0.08293738376455757]
Iteration 131: [0.937780770260323, 0.07239862592109303, 0.773795614756094, 0.5007878982240601, 0.5009750321158591, 0.43305888648105806, 0.3961582338349209, 0.9058887849636916, 0.5832441847443597, 0.9153097756443329, 0.9436529555656209, 0.4934298500873528, 0.06333072079244546, 0.48585275891049773, 0.9126525427515786, 0.4390790270871978, 0.8196473094722357, 0.062408237693101956, 0.049275955976029434, 0.08293738376455757]
Iteration 132: [0.937780770260323, 0.07239862592109303, 0.773795614756094, 0.5007878982240601, 0.5009750321158591, 0.43305888648105806, 0.3961582338349209, 0.9058887849636916, 0.5832441847443597, 0.9153097756443329, 0.9436529555656209, 0.4934298500873528, 0.06333072079244546, 0.48585275891049773, 0.9126525427515786, 0.4390790270871978, 0.8196473094722357, 0.062408237693101956, 0.049275955976029434, 0.08293738376455757]
Iteration 133: [0.937780770260323, 0.07239862592109303, 0.773795614756094, 0.5007878982240601, 0.5009750321158591, 0.43305888648105806, 0.3961582338349209, 0.9058887849636916, 0.5832441847443597, 0.9153097756443329, 0.9436529555656209, 0.4934298500873528, 0.06333072079244546, 0.48585275891049773, 0.9126525427515786, 0.4390790270871978, 0.8196473094722357, 0.062408237693101956, 0.049275955976029434, 0.08293738376455757]
Iteration 134: [0.937780770260323, 0.07239862592109303, 0.773795614756094, 0.5007878982240601, 0.5009750321158591, 0.43305888648105806, 0.3961582338349209, 0.9058887849636916, 0.5832441847443597, 0.9153097756443329, 0.9436529555656209, 0.4934298500873528, 0.06333072079244546, 0.48585275891049773, 0.9126525427515786, 0.4390790270871978, 0.8196473094722357, 0.062408237693101956, 0.049275955976029434, 0.08293738376455757]
Iteration 135: [0.937780770260323, 0.07239862592109303, 0.773795614756094, 0.5007878982240601, 0.5009750321158591, 0.43305888648105806, 0.3961582338349209, 0.9058887849636916, 0.5832441847443597, 0.9153097756443329, 0.9436529555656209, 0.4934298500873528, 0.06333072079244546, 0.48585275891049773, 0.9126525427515786, 0.4390790270871978, 0.8196473094722357, 0.062408237693101956, 0.04580587782081934, 0.08293738376455757]
Iteration 136: [0.937780770260323, 0.07239862592109303, 0.773795614756094, 0.5007878982240601, 0.5009750321158591, 0.43305888648105806, 0.3961582338349209, 0.9058887849636916, 0.5832441847443597, 0.9153097756443329, 0.9436529555656209, 0.4934298500873528, 0.06333072079244546, 0.48585275891049773, 0.9126525427515786, 0.4390790270871978, 0.8196473094722357, 0.062408237693101956, 0.04580587782081934, 0.08293738376455757]
Iteration 137: [0.937780770260323, 0.07239862592109303, 0.773795614756094, 0.5007878982240601, 0.5009750321158591, 0.43305888648105806, 0.3961582338349209, 0.9058887849636916, 0.5832441847443597, 0.9153097756443329, 0.9436529555656209, 0.4934298500873528, 0.06333072079244546, 0.48585275891049773, 0.9126525427515786, 0.4390790270871978, 0.8196473094722357, 0.062408237693101956, 0.04580587782081934, 0.08293738376455757]
Iteration 138: [0.937780770260323, 0.07239862592109303, 0.773795614756094, 0.5007878982240601, 0.5009750321158591, 0.43305888648105806, 0.3961582338349209, 0.9058887849636916, 0.5832441847443597, 0.9153097756443329, 0.9436529555656209, 0.4934298500873528, 0.06333072079244546, 0.48585275891049773, 0.9126525427515786, 0.5593556474026931, 0.8196473094722357, 0.062408237693101956, 0.04580587782081934, 0.08293738376455757]
Iteration 139: [0.937780770260323, 0.07239862592109303, 0.773795614756094, 0.5007878982240601, 0.5009750321158591, 0.43305888648105806, 0.3961582338349209, 0.9058887849636916, 0.5832441847443597, 0.9153097756443329, 0.9436529555656209, 0.4934298500873528, 0.06333072079244546, 0.48585275891049773, 0.9126525427515786, 0.5593556474026931, 0.8196473094722357, 0.062408237693101956, 0.04580587782081934, 0.08293738376455757]
Iteration 140: [0.937780770260323, 0.07239862592109303, 0.773795614756094, 0.5007878982240601, 0.5009750321158591, 0.43305888648105806, 0.3961582338349209, 0.9058887849636916, 0.5832441847443597, 0.9153097756443329, 0.9436529555656209, 0.4934298500873528, 0.06333072079244546, 0.48585275891049773, 0.9126525427515786, 0.4390790270871978, 0.8196473094722357, 0.062408237693101956, 0.04580587782081934, 0.08293738376455757]
Iteration 141: [0.937780770260323, 0.07239862592109303, 0.773795614756094, 0.5007878982240601, 0.5009750321158591, 0.43305888648105806, 0.3961582338349209, 0.9058887849636916, 0.5832441847443597, 0.9153097756443329, 0.9436529555656209, 0.4934298500873528, 0.06333072079244546, 0.48585275891049773, 0.9126525427515786, 0.4390790270871978, 0.8196473094722357, 0.062408237693101956, 0.04580587782081934, 0.08293738376455757]
Iteration 142: [0.937780770260323, 0.07239862592109303, 0.773795614756094, 0.5007878982240601, 0.5009750321158591, 0.43305888648105806, 0.3961582338349209, 0.9058887849636916, 0.7700269474407432, 0.9153097756443329, 0.9436529555656209, 0.49066822100996527, 0.06333072079244546, 0.48585275891049773, 0.9126525427515786, 0.4390790270871978, 0.8196473094722357, 0.062408237693101956, 0.04580587782081934, 0.08293738376455757]
Iteration 143: [0.937780770260323, 0.07239862592109303, 0.773795614756094, 0.5007878982240601, 0.5009750321158591, 0.43305888648105806, 0.3961582338349209, 0.9058887849636916, 0.7700269474407432, 0.9153097756443329, 0.9436529555656209, 0.49066822100996527, 0.06328186149409919, 0.48585275891049773, 0.9126525427515786, 0.4390790270871978, 0.8196473094722357, 0.062408237693101956, 0.04580587782081934, 0.08293738376455757]
Iteration 144: [0.937780770260323, 0.07239862592109303, 0.773795614756094, 0.5007878982240601, 0.5009750321158591, 0.43305888648105806, 0.3961582338349209, 0.9058887849636916, 0.7700269474407432, 0.9153097756443329, 0.9436529555656209, 0.49066822100996527, 0.06328186149409919, 0.48585275891049773, 0.9126525427515786, 0.4390790270871978, 0.8196473094722357, 0.062408237693101956, 0.04580587782081934, 0.08293738376455757]
Iteration 145: [0.937780770260323, 0.07239862592109303, 0.773795614756094, 0.5007878982240601, 0.5009750321158591, 0.43305888648105806, 0.3961582338349209, 0.9058887849636916, 0.7700269474407432, 0.9153097756443329, 0.9436529555656209, 0.49066822100996527, 0.06328186149409919, 0.48585275891049773, 0.9126525427515786, 0.4390790270871978, 0.8196473094722357, 0.062408237693101956, 0.04580587782081934, 0.08293738376455757]
Iteration 146: [0.937780770260323, 0.07239862592109303, 0.773795614756094, 0.5007878982240601, 0.5009750321158591, 0.43305888648105806, 0.3961582338349209, 0.9058887849636916, 0.7700269474407432, 0.9153097756443329, 0.9436529555656209, 0.49066822100996527, 0.06328186149409919, 0.48585275891049773, 0.9126525427515786, 0.4390790270871978, 0.8196473094722357, 0.062408237693101956, 0.04580587782081934, 0.08293738376455757]
Iteration 147: [0.937780770260323, 0.07239862592109303, 0.773795614756094, 0.5007878982240601, 0.5009750321158591, 0.43305888648105806, 0.3961582338349209, 0.9058887849636916, 0.7700269474407432, 0.9153097756443329, 0.9436529555656209, 0.49066822100996527, 0.06328186149409919, 0.48585275891049773, 0.9126525427515786, 0.4390790270871978, 0.8196473094722357, 0.062408237693101956, 0.04580587782081934, 0.08031575610063843]
Iteration 148: [0.937780770260323, 0.07239862592109303, 0.773795614756094, 0.5007878982240601, 0.5009750321158591, 0.43305888648105806, 0.3961582338349209, 0.9058887849636916, 0.7700269474407432, 0.9153097756443329, 0.9436529555656209, 0.49066822100996527, 0.0645803810564837, 0.48585275891049773, 0.9126525427515786, 0.4390790270871978, 0.8196473094722357, 0.062408237693101956, 0.04580587782081934, 0.08031575610063843]
Iteration 149: [0.937780770260323, 0.07239862592109303, 0.773795614756094, 0.5007878982240601, 0.5009750321158591, 0.43305888648105806, 0.3961582338349209, 0.9058887849636916, 0.7700269474407432, 0.9153097756443329, 0.9436529555656209, 0.49066822100996527, 0.0645803810564837, 0.48585275891049773, 0.9126525427515786, 0.4390790270871978, 0.8196473094722357, 0.062408237693101956, 0.04580587782081934, 0.08031575610063843]
Iteration 150: [0.937780770260323, 0.07239862592109303, 0.773795614756094, 0.4958609475785547, 0.5009750321158591, 0.43305888648105806, 0.3961582338349209, 0.9058887849636916, 0.7700269474407432, 0.9153097756443329, 0.9436529555656209, 0.49066822100996527, 0.0645803810564837, 0.48585275891049773, 0.9126525427515786, 0.4390790270871978, 0.8196473094722357, 0.062408237693101956, 0.04580587782081934, 0.08031575610063843]
